0.02916 0.97084
0.56649 0.43351
0.14745 0.85255
0.11652 0.88348
0.11652 0.88348
0.52440 0.47560
0.95267 0.04733
0.09860 0.90140
0.95983 0.04017
0.37056 0.62944
0.21947 0.78053
0.98741 0.01259
0.09986 0.90014
0.10388 0.89612
0.20747 0.79253
0.23142 0.76858
0.20529 0.79471
0.16158 0.83842
0.16158 0.83842
0.08583 0.91417
0.25111 0.74889
0.45511 0.54489
0.25111 0.74889
0.45511 0.54489
0.34478 0.65522
0.28011 0.71989
0.24652 0.75348
0.30449 0.69551
0.34478 0.65522
0.28011 0.71989
0.24652 0.75348
0.30449 0.69551
0.21415 0.78585
0.07679 0.92321
0.07129 0.92871
0.17329 0.82671
0.84064 0.15936
0.51076 0.48924
0.12307 0.87693
0.12134 0.87866
0.06305 0.93695
0.10493 0.89507
0.20462 0.79538
0.05822 0.94178
0.03398 0.96602
0.16437 0.83563
0.13314 0.86686
0.93822 0.06178
0.93406 0.06594
0.93906 0.06094
0.95945 0.04055
0.89214 0.10786
0.87926 0.12074
0.89214 0.10786
0.93261 0.06739
0.92346 0.07654
0.16289 0.83711
0.41797 0.58203
0.27545 0.72455
0.52001 0.47999
0.99512 0.00488
0.99436 0.00564
0.97407 0.02593
0.97136 0.02864
0.97873 0.02127
0.92153 0.07847
0.88725 0.11275
0.98222 0.01778
0.96019 0.03981
0.95768 0.04232
0.13932 0.86068
0.40837 0.59163
0.74613 0.25387
0.41896 0.58104
0.67995 0.32005
0.93394 0.06606
0.95842 0.04158
0.57446 0.42554
0.58630 0.41370
0.58630 0.41370
0.58630 0.41370
0.58630 0.41370
0.40301 0.59699
0.40301 0.59699
0.72849 0.27151
0.23314 0.76686
0.28996 0.71004
0.28996 0.71004
0.19986 0.80014
0.89097 0.10903
0.57235 0.42765
0.30650 0.69350
0.24537 0.75463
0.63745 0.36255
0.62879 0.37121
0.60005 0.39995
0.63779 0.36221
0.48420 0.51580
0.16082 0.83918
0.32896 0.67104
0.25657 0.74343
0.42982 0.57018
0.13684 0.86316
0.26631 0.73369
0.28706 0.71294
0.14782 0.85218
0.25133 0.74867
0.14557 0.85443
0.99974 0.00026
0.99986 0.00014
0.99971 0.00029
0.99912 0.00088
0.99988 0.00012
0.25001 0.74999
0.10566 0.89434
0.04053 0.95947
0.69218 0.30782
0.32310 0.67690
0.79247 0.20753
0.42744 0.57256
0.03408 0.96592
0.03673 0.96327
0.86464 0.13536
0.99915 0.00085
0.99961 0.00039
0.84665 0.15335
0.37216 0.62784
0.22453 0.77547
0.68278 0.31722
0.69383 0.30617
0.43777 0.56223
0.43777 0.56223
0.12708 0.87292
0.16123 0.83877
0.43875 0.56125
0.90063 0.09937
0.21477 0.78523
0.15657 0.84343
0.40857 0.59143
0.24095 0.75905
0.37563 0.62437
0.21081 0.78919
0.37563 0.62437
0.21081 0.78919
0.30055 0.69945
0.38891 0.61109
0.21882 0.78118
0.35209 0.64791
0.60923 0.39077
0.87007 0.12993
0.59244 0.40756
0.40833 0.59167
0.95310 0.04690
0.13212 0.86788
0.79120 0.20880
0.16829 0.83171
0.99781 0.00219
0.98106 0.01894
0.83519 0.16481
0.98485 0.01515
0.98586 0.01414
0.97380 0.02620
0.97875 0.02125
0.97841 0.02159
0.97380 0.02620
0.97299 0.02701
0.79806 0.20194
0.24646 0.75354
0.32425 0.67575
0.04155 0.95845
0.99210 0.00790
0.97117 0.02883
0.99279 0.00721
0.99305 0.00695
0.16821 0.83179
0.07346 0.92654
0.84516 0.15484
0.25717 0.74283
0.10992 0.89008
0.04697 0.95303
0.07513 0.92487
0.27534 0.72466
0.99631 0.00369
0.29134 0.70866
0.99976 0.00024
0.99482 0.00518
0.99010 0.00990
0.46527 0.53473
0.03934 0.96066
0.06186 0.93814
0.06195 0.93805
0.05338 0.94662
0.05309 0.94691
0.99896 0.00104
0.99896 0.00104
0.08613 0.91387
0.47772 0.52228
0.51797 0.48203
0.84744 0.15256
0.37030 0.62970
0.59030 0.40970
0.79713 0.20287
0.35732 0.64268
0.98160 0.01840
0.53968 0.46032
0.99475 0.00525
0.38716 0.61284
0.40251 0.59749
0.68311 0.31689
0.74368 0.25632
0.08003 0.91997
0.30387 0.69613
0.24958 0.75042
0.24958 0.75042
0.99258 0.00742
0.18968 0.81032
0.99463 0.00537
0.18968 0.81032
0.99993 0.00007
0.26823 0.73177
0.80490 0.19510
0.47337 0.52663
0.33300 0.66700
0.44368 0.55632
0.55880 0.44120
0.99999 0.00001
0.65694 0.34306
0.99990 0.00010
0.99994 0.00006
0.99984 0.00016
0.99983 0.00017
0.99848 0.00152
0.24267 0.75733
0.95731 0.04269
0.82006 0.17994
0.28087 0.71913
0.26094 0.73906
0.29453 0.70547
0.95073 0.04927
0.64712 0.35288
0.98934 0.01066
0.64712 0.35288
0.98934 0.01066
0.07351 0.92649
0.16288 0.83712
0.97976 0.02024
0.16039 0.83961
0.13397 0.86603
0.15147 0.84853
0.09155 0.90845
0.72585 0.27415
0.90945 0.09055
0.99378 0.00622
0.90945 0.09055
0.99877 0.00123
0.96712 0.03288
0.51053 0.48947
0.38708 0.61292
0.98230 0.01770
0.98230 0.01770
0.85416 0.14584
0.85416 0.14584
0.25947 0.74053
0.23472 0.76528
0.82551 0.17449
0.05248 0.94752
0.04757 0.95243
0.16059 0.83941
0.14697 0.85303
0.34150 0.65850
0.31996 0.68004
0.99828 0.00172
0.69869 0.30131
0.42514 0.57486
0.41148 0.58852
0.98730 0.01270
0.50587 0.49413
0.18508 0.81492
0.86084 0.13916
0.66211 0.33789
0.69962 0.30038
0.46804 0.53196
0.69962 0.30038
0.46804 0.53196
0.15110 0.84890
0.94552 0.05448
0.11496 0.88504
0.83416 0.16584
0.83416 0.16584
0.63888 0.36112
0.28103 0.71897
0.70835 0.29165
0.99976 0.00024
1.00000 0.00000
0.95626 0.04374
0.50742 0.49258
0.48701 0.51299
0.99957 0.00043
0.67962 0.32038
0.67962 0.32038
0.99923 0.00077
0.99959 0.00041
0.67962 0.32038
0.67962 0.32038
0.99907 0.00093
0.12136 0.87864
0.11461 0.88539
0.98624 0.01376
0.26548 0.73452
0.73802 0.26198
0.78814 0.21186
0.67067 0.32933
0.74712 0.25288
0.75771 0.24229
0.69505 0.30495
0.92758 0.07242
0.91886 0.08114
0.66151 0.33849
0.66151 0.33849
0.66151 0.33849
0.66151 0.33849
0.43613 0.56387
0.20938 0.79062
0.20938 0.79062
0.62676 0.37324
0.27801 0.72199
0.99856 0.00144
0.48913 0.51087
0.16465 0.83535
0.16465 0.83535
0.10798 0.89202
0.94348 0.05652
0.94179 0.05821
0.15875 0.84125
0.11456 0.88544
0.09798 0.90202
0.14945 0.85055
0.12904 0.87096
0.30639 0.69361
0.30639 0.69361
0.14387 0.85613
0.33857 0.66143
0.32817 0.67183
0.12439 0.87561
0.51817 0.48183
0.87572 0.12428
0.99634 0.00366
0.99685 0.00315
0.05801 0.94199
0.92594 0.07406
0.99461 0.00539
0.99378 0.00622
0.90012 0.09988
0.70978 0.29022
0.98820 0.01180
0.70436 0.29564
0.99860 0.00140
0.99709 0.00291
0.31506 0.68494
0.32176 0.67824
0.96420 0.03580
0.99838 0.00162
0.99665 0.00335
0.29265 0.70735
0.08592 0.91408
0.03429 0.96571
0.04299 0.95701
0.55940 0.44060
0.16436 0.83564
0.99514 0.00486
0.96502 0.03498
0.40838 0.59162
0.40838 0.59162
0.70582 0.29418
0.19257 0.80743
0.58328 0.41672
0.98277 0.01723
0.18649 0.81351
0.96558 0.03442
0.95927 0.04073
0.72357 0.27643
0.99447 0.00553
0.73720 0.26280
0.99331 0.00669
0.54694 0.45306
0.54694 0.45306
0.43880 0.56120
0.43880 0.56120
0.92290 0.07710
0.91100 0.08900
0.97597 0.02403
0.96484 0.03516
0.95755 0.04245
0.75049 0.24951
0.05139 0.94861
0.91590 0.08410
0.14637 0.85363
0.91590 0.08410
0.14637 0.85363
0.91138 0.08862
0.16526 0.83474
0.92584 0.07416
0.15420 0.84580
0.53570 0.46430
0.14698 0.85302
0.49627 0.50373
0.87576 0.12424
0.83643 0.16357
0.84681 0.15319
0.97053 0.02947
0.73953 0.26047
0.18810 0.81190
0.51271 0.48729
0.70750 0.29250
0.17516 0.82484
0.49146 0.50854
0.99897 0.00103
0.99871 0.00129
0.82708 0.17292
0.34451 0.65549
0.67674 0.32326
0.99915 0.00085
0.99999 0.00001
0.99999 0.00001
0.93320 0.06680
0.93320 0.06680
0.99821 0.00179
0.99922 0.00078
0.99922 0.00078
0.99941 0.00059
0.64635 0.35365
0.75703 0.24297
0.75703 0.24297
0.98735 0.01265
0.99450 0.00550
0.75862 0.24138
0.79781 0.20219
0.80862 0.19138
0.99989 0.00011
0.99989 0.00011
0.83321 0.16679
0.83321 0.16679
0.99842 0.00158
0.26557 0.73443
0.34346 0.65654
0.26047 0.73953
0.47244 0.52756
0.37042 0.62958
0.90000 0.10000
0.15860 0.84140
0.99971 0.00029
0.95496 0.04504
0.44110 0.55890
0.89385 0.10615
0.33755 0.66245
0.99959 0.00041
0.98791 0.01209
0.17948 0.82052
0.86850 0.13150
0.99842 0.00158
0.99950 0.00050
0.11174 0.88826
0.11400 0.88600
0.12656 0.87344
0.12908 0.87092
0.99972 0.00028
0.99962 0.00038
0.99978 0.00022
0.52365 0.47635
0.85327 0.14673
0.98907 0.01093
0.96110 0.03890
0.25399 0.74601
0.88370 0.11630
0.78558 0.21442
0.80670 0.19330
0.98016 0.01984
0.99641 0.00359
0.99869 0.00131
0.99947 0.00053
0.86298 0.13702
0.86298 0.13702
0.99947 0.00053
0.53741 0.46259
0.38829 0.61171
0.72682 0.27318
0.62392 0.37608
0.11750 0.88250
0.51700 0.48300
0.23883 0.76117
0.26655 0.73345
0.87637 0.12363
0.08970 0.91030
0.08004 0.91996
0.08791 0.91209
0.99790 0.00210
0.98464 0.01536
0.97102 0.02898
0.98949 0.01051
0.41023 0.58977
0.87607 0.12393
0.34094 0.65906
0.87476 0.12524
0.99712 0.00288
0.98505 0.01495
0.97318 0.02682
0.99949 0.00051
0.98029 0.01971
0.93353 0.06647
0.67827 0.32173
0.45306 0.54694
0.99345 0.00655
0.99904 0.00096
0.99952 0.00048
0.99342 0.00658
0.59628 0.40372
0.34504 0.65496
0.89148 0.10852
0.51020 0.48980
0.97142 0.02858
0.73816 0.26184
0.28933 0.71067
0.59019 0.40981
0.42679 0.57321
0.60509 0.39491
0.48729 0.51271
0.80571 0.19429
0.34802 0.65198
0.59553 0.40447
0.96174 0.03826
0.33284 0.66716
0.36176 0.63824
0.63595 0.36405
0.58463 0.41537
0.99712 0.00288
0.53539 0.46461
0.99894 0.00106
0.55458 0.44542
0.50184 0.49816
0.99758 0.00242
0.45297 0.54703
0.99906 0.00094
0.98811 0.01189
0.28575 0.71425
0.96930 0.03070
0.26683 0.73317
0.94464 0.05536
0.29161 0.70839
0.22090 0.77910
0.59518 0.40482
0.99691 0.00309
0.99187 0.00813
0.99999 0.00001
0.41002 0.58998
0.98634 0.01366
0.33460 0.66540
0.97490 0.02510
0.33460 0.66540
0.97490 0.02510
0.96840 0.03160
1.00000 0.00000
0.89712 0.10288
0.96213 0.03787
0.98641 0.01359
0.78906 0.21094
0.56088 0.43912
0.20616 0.79384
0.28546 0.71454
0.99893 0.00107
0.83709 0.16291
0.39632 0.60368
0.36348 0.63652
0.59160 0.40840
0.15176 0.84824
0.56049 0.43951
0.68580 0.31420
0.74487 0.25513
0.24754 0.75246
0.94166 0.05834
0.99995 0.00005
0.82178 0.17822
0.73199 0.26801
0.87513 0.12487
0.97324 0.02676
0.88758 0.11242
0.07928 0.92072
0.88485 0.11515
0.02965 0.97035
0.05012 0.94988
0.76091 0.23909
0.17593 0.82407
0.77776 0.22224
0.99998 0.00002
0.66356 0.33644
0.99988 0.00012
0.34152 0.65848
0.99984 0.00016
0.53372 0.46628
0.91593 0.08407
0.99545 0.00455
0.99951 0.00049
0.99828 0.00172
0.98286 0.01714
0.97502 0.02498
0.31606 0.68394
0.85929 0.14071
0.67571 0.32429
0.78237 0.21763
0.68331 0.31669
0.97528 0.02472
0.87025 0.12975
0.86863 0.13137
0.35471 0.64529
0.89458 0.10542
1.00000 0.00000
0.29883 0.70117
0.81564 0.18436
0.17846 0.82154
0.67525 0.32475
0.99322 0.00678
0.43313 0.56687
0.89610 0.10390
0.99839 0.00161
0.45838 0.54162
0.95099 0.04901
0.18693 0.81307
0.81314 0.18686
0.16573 0.83427
0.47771 0.52229
0.33449 0.66551
0.05816 0.94184
0.83430 0.16570
0.83621 0.16379
0.83767 0.16233
0.86657 0.13343
0.97728 0.02272
0.60434 0.39566
0.99459 0.00541
0.21796 0.78204
0.98116 0.01884
0.99933 0.00067
0.98285 0.01715
0.82873 0.17127
0.82591 0.17409
0.82591 0.17409
0.13761 0.86239
0.27749 0.72251
0.28592 0.71408
0.13490 0.86510
0.12368 0.87632
0.99998 0.00002
0.71131 0.28869
0.16378 0.83622
0.89093 0.10907
0.18356 0.81644
0.21916 0.78084
0.21449 0.78551
0.18365 0.81635
0.17736 0.82264
0.17691 0.82309
0.17121 0.82879
0.65503 0.34498
0.67282 0.32718
0.29182 0.70818
0.28884 0.71116
0.69637 0.30363
0.24284 0.75716
0.49075 0.50925
0.09081 0.90919
0.61098 0.38902
0.61098 0.38902
0.96988 0.03012
0.96988 0.03012
0.77371 0.22629
0.77371 0.22629
0.98961 0.01039
0.98961 0.01039
0.96646 0.03354
0.96646 0.03354
0.59679 0.40321
0.59679 0.40321
0.74990 0.25010
0.83607 0.16393
0.69145 0.30855
0.15999 0.84001
0.13592 0.86408
0.08030 0.91970
0.88971 0.11029
0.11209 0.88791
0.99978 0.00022
0.91971 0.08029
0.98282 0.01718
0.82944 0.17056
0.96542 0.03458
0.27565 0.72435
0.32041 0.67959
0.32041 0.67959
0.94438 0.05562
0.94394 0.05606
0.93577 0.06423
0.97730 0.02270
0.97726 0.02274
0.97264 0.02736
0.65962 0.34038
0.72485 0.27515
0.55258 0.44742
0.49542 0.50458
0.55850 0.44150
0.99946 0.00054
0.99961 0.00039
0.18623 0.81377
0.77739 0.22261
0.91195 0.08805
0.85173 0.14827
0.38537 0.61463
0.43486 0.56514
0.43486 0.56514
0.38537 0.61463
0.92407 0.07593
0.83430 0.16570
0.26516 0.73484
0.70229 0.29771
0.99983 0.00017
0.59011 0.40989
0.99968 0.00032
0.78000 0.22000
0.78000 0.22000
0.82272 0.17728
0.21871 0.78129
0.27986 0.72014
0.37886 0.62114
0.60960 0.39040
0.85969 0.14031
0.48381 0.51619
0.69323 0.30677
0.85445 0.14556
0.12472 0.87528
0.18808 0.81192
0.14553 0.85447
0.29889 0.70111
0.72969 0.27031
0.89991 0.10009
0.11384 0.88616
0.19315 0.80685
0.72969 0.27031
0.89991 0.10009
0.11384 0.88616
0.19315 0.80685
0.57458 0.42542
0.75646 0.24354
0.93438 0.06562
0.94622 0.05378
0.95937 0.04063
0.98980 0.01020
0.26450 0.73550
0.25211 0.74789
0.58452 0.41548
0.17186 0.82814
0.23365 0.76635
0.17186 0.82814
0.23365 0.76635
0.62554 0.37446
0.62554 0.37446
0.62554 0.37446
0.62554 0.37446
0.61852 0.38148
0.93389 0.06611
0.47562 0.52438
0.39612 0.60388
0.16763 0.83237
0.13652 0.86348
0.11331 0.88669
0.16815 0.83185
0.13630 0.86370
0.52163 0.47837
0.30540 0.69460
0.41528 0.58472
0.22158 0.77842
0.99503 0.00497
0.18548 0.81452
0.88980 0.11020
0.86045 0.13955
0.99989 0.00011
0.84628 0.15372
0.92708 0.07292
0.12151 0.87849
0.98063 0.01937
0.99946 0.00054
0.97240 0.02760
0.27208 0.72792
0.08286 0.91714
0.26967 0.73033
0.97139 0.02861
0.94248 0.05752
0.49680 0.50320
0.93877 0.06123
0.39912 0.60088
0.98803 0.01197
0.21541 0.78459
0.63121 0.36879
0.21769 0.78231
0.99964 0.00036
0.70167 0.29833
0.80645 0.19355
0.98933 0.01067
0.39674 0.60326
0.31056 0.68944
0.31056 0.68944
0.70874 0.29126
0.94242 0.05758
0.38263 0.61737
0.32583 0.67417
0.69465 0.30535
0.38323 0.61677
0.17640 0.82360
0.60920 0.39080
0.59594 0.40406
0.42839 0.57161
0.99930 0.00070
0.99933 0.00067
0.28073 0.71927
0.98292 0.01708
0.98316 0.01684
0.99965 0.00035
0.76802 0.23198
0.50626 0.49374
0.97171 0.02829
0.25253 0.74747
0.20113 0.79887
0.27863 0.72137
0.99019 0.00981
0.97950 0.02050
0.20113 0.79887
0.27863 0.72137
0.27639 0.72361
0.27639 0.72361
0.54700 0.45300
0.33050 0.66950
0.24651 0.75349
0.06684 0.93316
0.30661 0.69339
0.24740 0.75260
0.31495 0.68505
0.26889 0.73111
0.91822 0.08178
0.14141 0.85859
0.64816 0.35184
0.99989 0.00011
0.99992 0.00008
0.91336 0.08664
0.99567 0.00433
0.99125 0.00875
0.99970 0.00030
0.99898 0.00102
0.99898 0.00102
0.33849 0.66151
0.44579 0.55421
0.42197 0.57803
0.50528 0.49472
0.99922 0.00078
0.52168 0.47832
0.69813 0.30187
0.56635 0.43365
0.61884 0.38117
0.30123 0.69877
0.27828 0.72172
0.93103 0.06897
0.53700 0.46300
0.33856 0.66144
0.25027 0.74973
0.25027 0.74973
0.74462 0.25538
0.74462 0.25538
0.26797 0.73203
0.26797 0.73203
0.93181 0.06819
0.94061 0.05939
0.30389 0.69611
0.52705 0.47295
0.52705 0.47295
0.90845 0.09155
0.90845 0.09155
0.74430 0.25570
0.74430 0.25570
0.39794 0.60206
0.72059 0.27941
0.28186 0.71814
0.07919 0.92081
0.17810 0.82190
0.89051 0.10949
0.83438 0.16562
0.65191 0.34809
0.76826 0.23174
0.48172 0.51828
0.70714 0.29286
0.85311 0.14689
0.85311 0.14689
0.93643 0.06357
0.33042 0.66958
0.17856 0.82144
0.99440 0.00560
0.21173 0.78827
0.22643 0.77357
0.99923 0.00077
0.99884 0.00116
0.99885 0.00115
0.99543 0.00457
0.99978 0.00022
0.99977 0.00023
0.58172 0.41828
0.30549 0.69451
0.97631 0.02369
0.19209 0.80791
0.11088 0.88912
0.37792 0.62208
0.89848 0.10152
0.96848 0.03152
0.96807 0.03193
0.96848 0.03152
0.96807 0.03193
0.94361 0.05639
0.26047 0.73953
0.21934 0.78066
0.43193 0.56807
0.90871 0.09129
0.59170 0.40830
0.90500 0.09500
0.84190 0.15810
0.46537 0.53463
0.96527 0.03473
0.94749 0.05251
0.88719 0.11281
0.93958 0.06042
0.59401 0.40599
0.09406 0.90594
0.12949 0.87051
0.14067 0.85933
0.12897 0.87103
0.99989 0.00011
0.21331 0.78669
0.22459 0.77541
0.22459 0.77541
0.33570 0.66430
0.98081 0.01919
0.59872 0.40128
0.60789 0.39211
0.92694 0.07306
0.37884 0.62116
0.13662 0.86338
0.09522 0.90478
0.92307 0.07693
0.99950 0.00050
0.99966 0.00034
0.60367 0.39633
0.79822 0.20178
0.22555 0.77445
0.51642 0.48358
0.79133 0.20867
0.19770 0.80230
0.86274 0.13726
0.09979 0.90021
0.38654 0.61346
0.10571 0.89429
0.22418 0.77582
0.97403 0.02597
0.05057 0.94943
0.22113 0.77887
0.06024 0.93976
0.81100 0.18900
0.94777 0.05223
0.99917 0.00083
0.99999 0.00001
0.92385 0.07615
0.92385 0.07615
0.91710 0.08290
0.53760 0.46240
0.54336 0.45664
0.53760 0.46240
0.50178 0.49822
0.53760 0.46240
0.53760 0.46240
0.54336 0.45664
0.53760 0.46240
0.50178 0.49822
0.53760 0.46240
0.53760 0.46240
0.54336 0.45664
0.53760 0.46240
0.50178 0.49822
0.53760 0.46240
0.97234 0.02766
0.98918 0.01082
0.46927 0.53073
0.98977 0.01023
0.82851 0.17149
0.25463 0.74537
0.25378 0.74622
0.13507 0.86493
0.99983 0.00017
0.33017 0.66983
0.40923 0.59077
0.37482 0.62518
0.98542 0.01458
0.95448 0.04552
0.12646 0.87354
0.97761 0.02239
0.91851 0.08149
0.97761 0.02239
0.91851 0.08149
0.22318 0.77682
0.96219 0.03781
0.17601 0.82399
0.45028 0.54972
0.99943 0.00057
0.87839 0.12161
0.45028 0.54972
0.99939 0.00061
0.87482 0.12518
0.57567 0.42433
0.94531 0.05469
0.82369 0.17631
0.57567 0.42433
0.94531 0.05469
0.82369 0.17631
0.23050 0.76950
0.23050 0.76950
0.23050 0.76950
0.23050 0.76950
0.16713 0.83287
0.19862 0.80138
0.76517 0.23483
0.12534 0.87466
0.06139 0.93861
0.15479 0.84521
0.16744 0.83256
0.10881 0.89119
0.13069 0.86931
0.73311 0.26689
0.92710 0.07290
0.90031 0.09969
0.10567 0.89433
0.14695 0.85305
0.17112 0.82888
0.21307 0.78693
0.10567 0.89433
0.14695 0.85305
0.17112 0.82888
0.40374 0.59626
0.14542 0.85458
0.18994 0.81006
0.26595 0.73405
0.66389 0.33611
0.91883 0.08117
0.87228 0.12772
0.10847 0.89153
0.96901 0.03099
0.95096 0.04904
0.63694 0.36306
0.94973 0.05027
0.99498 0.00502
0.99498 0.00502
0.96186 0.03814
0.67339 0.32661
0.99995 0.00005
0.99808 0.00192
0.99953 0.00047
0.98902 0.01098
0.90071 0.09929
0.10716 0.89284
0.17445 0.82555
0.71184 0.28816
0.11723 0.88277
0.60833 0.39167
0.09627 0.90373
0.13171 0.86829
0.78598 0.21402
0.12530 0.87470
0.19218 0.80782
0.86724 0.13276
0.14676 0.85324
0.98593 0.01407
0.99804 0.00196
0.99750 0.00250
0.99634 0.00366
0.99980 0.00020
0.99693 0.00307
0.95774 0.04226
0.42906 0.57094
0.99730 0.00270
0.99921 0.00079
0.95622 0.04378
0.17076 0.82924
0.77442 0.22558
0.98731 0.01269
0.77069 0.22931
0.68283 0.31717
0.32391 0.67609
0.32391 0.67609
0.29042 0.70958
0.31909 0.68091
0.97454 0.02546
0.46736 0.53264
0.94419 0.05581
0.94419 0.05581
0.15256 0.84744
0.99902 0.00098
0.99248 0.00752
0.46175 0.53825
0.55500 0.44500
0.99975 0.00025
0.99756 0.00244
0.99959 0.00041
0.44563 0.55437
0.93609 0.06391
0.28736 0.71264
0.40910 0.59090
0.22281 0.77719
0.92065 0.07935
0.35347 0.64653
0.41978 0.58022
0.92213 0.07787
0.23448 0.76552
0.31450 0.68550
0.98463 0.01537
0.97682 0.02318
0.45181 0.54819
0.17242 0.82758
0.25092 0.74908
0.10813 0.89187
0.98446 0.01554
0.32217 0.67783
0.97255 0.02745
0.27502 0.72498
0.94918 0.05082
0.94918 0.05082
0.99998 0.00002
0.94918 0.05082
0.99998 0.00002
0.59576 0.40424
0.31192 0.68808
0.57774 0.42226
0.42807 0.57193
0.21553 0.78447
0.21553 0.78447
0.21553 0.78447
0.41820 0.58180
0.41820 0.58180
0.05132 0.94868
0.07701 0.92299
0.99944 0.00056
0.99902 0.00098
0.99432 0.00568
0.58269 0.41731
0.73717 0.26283
0.94093 0.05907
0.91835 0.08165
0.60717 0.39283
0.99118 0.00882
0.96161 0.03839
0.87190 0.12810
0.99956 0.00044
0.06428 0.93572
0.10331 0.89669
0.32179 0.67821
0.72818 0.27182
0.32179 0.67821
0.72818 0.27182
0.32179 0.67821
0.72818 0.27182
0.32179 0.67821
0.72818 0.27182
0.99999 0.00001
0.99296 0.00704
0.99999 0.00001
0.99438 0.00562
0.78373 0.21627
0.30471 0.69529
0.77555 0.22445
0.21642 0.78358
0.99288 0.00712
0.42626 0.57374
0.99928 0.00072
0.99990 0.00010
0.99945 0.00055
0.40482 0.59518
0.99993 0.00007
0.05128 0.94872
0.11318 0.88682
0.99995 0.00005
0.99983 0.00017
0.99995 0.00005
0.99995 0.00005
0.99987 0.00013
0.99996 0.00004
0.42119 0.57881
0.42119 0.57881
0.42119 0.57881
0.23136 0.76864
0.08567 0.91433
0.91789 0.08211
0.20330 0.79670
0.19217 0.80783
0.36447 0.63553
0.36447 0.63553
0.26529 0.73471
0.99925 0.00075
0.47500 0.52500
0.93318 0.06682
0.94556 0.05444
0.89941 0.10059
0.02254 0.97746
0.88488 0.11512
0.96287 0.03713
0.94795 0.05205
0.35348 0.64652
0.57556 0.42444
0.52402 0.47598
0.88488 0.11512
0.96287 0.03713
0.94795 0.05205
0.48481 0.51519
0.52780 0.47220
0.86341 0.13659
0.67916 0.32084
0.12723 0.87277
0.36895 0.63105
0.19978 0.80022
0.15403 0.84597
0.25587 0.74413
0.82508 0.17492
0.96192 0.03808
0.56170 0.43830
0.14188 0.85812
0.99828 0.00172
0.31990 0.68010
0.29192 0.70808
0.19464 0.80536
0.11502 0.88498
0.04177 0.95823
0.30250 0.69750
0.37781 0.62219
0.74255 0.25745
0.34533 0.65467
0.98813 0.01187
0.33022 0.66978
0.70077 0.29923
0.34984 0.65016
0.79601 0.20399
0.95044 0.04956
0.95044 0.04956
0.29170 0.70830
0.99062 0.00938
0.99667 0.00333
0.47998 0.52002
0.47998 0.52002
0.27873 0.72127
0.45669 0.54331
0.96024 0.03976
0.97284 0.02716
0.93397 0.06603
0.07556 0.92444
0.85656 0.14344
0.95594 0.04406
1.00000 0.00000
0.05196 0.94804
0.04421 0.95579
0.03895 0.96105
0.12826 0.87174
0.13030 0.86970
0.47139 0.52861
0.09428 0.90572
0.09211 0.90789
0.02047 0.97953
0.08864 0.91136
0.81227 0.18773
0.07428 0.92572
0.43708 0.56292
0.97898 0.02102
0.99999 0.00001
0.72228 0.27772
0.79822 0.20178
0.72918 0.27082
0.58968 0.41032
0.58968 0.41032
0.99962 0.00038
0.66788 0.33212
0.99959 0.00041
0.49639 0.50361
0.65950 0.34050
0.60331 0.39669
0.43530 0.56470
0.99168 0.00832
0.96270 0.03730
0.87957 0.12043
0.99943 0.00057
0.79836 0.20164
0.99877 0.00123
0.99932 0.00068
0.78436 0.21564
0.99916 0.00084
0.10910 0.89090
0.80608 0.19392
0.14425 0.85575
0.89962 0.10038
0.94816 0.05184
0.98100 0.01900
0.99263 0.00737
0.12122 0.87878
0.68507 0.31493
0.99701 0.00299
0.20999 0.79001
0.84253 0.15747
0.09406 0.90594
0.41195 0.58805
0.09701 0.90299
0.06255 0.93745
0.07595 0.92405
0.10060 0.89940
0.99702 0.00298
0.88553 0.11447
0.99980 0.00020
0.89456 0.10544
0.91431 0.08569
0.99877 0.00123
0.99921 0.00079
0.74701 0.25299
0.74701 0.25299
0.99573 0.00427
0.99573 0.00427
0.74701 0.25299
0.74701 0.25299
0.74701 0.25299
0.74701 0.25299
0.86707 0.13293
0.92637 0.07363
0.92637 0.07363
0.64339 0.35661
0.85937 0.14063
0.99996 0.00004
0.99974 0.00026
0.10118 0.89882
0.11533 0.88467
0.99994 0.00006
0.99991 0.00009
0.99991 0.00009
0.99968 0.00032
0.99553 0.00447
0.98784 0.01216
0.98784 0.01216
0.10420 0.89580
0.98476 0.01524
0.14124 0.85877
0.75365 0.24635
0.08629 0.91371
0.09538 0.90462
0.21203 0.78797
0.19205 0.80795
0.99678 0.00322
0.98829 0.01171
0.55728 0.44272
0.55728 0.44272
0.02683 0.97317
0.99947 0.00053
0.93932 0.06068
0.22957 0.77043
0.30145 0.69855
0.34014 0.65986
0.74783 0.25217
0.82719 0.17281
0.81350 0.18650
0.91134 0.08866
0.85137 0.14863
0.84806 0.15194
0.13481 0.86519
0.18053 0.81947
0.10746 0.89254
0.12240 0.87760
0.08602 0.91398
0.41674 0.58326
0.22396 0.77604
0.82969 0.17031
0.83585 0.16415
0.92475 0.07525
0.21846 0.78154
0.64470 0.35530
0.64470 0.35530
0.04757 0.95243
0.16129 0.83871
0.75050 0.24950
0.37756 0.62244
0.94793 0.05207
0.39175 0.60825
0.39175 0.60825
0.39175 0.60825
0.39175 0.60825
0.07465 0.92535
0.07841 0.92159
0.04826 0.95174
0.07416 0.92584
0.99736 0.00264
0.08044 0.91956
0.85557 0.14443
0.64728 0.35272
0.77215 0.22785
0.77215 0.22785
0.97623 0.02377
0.99730 0.00270
0.99845 0.00155
0.99845 0.00155
0.96732 0.03268
0.96732 0.03268
0.34857 0.65143
0.34623 0.65377
0.79355 0.20645
0.79355 0.20645
1.00000 0.00000
0.99839 0.00161
0.99839 0.00161
0.99993 0.00007
0.99894 0.00106
0.16207 0.83793
0.99985 0.00015
0.93250 0.06750
0.98583 0.01417
0.98505 0.01495
0.97861 0.02139
0.98087 0.01913
0.99984 0.00016
0.99941 0.00059
0.99963 0.00037
0.99963 0.00037
0.05852 0.94148
0.05431 0.94569
0.99908 0.00092
0.40290 0.59710
0.81044 0.18956
0.55810 0.44190
0.24661 0.75339
0.40684 0.59316
0.97794 0.02206
0.08349 0.91651
0.41740 0.58260
0.09487 0.90513
0.99352 0.00648
0.40684 0.59316
0.97794 0.02206
0.08349 0.91651
0.98360 0.01640
0.60273 0.39727
0.58249 0.41751
0.91189 0.08811
0.99823 0.00177
0.79948 0.20052
0.27938 0.72062
0.27938 0.72062
0.81608 0.18392
0.77646 0.22354
0.34175 0.65825
0.34175 0.65825
0.83447 0.16553
0.81401 0.18599
0.27615 0.72385
0.31149 0.68851
0.16302 0.83698
0.31149 0.68851
0.14212 0.85788
0.15617 0.84383
0.14212 0.85788
0.14212 0.85788
0.15617 0.84383
0.14212 0.85788
0.97903 0.02097
0.92997 0.07003
0.42774 0.57226
0.23926 0.76074
0.99935 0.00065
0.99920 0.00080
0.43707 0.56293
0.39517 0.60483
0.41905 0.58095
0.37784 0.62216
0.99977 0.00023
0.37285 0.62715
0.10007 0.89993
0.12873 0.87127
0.91729 0.08271
0.48299 0.51701
0.25178 0.74822
0.19406 0.80594
0.26171 0.73829
0.27364 0.72636
0.87979 0.12021
0.78136 0.21864
0.68740 0.31260
0.67339 0.32661
0.67581 0.32419
0.40217 0.59783
0.27096 0.72904
0.31786 0.68214
0.27740 0.72260
0.31523 0.68477
0.99731 0.00269
0.61699 0.38301
0.61699 0.38301
0.04359 0.95641
0.99698 0.00302
0.99272 0.00728
0.99271 0.00729
0.99531 0.00469
0.99590 0.00410
0.09715 0.90285
0.23455 0.76545
0.85035 0.14965
0.56322 0.43678
0.16920 0.83080
0.22480 0.77520
0.16480 0.83520
0.76328 0.23672
0.30659 0.69341
0.41463 0.58537
0.29120 0.70880
0.11819 0.88181
0.15499 0.84501
0.11811 0.88189
0.99788 0.00212
0.99788 0.00212
0.11420 0.88580
0.11420 0.88580
0.63458 0.36542
0.79041 0.20959
0.86326 0.13674
0.06736 0.93264
0.95287 0.04713
0.41756 0.58244
0.48927 0.51073
0.39956 0.60044
0.58228 0.41772
0.35333 0.64667
0.97200 0.02800
0.96585 0.03415
0.44213 0.55787
0.12198 0.87802
0.37166 0.62834
0.37743 0.62257
0.30996 0.69004
0.11868 0.88132
0.97733 0.02267
0.99221 0.00779
0.57894 0.42106
0.57894 0.42106
0.55606 0.44394
0.57515 0.42485
0.99947 0.00053
0.99919 0.00081
0.99945 0.00055
1.00000 0.00000
0.99972 0.00028
0.90560 0.09440
0.99941 0.00059
0.93801 0.06199
0.99927 0.00073
0.99960 0.00040
0.99126 0.00874
0.99959 0.00041
0.88946 0.11054
0.92636 0.07364
0.99994 0.00006
0.99605 0.00395
0.99539 0.00461
0.99702 0.00298
0.39177 0.60823
0.49493 0.50507
0.95504 0.04496
0.95786 0.04214
0.26286 0.73714
0.91118 0.08882
0.21203 0.78797
0.20239 0.79761
0.99921 0.00079
0.31877 0.68123
0.92769 0.07231
0.45483 0.54517
0.94727 0.05273
0.88927 0.11073
0.93646 0.06354
0.89901 0.10099
0.99934 0.00066
0.99965 0.00035
0.99738 0.00262
0.32371 0.67629
0.39817 0.60183
0.19826 0.80174
0.87219 0.12781
0.80029 0.19971
0.01136 0.98864
0.17288 0.82712
0.15229 0.84771
0.24196 0.75804
0.04643 0.95357
0.23764 0.76236
0.89955 0.10045
0.90992 0.09008
0.90756 0.09244
0.04920 0.95080
0.18756 0.81244
0.99639 0.00361
0.61758 0.38242
0.18702 0.81298
0.93393 0.06607
0.99985 0.00015
0.48118 0.51882
0.12250 0.87750
0.39141 0.60859
0.99584 0.00416
0.39141 0.60859
0.99584 0.00416
0.39141 0.60859
0.99584 0.00416
0.99120 0.00880
0.54491 0.45509
0.07098 0.92902
0.88286 0.11714
0.14367 0.85633
0.13338 0.86662
0.13276 0.86724
0.28028 0.71972
0.85233 0.14767
0.20734 0.79266
0.89582 0.10418
0.96659 0.03341
0.59940 0.40060
0.96659 0.03341
0.66371 0.33629
0.75619 0.24381
0.29121 0.70879
0.39706 0.60294
0.82989 0.17011
0.95176 0.04824
0.22930 0.77070
0.18788 0.81212
0.37393 0.62607
0.99779 0.00221
0.98920 0.01080
0.58585 0.41415
0.47592 0.52408
0.47592 0.52408
0.58183 0.41817
0.96896 0.03104
0.47597 0.52403
0.99236 0.00764
0.98334 0.01666
0.14034 0.85966
0.10437 0.89563
0.10591 0.89409
0.25590 0.74410
0.14538 0.85462
0.67009 0.32991
0.79079 0.20921
0.69658 0.30342
0.15260 0.84740
0.61873 0.38127
0.76490 0.23510
0.13092 0.86908
0.71523 0.28477
0.71523 0.28477
0.99452 0.00548
0.34527 0.65473
0.34527 0.65473
0.50799 0.49201
0.11190 0.88810
0.62698 0.37302
0.98289 0.01711
0.98609 0.01391
0.99665 0.00335
0.93203 0.06797
0.99484 0.00516
0.83413 0.16587
0.06665 0.93335
0.99971 0.00029
0.99972 0.00028
0.95629 0.04371
0.94772 0.05228
0.99724 0.00276
0.99903 0.00097
0.70774 0.29226
0.67131 0.32869
0.84133 0.15867
0.80050 0.19950
0.91672 0.08328
0.99722 0.00278
0.97800 0.02200
0.98017 0.01983
0.98065 0.01935
0.98935 0.01065
0.98293 0.01707
0.98600 0.01400
0.99197 0.00803
0.98725 0.01275
0.98053 0.01947
0.27981 0.72019
0.23110 0.76890
0.25718 0.74282
0.33111 0.66889
0.19993 0.80007
0.18361 0.81639
0.16024 0.83976
0.40715 0.59285
0.99566 0.00434
0.99997 0.00003
0.99994 0.00006
0.99982 0.00018
0.73434 0.26566
0.60975 0.39025
0.41044 0.58956
0.99934 0.00066
0.99998 0.00002
0.12561 0.87439
0.99032 0.00968
0.10410 0.89590
0.11416 0.88584
0.80086 0.19914
0.93261 0.06739
0.53367 0.46633
0.98400 0.01600
0.98673 0.01327
0.91905 0.08095
0.52328 0.47672
0.28665 0.71335
0.31972 0.68028
0.93825 0.06175
0.99968 0.00032
0.32761 0.67239
0.36301 0.63699
0.99428 0.00572
0.96430 0.03570
0.91812 0.08188
0.29000 0.71000
0.25406 0.74594
0.99999 0.00001
0.11711 0.88289
0.99999 0.00001
0.36461 0.63539
0.99511 0.00489
0.27094 0.72906
0.99032 0.00968
0.99998 0.00002
0.99999 0.00001
0.10142 0.89858
0.14962 0.85038
0.71872 0.28128
0.19968 0.80032
0.07144 0.92856
0.07345 0.92655
0.21346 0.78654
0.25478 0.74522
0.77050 0.22950
0.85363 0.14637
0.45121 0.54879
0.10100 0.89900
0.11104 0.88896
0.05874 0.94126
0.70098 0.29902
0.11585 0.88415
0.99982 0.00018
0.21391 0.78609
0.30975 0.69025
0.39431 0.60569
0.15663 0.84337
0.95801 0.04199
0.25409 0.74591
0.50000 0.50000
0.29097 0.70903
0.99694 0.00306
0.99970 0.00030
0.15588 0.84412
0.34951 0.65049
0.57942 0.42058
0.78148 0.21852
0.78148 0.21852
0.73072 0.26928
0.76750 0.23250
0.73072 0.26928
0.77943 0.22057
0.67708 0.32292
0.99566 0.00434
0.99371 0.00629
0.62494 0.37506
0.59037 0.40963
0.79048 0.20952
0.86139 0.13861
0.92262 0.07738
0.99994 0.00006
0.85122 0.14878
0.85122 0.14878
0.92262 0.07738
0.99994 0.00006
0.85122 0.14878
0.85122 0.14878
0.92262 0.07738
0.99994 0.00006
0.85122 0.14878
0.85122 0.14878
0.92262 0.07738
0.99994 0.00006
0.85122 0.14878
0.22900 0.77100
0.36353 0.63647
0.86638 0.13362
0.62381 0.37619
0.99932 0.00068
0.79791 0.20209
0.99979 0.00021
0.91978 0.08022
0.58002 0.41998
0.27789 0.72211
0.25834 0.74166
0.77316 0.22684
0.77316 0.22684
0.25834 0.74166
0.26637 0.73363
0.97076 0.02924
0.80577 0.19423
0.46488 0.53512
0.46488 0.53512
0.55853 0.44147
0.53602 0.46398
0.90789 0.09211
0.90789 0.09211
0.72513 0.27487
0.47168 0.52832
0.90920 0.09080
0.31681 0.68319
0.31681 0.68319
0.26611 0.73389
0.99997 0.00003
0.99997 0.00003
0.34129 0.65871
0.31681 0.68319
0.31681 0.68319
0.26611 0.73389
0.42970 0.57030
0.41070 0.58930
0.14025 0.85975
0.23140 0.76860
0.82141 0.17859
0.16660 0.83340
0.13211 0.86789
0.13211 0.86789
0.94799 0.05201
0.13805 0.86195
0.22823 0.77177
0.32125 0.67875
0.90659 0.09341
0.96222 0.03778
0.99951 0.00049
0.99987 0.00013
0.15292 0.84708
0.22370 0.77630
0.15378 0.84622
0.27471 0.72529
0.37877 0.62123
0.25535 0.74465
0.87751 0.12249
0.54810 0.45190
0.15007 0.84993
0.40254 0.59746
0.09416 0.90584
0.11352 0.88648
0.93937 0.06063
0.32442 0.67558
0.67647 0.32353
0.74536 0.25464
0.99976 0.00024
0.96391 0.03609
0.97673 0.02327
0.99773 0.00227
0.93235 0.06765
0.62465 0.37535
0.05262 0.94738
0.89428 0.10572
0.39276 0.60724
0.07008 0.92992
0.07120 0.92880
0.14972 0.85028
0.14638 0.85362
0.97595 0.02405
0.24159 0.75841
0.98756 0.01244
0.99771 0.00229
0.99634 0.00366
0.88806 0.11194
0.91568 0.08432
0.78766 0.21234
0.83811 0.16189
0.90425 0.09575
0.98784 0.01216
0.99405 0.00595
0.99599 0.00401
0.15855 0.84145
0.99969 0.00031
0.99747 0.00253
0.87490 0.12510
0.51676 0.48324
0.90635 0.09365
0.99810 0.00190
0.87490 0.12510
0.51676 0.48324
0.99990 0.00010
0.99976 0.00024
0.99990 0.00010
0.99976 0.00024
0.69984 0.30016
0.79783 0.20217
0.68167 0.31833
0.62636 0.37364
0.67781 0.32219
0.62636 0.37364
0.88413 0.11587
0.95754 0.04246
0.50374 0.49626
0.61009 0.38991
0.50374 0.49626
0.61009 0.38991
0.50374 0.49626
0.61009 0.38991
0.50809 0.49191
0.46344 0.53656
0.13100 0.86900
0.13100 0.86900
0.22250 0.77750
0.35047 0.64953
0.37131 0.62869
0.38730 0.61270
0.32968 0.67032
0.47573 0.52427
0.91256 0.08744
0.45408 0.54592
0.27057 0.72943
0.53035 0.46965
0.94282 0.05718
0.99388 0.00612
0.74008 0.25992
0.97803 0.02197
0.91875 0.08125
0.91875 0.08125
0.99647 0.00353
0.78606 0.21394
0.73853 0.26147
0.99941 0.00059
0.99972 0.00028
0.99971 0.00029
0.99964 0.00036
0.99812 0.00188
0.99983 0.00017
0.15254 0.84746
0.26913 0.73087
0.20855 0.79145
0.84682 0.15318
0.30078 0.69922
0.99025 0.00975
0.99556 0.00444
0.46725 0.53275
0.46920 0.53080
0.39584 0.60416
0.35251 0.64749
0.33294 0.66706
0.38428 0.61572
0.99841 0.00159
0.28479 0.71521
0.91989 0.08011
0.18743 0.81257
0.22853 0.77147
0.09737 0.90263
0.55513 0.44487
0.24997 0.75003
0.95840 0.04160
0.67865 0.32135
0.67865 0.32135
0.47364 0.52636
0.47364 0.52636
0.99952 0.00048
0.99952 0.00048
0.47364 0.52636
0.47364 0.52636
0.68589 0.31411
0.70806 0.29194
0.49829 0.50171
0.75689 0.24311
0.54491 0.45509
0.99999 0.00001
0.82302 0.17698
0.92591 0.07409
0.87710 0.12290
0.87710 0.12290
0.43767 0.56233
0.43767 0.56233
0.53876 0.46124
0.53876 0.46124
0.43767 0.56233
0.43767 0.56233
0.53876 0.46124
0.54779 0.45221
0.99935 0.00065
0.29693 0.70307
0.29693 0.70307
0.53909 0.46091
0.36795 0.63205
0.13187 0.86813
0.57631 0.42369
0.79272 0.20728
0.53758 0.46242
0.53758 0.46242
0.17536 0.82464
0.14333 0.85667
0.99193 0.00807
0.99746 0.00254
0.96653 0.03347
0.99941 0.00059
0.29674 0.70326
0.06836 0.93164
0.23420 0.76580
0.99767 0.00233
0.82972 0.17028
0.78904 0.21096
0.71179 0.28821
0.84626 0.15374
0.86913 0.13087
0.69360 0.30640
0.18872 0.81128
0.51302 0.48698
0.51302 0.48698
0.54456 0.45544
0.54456 0.45544
0.40164 0.59836
0.40164 0.59836
0.36763 0.63237
0.36763 0.63237
0.45714 0.54286
0.43320 0.56680
1.00000 0.00000
0.48140 0.51860
0.44841 0.55159
0.99982 0.00018
0.99902 0.00098
0.96471 0.03529
0.88695 0.11305
0.48177 0.51823
0.99714 0.00286
0.99714 0.00286
0.65897 0.34103
0.66675 0.33325
0.65034 0.34966
0.69717 0.30283
0.76192 0.23808
0.53398 0.46602
0.53303 0.46697
0.90048 0.09952
0.99996 0.00004
0.99998 0.00002
0.99965 0.00035
0.98469 0.01531
0.99995 0.00005
0.86990 0.13010
0.25513 0.74487
0.98469 0.01531
0.99995 0.00005
0.99967 0.00033
0.99967 0.00033
0.99657 0.00343
1.00000 0.00000
0.07487 0.92513
0.29444 0.70556
0.59861 0.40139
0.19391 0.80609
0.99758 0.00242
0.26809 0.73191
0.99842 0.00158
0.98326 0.01674
0.09225 0.90775
0.07385 0.92615
0.16926 0.83074
0.13281 0.86719
0.91675 0.08325
0.19335 0.80665
0.99878 0.00122
0.51276 0.48724
0.90187 0.09813
0.34944 0.65056
0.84554 0.15446
0.93668 0.06332
0.93622 0.06378
0.74301 0.25699
0.72727 0.27273
0.84813 0.15187
0.26064 0.73936
0.03996 0.96004
0.03885 0.96115
0.04819 0.95181
0.04686 0.95314
0.18039 0.81961
0.15424 0.84576
0.23460 0.76540
0.20105 0.79895
0.25757 0.74243
0.22264 0.77736
0.13428 0.86572
0.12755 0.87245
0.13115 0.86885
0.28707 0.71293
0.31202 0.68798
0.95550 0.04450
0.74452 0.25548
0.33762 0.66238
0.24331 0.75669
0.24517 0.75483
0.24899 0.75101
0.24517 0.75483
0.18357 0.81643
0.18357 0.81643
0.19460 0.80540
0.13072 0.86928
0.23349 0.76651
0.41488 0.58512
0.07345 0.92655
0.99892 0.00108
0.28597 0.71403
0.99828 0.00172
0.43114 0.56886
0.99649 0.00351
0.96291 0.03709
0.99921 0.00079
0.93064 0.06936
0.99846 0.00154
0.43114 0.56886
0.99649 0.00351
0.32684 0.67316
0.76147 0.23853
0.57067 0.42933
0.97481 0.02519
0.99092 0.00908
0.97739 0.02261
0.97992 0.02008
0.98074 0.01926
0.98445 0.01555
0.96873 0.03127
0.97159 0.02841
0.32721 0.67279
0.10390 0.89610
0.17126 0.82874
0.99788 0.00212
0.28680 0.71320
0.55093 0.44907
0.02764 0.97236
0.87392 0.12608
0.10830 0.89170
0.74624 0.25376
0.08907 0.91093
0.05984 0.94016
0.79406 0.20594
0.95895 0.04105
0.12481 0.87519
0.16119 0.83881
0.29392 0.70608
0.06798 0.93202
0.10086 0.89914
0.11769 0.88231
0.09855 0.90145
0.11203 0.88797
0.15372 0.84628
0.13238 0.86762
0.18143 0.81857
0.50128 0.49872
0.58685 0.41315
0.50128 0.49872
0.54949 0.45051
0.51778 0.48222
0.16503 0.83497
0.06812 0.93188
0.07045 0.92955
0.99939 0.00061
0.99875 0.00125
0.91168 0.08832
0.99932 0.00068
0.15323 0.84677
0.27597 0.72403
0.39823 0.60177
0.82909 0.17091
0.96866 0.03134
0.46087 0.53913
0.27586 0.72414
0.96266 0.03734
0.75687 0.24313
0.32423 0.67577
0.99919 0.00081
0.98268 0.01732
0.30424 0.69576
0.32520 0.67480
0.99162 0.00838
0.08215 0.91785
0.20655 0.79345
0.16640 0.83360
0.93131 0.06869
0.41056 0.58943
0.99999 0.00001
0.07652 0.92348
0.15662 0.84338
0.29272 0.70728
0.62205 0.37795
0.25841 0.74159
0.99888 0.00112
0.06438 0.93562
0.42896 0.57104
0.12268 0.87732
0.13348 0.86652
0.65132 0.34868
0.99810 0.00190
0.92872 0.07128
0.96566 0.03434
0.98719 0.01281
0.57856 0.42144
0.20557 0.79443
0.04127 0.95873
0.52103 0.47897
0.40298 0.59702
0.76073 0.23927
0.99969 0.00031
0.52809 0.47191
0.27470 0.72530
0.14015 0.85985
0.48366 0.51634
0.81560 0.18440
0.10958 0.89042
0.10688 0.89312
0.99989 0.00011
0.14962 0.85038
0.98996 0.01004
0.15781 0.84219
0.68261 0.31739
0.92019 0.07981
0.29921 0.70079
0.22072 0.77928
0.97925 0.02075
0.27318 0.72682
0.60319 0.39681
0.88175 0.11825
0.76004 0.23996
0.74842 0.25158
0.73911 0.26089
0.98460 0.01540
0.99996 0.00004
1.00000 0.00000
0.99987 0.00013
0.39880 0.60120
0.47509 0.52491
0.28802 0.71198
0.41661 0.58339
0.55439 0.44561
0.21476 0.78524
0.35386 0.64614
0.17194 0.82806
0.28714 0.71286
0.06888 0.93112
0.88820 0.11180
0.34994 0.65006
0.60093 0.39907
0.10270 0.89730
0.21449 0.78551
0.89361 0.10639
0.76027 0.23973
0.53729 0.46271
0.75828 0.24172
0.78222 0.21778
0.57906 0.42094
0.29994 0.70006
0.19355 0.80645
0.27617 0.72383
0.29505 0.70495
0.58481 0.41519
0.76027 0.23973
0.53729 0.46271
0.75828 0.24172
0.78222 0.21778
0.57906 0.42094
0.94008 0.05992
0.98719 0.01281
0.98124 0.01876
0.94494 0.05506
0.79905 0.20095
0.56339 0.43661
0.94008 0.05992
0.98719 0.01281
0.98124 0.01876
0.94195 0.05805
0.79905 0.20095
0.56339 0.43661
0.91268 0.08732
0.92514 0.07486
0.92997 0.07003
0.64499 0.35501
0.14724 0.85276
0.14137 0.85863
0.13799 0.86201
0.89996 0.10004
0.99784 0.00216
0.17265 0.82735
0.14170 0.85830
0.73116 0.26884
0.97246 0.02754
0.18321 0.81679
0.16253 0.83747
0.99991 0.00009
0.28845 0.71155
0.99955 0.00045
0.99922 0.00078
0.54793 0.45207
0.28802 0.71198
0.84156 0.15844
0.77196 0.22804
0.11407 0.88593
0.11882 0.88118
0.62200 0.37800
0.23655 0.76345
0.13092 0.86908
0.12341 0.87659
0.12365 0.87635
0.98051 0.01949
0.98948 0.01052
1.00000 0.00000
0.99998 0.00002
0.58109 0.41891
0.66411 0.33589
0.79546 0.20454
0.86402 0.13598
0.79546 0.20454
0.86402 0.13598
0.33012 0.66988
0.39107 0.60893
0.95769 0.04231
0.95769 0.04231
0.89074 0.10926
0.89074 0.10926
0.56929 0.43071
0.56929 0.43071
0.12469 0.87531
0.25286 0.74714
0.12104 0.87896
0.20671 0.79329
0.98249 0.01751
0.92163 0.07837
0.10379 0.89621
0.30064 0.69936
0.16019 0.83981
0.99699 0.00301
0.99373 0.00627
0.99765 0.00235
0.66449 0.33551
0.66449 0.33551
0.75741 0.24259
0.75741 0.24259
0.38783 0.61217
0.38783 0.61217
0.97667 0.02333
0.97667 0.02333
0.72058 0.27942
0.72058 0.27942
0.99967 0.00033
0.07657 0.92343
0.23118 0.76882
0.69097 0.30903
0.63028 0.36972
0.50610 0.49390
0.70531 0.29469
0.24299 0.75701
0.25453 0.74547
0.20368 0.79632
0.24299 0.75701
0.83170 0.16830
0.76522 0.23478
0.87493 0.12507
0.83168 0.16832
0.82274 0.17726
0.52665 0.47335
0.99980 0.00020
0.75414 0.24586
0.94818 0.05182
0.99599 0.00401
0.91352 0.08648
0.99599 0.00401
0.96062 0.03938
0.91352 0.08648
0.35125 0.64875
0.83784 0.16216
0.72684 0.27316
0.25428 0.74572
0.45424 0.54576
0.76175 0.23825
0.15334 0.84666
0.77381 0.22619
0.15625 0.84375
0.17207 0.82793
0.03544 0.96456
0.44487 0.55513
0.85174 0.14826
0.95183 0.04817
0.64314 0.35686
0.90844 0.09156
0.60979 0.39021
0.99989 0.00011
0.52745 0.47255
0.97036 0.02964
0.03703 0.96297
0.17719 0.82281
0.98180 0.01820
0.18788 0.81212
0.16004 0.83996
0.18788 0.81212
0.16004 0.83996
0.95600 0.04400
0.89668 0.10332
0.31340 0.68660
0.58308 0.41692
0.98969 0.01031
0.96434 0.03566
0.38775 0.61225
0.99650 0.00350
0.99856 0.00144
0.35866 0.64134
0.99637 0.00363
0.99955 0.00045
0.99148 0.00852
0.98937 0.01063
0.57960 0.42040
0.99861 0.00139
0.99674 0.00326
0.99980 0.00020
0.69316 0.30684
0.99995 0.00005
0.99995 0.00005
0.45311 0.54689
0.45117 0.54883
0.05001 0.94999
0.59909 0.40091
0.43168 0.56832
0.97733 0.02267
0.96008 0.03992
0.46781 0.53219
0.79750 0.20250
0.99998 0.00002
0.99999 0.00001
0.99999 0.00001
0.92637 0.07363
0.92637 0.07363
0.76503 0.23497
0.99987 0.00013
0.32688 0.67312
0.94655 0.05345
0.32688 0.67312
0.94655 0.05345
0.52976 0.47024
0.55781 0.44219
0.99600 0.00400
0.57580 0.42420
0.71272 0.28728
0.70987 0.29013
0.81786 0.18214
0.32700 0.67300
0.37661 0.62339
0.80302 0.19698
0.80928 0.19072
0.82485 0.17515
0.32153 0.67847
0.96250 0.03750
0.31828 0.68172
0.96659 0.03341
0.95865 0.04135
0.10619 0.89381
0.13002 0.86998
0.99996 0.00004
0.14470 0.85530
0.99996 0.00004
0.99960 0.00040
0.99972 0.00028
0.99974 0.00026
1.00000 0.00000
0.91015 0.08985
0.26699 0.73301
0.81587 0.18413
0.78882 0.21118
0.88177 0.11823
0.93279 0.06721
0.20473 0.79527
0.99416 0.00584
0.13945 0.86055
0.20473 0.79527
0.81503 0.18497
0.20473 0.79527
0.99416 0.00584
0.13945 0.86055
0.20473 0.79527
0.81503 0.18497
0.99952 0.00048
0.80834 0.19166
0.99952 0.00048
0.85701 0.14299
0.11040 0.88960
0.99251 0.00749
0.99703 0.00297
0.97477 0.02523
0.98959 0.01041
0.16517 0.83483
0.24835 0.75165
0.99934 0.00066
0.99895 0.00105
0.86020 0.13980
0.98594 0.01406
0.16630 0.83370
0.99624 0.00376
0.90848 0.09152
0.99398 0.00602
0.44388 0.55612
0.99866 0.00134
0.86021 0.13979
0.99833 0.00167
0.89537 0.10463
0.99348 0.00652
0.99959 0.00041
0.99970 0.00030
0.99985 0.00015
0.99964 0.00036
0.99974 0.00026
0.99970 0.00030
0.95344 0.04656
0.97114 0.02886
0.96380 0.03620
0.94379 0.05621
0.94032 0.05968
0.89709 0.10291
0.99721 0.00279
0.38280 0.61720
0.99739 0.00261
0.89966 0.10034
0.99750 0.00250
0.85507 0.14493
0.99657 0.00343
0.60924 0.39076
0.47316 0.52684
0.41616 0.58384
1.00000 0.00000
0.85836 0.14164
0.13826 0.86174
0.66145 0.33855
0.46959 0.53041
0.79208 0.20792
0.99186 0.00814
0.46753 0.53247
0.98934 0.01066
0.75368 0.24632
0.55463 0.44537
0.74334 0.25666
0.42695 0.57305
0.73601 0.26399
0.89930 0.10070
0.10690 0.89310
0.55957 0.44043
0.79188 0.20812
0.86401 0.13599
0.64805 0.35195
0.94026 0.05974
0.99206 0.00794
0.92858 0.07142
0.54775 0.45225
0.89315 0.10685
0.90163 0.09837
0.97464 0.02536
0.05262 0.94738
0.29471 0.70529
0.39647 0.60353
0.38958 0.61042
0.47606 0.52394
0.29289 0.70711
0.39647 0.60353
0.17691 0.82309
0.15171 0.84829
0.15171 0.84829
0.15171 0.84829
0.15171 0.84829
0.11086 0.88914
0.08608 0.91392
0.16362 0.83638
0.23356 0.76644
0.19925 0.80075
0.25307 0.74693
0.22428 0.77572
0.22428 0.77572
0.13574 0.86426
0.10908 0.89092
0.26139 0.73861
0.31222 0.68778
0.26297 0.73703
0.24811 0.75189
0.31222 0.68778
0.26297 0.73703
0.29472 0.70528
0.50645 0.49355
0.41738 0.58262
0.41589 0.58411
0.58921 0.41079
0.23364 0.76636
0.13978 0.86022
0.17769 0.82231
0.47475 0.52525
0.10499 0.89501
0.06001 0.93999
0.51754 0.48246
0.57270 0.42730
0.12656 0.87344
0.45967 0.54033
0.10957 0.89043
0.43141 0.56859
0.43141 0.56859
0.49741 0.50259
0.49741 0.50259
0.09176 0.90824
0.09176 0.90824
0.33073 0.66927
0.33073 0.66927
0.09176 0.90824
0.09176 0.90824
0.10837 0.89163
0.97060 0.02940
0.95684 0.04316
0.61098 0.38902
0.46301 0.53699
0.55514 0.44486
0.60062 0.39938
0.57479 0.42521
1.00000 0.00000
0.99999 0.00001
0.99626 0.00374
0.99529 0.00470
0.99770 0.00230
0.94455 0.05545
0.98226 0.01774
0.97232 0.02768
0.97232 0.02768
0.71472 0.28528
0.52473 0.47527
0.75401 0.24599
0.79844 0.20156
0.69899 0.30101
0.95325 0.04675
0.95325 0.04675
0.97540 0.02460
0.45004 0.54996
0.45670 0.54330
0.87127 0.12873
0.99935 0.00065
0.99998 0.00001
0.84869 0.15131
0.86542 0.13458
0.63546 0.36454
0.73114 0.26886
0.74908 0.25092
0.81466 0.18534
0.79223 0.20777
0.86567 0.13433
0.84875 0.15125
0.50569 0.49431
0.23319 0.76681
0.96150 0.03850
0.35064 0.64936
0.11240 0.88760
0.27136 0.72864
0.22986 0.77014
0.99908 0.00092
0.25008 0.74992
0.99942 0.00058
0.98686 0.01314
0.98767 0.01233
0.99406 0.00594
0.14313 0.85687
0.99877 0.00123
0.99877 0.00123
0.99837 0.00163
0.99837 0.00163
0.99960 0.00040
0.99960 0.00040
0.99110 0.00890
0.99110 0.00890
0.99877 0.00123
0.99877 0.00123
0.86059 0.13941
0.98607 0.01393
0.16517 0.83483
0.87176 0.12824
0.22385 0.77615
0.90538 0.09462
0.22018 0.77982
0.99883 0.00117
0.11063 0.88937
0.59932 0.40068
0.22619 0.77381
0.79845 0.20155
0.99016 0.00984
0.94459 0.05541
0.83418 0.16582
0.24345 0.75655
0.40473 0.59527
0.90729 0.09271
0.25435 0.74565
0.99975 0.00025
0.99975 0.00025
0.99978 0.00022
0.63857 0.36143
0.63857 0.36143
0.63857 0.36143
0.63857 0.36143
0.63857 0.36143
0.63857 0.36143
0.18815 0.81185
0.56216 0.43784
0.99916 0.00084
0.98266 0.01734
0.99935 0.00065
1.00000 0.00000
0.99987 0.00013
0.09351 0.90649
0.59360 0.40640
0.30557 0.69443
0.49270 0.50730
0.72403 0.27597
0.72403 0.27597
0.30839 0.69161
0.21962 0.78038
0.89925 0.10075
0.45621 0.54379
0.99977 0.00023
0.99983 0.00017
0.96919 0.03081
0.91895 0.08105
0.52543 0.47457
0.35690 0.64310
0.24518 0.75482
0.23867 0.76133
0.14581 0.85419
0.13610 0.86390
0.83943 0.16057
0.13610 0.86390
0.83943 0.16057
0.39967 0.60033
0.31366 0.68634
0.20532 0.79468
0.26413 0.73587
0.25287 0.74713
0.39967 0.60033
0.51874 0.48126
0.39967 0.60033
0.31366 0.68634
0.20532 0.79468
0.26413 0.73587
0.25287 0.74713
0.39967 0.60033
0.51874 0.48126
0.39967 0.60033
0.31366 0.68634
0.20532 0.79468
0.26413 0.73587
0.25287 0.74713
0.39967 0.60033
0.51874 0.48126
0.98928 0.01072
0.49855 0.50145
0.93543 0.06457
0.49103 0.50897
0.79232 0.20768
0.24770 0.75230
0.91647 0.08353
0.02566 0.97434
0.26314 0.73686
0.99995 0.00005
0.22342 0.77658
0.10697 0.89303
0.76904 0.23096
0.91985 0.08015
0.77482 0.22518
0.73417 0.26583
0.63815 0.36185
0.02638 0.97362
0.13498 0.86502
0.10339 0.89661
0.19467 0.80533
0.97548 0.02452
0.14284 0.85716
0.06221 0.93779
0.10021 0.89979
0.62680 0.37320
0.26893 0.73107
0.06297 0.93703
0.06297 0.93703
0.55074 0.44926
0.55074 0.44926
0.12654 0.87346
0.39182 0.60818
0.23307 0.76693
0.22216 0.77784
0.13282 0.86718
0.70132 0.29868
0.99782 0.00218
0.23325 0.76675
0.79120 0.20880
0.77823 0.22177
0.32776 0.67224
0.99914 0.00086
0.89052 0.10948
0.99673 0.00327
0.70134 0.29866
0.09277 0.90723
0.38838 0.61162
0.32404 0.67596
0.99997 0.00003
0.74031 0.25969
0.93922 0.06078
0.50931 0.49069
0.54534 0.45466
0.81126 0.18874
0.59542 0.40458
0.30230 0.69770
0.24256 0.75744
0.71086 0.28914
0.56121 0.43879
0.47430 0.52570
0.67565 0.32435
0.16589 0.83411
0.16129 0.83871
0.22734 0.77266
0.17675 0.82325
0.53656 0.46344
0.43322 0.56678
0.40908 0.59092
0.33286 0.66714
0.95292 0.04708
0.23190 0.76810
0.99994 0.00006
0.96421 0.03579
0.67637 0.32363
0.99983 0.00017
0.99980 0.00020
0.64705 0.35295
0.99987 0.00013
0.12586 0.87414
0.98164 0.01836
0.96884 0.03116
0.29266 0.70734
0.23376 0.76624
0.98164 0.01836
0.96884 0.03116
0.29266 0.70734
0.23376 0.76624
0.99997 0.00003
0.99993 0.00007
0.45811 0.54189
0.38754 0.61246
0.45811 0.54189
0.38754 0.61246
0.98953 0.01047
0.46821 0.53179
0.99732 0.00268
0.74543 0.25457
0.99997 0.00003
0.99993 0.00007
0.16116 0.83884
0.09285 0.90715
0.50083 0.49917
0.07922 0.92078
0.60932 0.39068
0.60932 0.39068
0.98852 0.01148
0.98852 0.01148
0.98852 0.01148
0.98852 0.01148
0.36622 0.63378
0.38135 0.61865
0.63503 0.36497
0.22874 0.77126
0.51013 0.48987
0.14273 0.85727
0.06668 0.93332
0.19980 0.80020
0.14594 0.85406
0.17655 0.82345
0.48966 0.51034
0.47977 0.52023
0.47977 0.52023
0.56149 0.43851
0.33226 0.66774
0.83836 0.16164
0.83836 0.16164
0.81260 0.18740
0.81260 0.18740
0.54044 0.45956
0.54595 0.45405
0.34296 0.65704
0.34758 0.65242
0.99489 0.00511
0.99486 0.00514
0.99363 0.00637
0.99358 0.00642
0.54044 0.45956
0.54595 0.45405
0.48885 0.51115
0.99483 0.00517
0.34345 0.65655
0.97302 0.02698
0.97866 0.02134
0.99950 0.00050
0.54813 0.45187
0.67594 0.32406
0.99568 0.00432
0.62902 0.37098
0.55776 0.44224
0.70317 0.29683
0.22542 0.77458
0.39571 0.60429
0.69756 0.30244
0.89217 0.10783
0.99998 0.00002
0.57817 0.42183
0.98843 0.01157
0.31782 0.68218
0.45171 0.54829
0.99970 0.00030
0.72527 0.27473
0.37029 0.62971
0.34650 0.65350
0.34650 0.65350
0.34650 0.65350
0.34650 0.65350
0.12606 0.87394
0.80767 0.19233
0.12606 0.87394
0.80767 0.19233
0.49403 0.50597
0.75926 0.24074
0.74608 0.25392
0.93110 0.06890
0.25990 0.74010
0.19662 0.80338
0.12497 0.87503
0.16079 0.83921
0.15422 0.84578
0.25990 0.74010
0.36458 0.63542
0.12810 0.87190
0.15107 0.84893
0.11620 0.88380
0.25990 0.74010
0.19662 0.80338
0.12497 0.87503
0.16079 0.83921
0.15422 0.84578
0.25990 0.74010
0.36458 0.63542
0.12810 0.87190
0.15107 0.84893
0.11620 0.88380
0.25990 0.74010
0.19662 0.80338
0.12497 0.87503
0.16079 0.83921
0.15422 0.84578
0.25990 0.74010
0.36458 0.63542
0.12810 0.87190
0.15107 0.84893
0.11620 0.88380
0.17274 0.82726
0.13254 0.86746
0.14858 0.85142
0.26651 0.73349
0.25415 0.74585
0.90784 0.09216
0.16242 0.83758
0.65050 0.34950
0.16453 0.83547
0.13125 0.86875
0.65050 0.34950
0.16453 0.83547
0.65050 0.34950
0.16453 0.83547
0.13125 0.86875
0.65050 0.34950
0.16453 0.83547
0.38510 0.61490
0.38510 0.61490
0.99990 0.00010
0.38510 0.61490
0.38510 0.61490
0.38510 0.61490
0.99990 0.00010
0.38510 0.61490
0.93438 0.06562
0.93438 0.06562
0.52413 0.47587
0.96620 0.03380
0.52413 0.47587
0.46830 0.53170
0.97353 0.02647
0.70911 0.29089
0.79276 0.20724
0.74237 0.25763
0.71968 0.28032
0.71400 0.28600
0.57008 0.42992
0.41247 0.58753
0.76597 0.23403
0.85444 0.14556
0.85192 0.14808
0.97827 0.02173
0.98322 0.01678
0.28432 0.71568
0.27239 0.72761
0.07443 0.92557
0.18666 0.81334
0.23319 0.76680
0.99998 0.00002
0.95271 0.04729
0.99987 0.00013
0.88767 0.11233
0.88767 0.11233
0.62311 0.37689
0.62311 0.37689
0.44512 0.55488
0.44512 0.55488
0.49399 0.50601
0.49399 0.50601
0.95647 0.04353
0.98130 0.01870
0.99977 0.00023
0.99995 0.00005
0.99984 0.00016
0.94592 0.05408
0.99969 0.00031
0.94404 0.05596
0.73779 0.26221
0.96731 0.03269
0.98140 0.01860
0.64765 0.35235
0.99962 0.00038
0.99953 0.00047
0.97979 0.02021
0.98698 0.01302
0.99924 0.00076
0.99862 0.00138
0.99157 0.00843
0.90175 0.09825
0.98308 0.01692
0.94079 0.05921
0.98787 0.01213
0.75380 0.24620
0.63950 0.36050
0.98122 0.01878
0.99976 0.00024
0.94846 0.05154
0.90927 0.09073
0.97959 0.02041
0.96017 0.03983
0.95836 0.04164
0.34697 0.65303
0.18999 0.81001
0.79889 0.20111
0.04729 0.95271
0.43135 0.56865
0.13762 0.86238
0.16817 0.83183
0.95527 0.04473
0.99290 0.00710
0.25837 0.74163
0.97498 0.02502
0.80495 0.19505
0.94806 0.05194
0.23735 0.76265
0.78430 0.21570
0.28338 0.71662
0.98632 0.01368
0.99949 0.00051
0.86896 0.13104
0.99982 0.00018
0.76743 0.23257
0.99983 0.00017
0.75271 0.24729
0.99996 0.00004
0.91292 0.08708
0.99983 0.00017
0.99941 0.00059
0.99941 0.00059
0.99999 0.00001
0.99994 0.00006
0.99994 0.00006
0.55276 0.44724
0.82861 0.17139
0.07815 0.92185
0.13478 0.86522
0.82741 0.17259
0.97940 0.02060
0.25093 0.74907
0.20504 0.79496
0.97385 0.02615
0.64445 0.35555
0.92366 0.07634
0.68137 0.31863
0.97103 0.02897
0.85259 0.14741
0.93170 0.06830
0.51198 0.48802
0.99966 0.00034
0.32558 0.67442
0.36635 0.63365
0.44412 0.55588
0.32558 0.67442
0.36635 0.63365
0.44412 0.55588
0.63332 0.36668
0.15771 0.84229
0.19641 0.80359
0.19641 0.80359
0.46337 0.53663
0.16988 0.83012
0.16025 0.83975
0.15612 0.84388
0.35361 0.64639
0.24022 0.75978
0.34180 0.65820
0.22992 0.77008
0.23135 0.76865
0.25189 0.74811
0.24189 0.75811
0.30755 0.69245
0.14243 0.85757
0.34108 0.65892
0.17393 0.82607
0.11439 0.88561
0.13143 0.86857
0.59620 0.40380
0.21509 0.78491
0.31611 0.68389
0.37907 0.62093
0.58544 0.41456
0.90782 0.09218
0.11630 0.88370
0.65959 0.34041
0.66782 0.33218
0.15105 0.84895
0.93329 0.06671
0.98305 0.01695
0.99062 0.00938
0.08599 0.91401
0.99971 0.00029
0.99971 0.00029
0.62528 0.37472
0.62528 0.37472
0.62528 0.37472
0.62528 0.37472
0.99956 0.00044
0.99956 0.00044
0.99983 0.00017
0.99983 0.00017
0.99409 0.00591
0.98672 0.01328
0.99762 0.00238
0.97009 0.02991
0.39454 0.60546
0.13694 0.86306
0.28356 0.71644
0.28598 0.71402
0.05468 0.94532
0.98364 0.01636
0.99073 0.00927
0.94691 0.05309
0.96997 0.03003
0.97949 0.02051
0.89785 0.10215
0.98783 0.01217
0.93546 0.06454
0.98783 0.01217
0.93546 0.06454
0.94783 0.05217
0.96664 0.03336
0.13688 0.86312
0.08739 0.91261
0.12416 0.87584
0.07939 0.92061
0.08003 0.91997
0.03719 0.96281
0.21243 0.78757
0.04638 0.95362
0.12932 0.87068
0.12932 0.87068
0.97821 0.02179
0.95780 0.04220
0.99566 0.00434
0.83002 0.16998
0.99756 0.00244
0.70485 0.29515
0.97764 0.02236
0.98823 0.01177
0.98823 0.01177
0.98823 0.01177
0.86122 0.13878
0.22267 0.77733
0.61709 0.38291
0.98945 0.01055
0.98081 0.01919
0.99976 0.00024
0.99695 0.00305
0.99969 0.00031
0.99950 0.00050
0.30492 0.69508
0.25619 0.74381
0.87925 0.12075
0.99898 0.00102
0.99854 0.00146
0.99882 0.00118
0.99932 0.00068
0.99987 0.00013
0.99982 0.00018
0.99979 0.00021
0.26201 0.73799
0.99957 0.00043
0.35791 0.64209
0.36910 0.63090
0.27744 0.72256
0.55005 0.44995
0.23670 0.76330
0.99590 0.00410
0.67378 0.32622
0.14719 0.85281
0.99900 0.00100
0.84561 0.15439
0.99900 0.00100
0.84561 0.15439
0.95321 0.04679
0.94445 0.05555
0.30212 0.69788
0.32265 0.67735
0.30212 0.69788
0.35477 0.64523
0.30212 0.69788
0.32265 0.67735
0.30212 0.69788
0.35477 0.64523
0.27610 0.72390
0.30172 0.69828
0.11460 0.88540
0.12093 0.87907
0.16257 0.83743
0.17538 0.82462
0.23657 0.76343
0.35343 0.64657
0.60670 0.39330
0.31221 0.68779
0.30073 0.69927
0.11155 0.88845
0.87395 0.12605
0.98529 0.01471
0.99400 0.00600
0.99530 0.00470
0.99349 0.00651
0.87446 0.12554
0.99621 0.00379
0.99760 0.00240
0.77952 0.22048
0.98899 0.01101
0.86376 0.13624
0.92068 0.07932
0.95053 0.04947
0.92692 0.07308
0.96111 0.03889
0.96325 0.03675
0.80146 0.19854
0.84283 0.15717
0.99066 0.00934
0.77873 0.22127
0.99705 0.00295
0.77873 0.22127
0.99705 0.00295
0.99483 0.00517
0.31895 0.68105
0.79622 0.20378
0.79622 0.20378
0.31744 0.68256
0.38114 0.61886
0.39685 0.60315
0.28485 0.71515
0.36503 0.63497
0.53714 0.46286
0.50141 0.49859
0.54675 0.45325
0.40006 0.59994
0.61057 0.38943
0.06046 0.93954
0.05410 0.94590
0.61723 0.38277
0.58875 0.41125
0.16590 0.83410
0.99699 0.00301
0.09945 0.90055
0.98994 0.01006
0.11761 0.88239
0.46308 0.53692
0.99721 0.00279
0.46308 0.53692
0.52135 0.47865
0.05864 0.94136
0.22742 0.77258
0.99705 0.00295
0.94707 0.05293
0.99986 0.00014
0.90456 0.09544
0.99996 0.00004
0.63317 0.36683
0.54358 0.45642
0.97550 0.02450
0.11165 0.88835
0.11165 0.88835
0.84055 0.15945
0.84055 0.15945
0.21597 0.78403
0.21597 0.78403
0.99994 0.00006
0.08511 0.91489
0.41099 0.58901
0.99499 0.00501
0.75796 0.24204
0.75796 0.24204
0.19250 0.80750
0.19250 0.80750
0.12115 0.87885
0.12115 0.87885
0.96262 0.03738
0.96262 0.03738
0.17715 0.82285
0.17715 0.82285
0.33071 0.66929
0.33071 0.66929
0.17715 0.82285
0.17715 0.82285
0.96262 0.03738
0.96262 0.03738
0.33071 0.66929
0.33071 0.66929
0.48042 0.51958
0.75308 0.24692
0.69419 0.30581
0.95303 0.04697
0.78558 0.21442
0.34663 0.65337
0.60625 0.39375
0.96024 0.03976
0.93621 0.06379
0.80260 0.19740
0.15365 0.84635
0.17456 0.82544
0.87720 0.12280
0.86874 0.13126
0.99999 0.00001
0.75246 0.24754
0.74092 0.25908
0.26948 0.73052
0.49974 0.50026
0.99999 0.00001
0.07842 0.92158
0.58938 0.41062
0.44393 0.55607
0.44393 0.55607
0.58771 0.41229
0.58357 0.41643
0.99928 0.00072
0.74260 0.25740
0.85381 0.14619
0.59896 0.40104
0.99928 0.00072
0.74260 0.25740
0.97616 0.02384
0.19085 0.80915
0.12876 0.87124
0.99592 0.00408
0.36507 0.63493
0.24898 0.75102
0.44365 0.55635
0.35939 0.64061
0.47660 0.52340
0.72823 0.27177
0.51070 0.48930
0.46272 0.53728
0.36786 0.63214
0.15694 0.84306
0.81622 0.18378
0.93098 0.06902
0.98794 0.01206
0.23714 0.76286
0.14754 0.85246
0.88051 0.11949
0.84635 0.15365
0.20342 0.79658
0.83975 0.16025
0.26987 0.73013
0.05773 0.94227
0.42367 0.57633
0.85036 0.14964
0.40119 0.59881
0.11238 0.88762
0.97574 0.02426
0.92189 0.07811
0.92189 0.07811
0.98818 0.01182
0.45172 0.54828
0.55223 0.44777
0.98818 0.01182
0.45172 0.54828
0.55223 0.44777
0.89556 0.10444
0.97179 0.02821
0.97915 0.02085
0.99945 0.00055
0.99971 0.00029
0.99937 0.00063
0.49181 0.50819
0.99939 0.00061
0.15850 0.84150
0.94759 0.05241
0.24866 0.75134
0.10424 0.89576
0.51969 0.48031
0.19712 0.80288
0.65568 0.34432
0.99999 0.00001
0.99685 0.00315
0.99279 0.00721
0.50990 0.49010
0.99819 0.00181
0.99918 0.00082
0.99931 0.00069
0.91468 0.08532
0.91007 0.08993
0.94017 0.05983
0.99992 0.00008
0.99742 0.00258
0.32200 0.67800
0.96839 0.03161
0.37438 0.62562
0.17010 0.82990
0.99974 0.00026
0.25021 0.74979
0.24512 0.75488
0.99992 0.00008
0.99976 0.00024
0.31221 0.68779
0.13337 0.86663
0.99999 0.00001
0.99999 0.00001
0.39809 0.60191
0.39809 0.60191
0.39809 0.60191
0.39809 0.60191
1.00000 0.00000
0.99812 0.00188
0.96625 0.03375
0.92704 0.07296
0.56298 0.43702
0.59588 0.40412
0.64161 0.35839
0.55838 0.44162
0.66796 0.33204
0.61174 0.38826
0.99224 0.00776
0.41385 0.58615
0.50909 0.49091
0.38856 0.61144
0.33522 0.66478
0.23410 0.76590
0.25327 0.74673
0.28216 0.71784
0.14738 0.85262
0.84046 0.15954
0.26540 0.73460
0.92154 0.07846
0.39614 0.60386
0.20478 0.79522
0.73923 0.26077
0.88016 0.11984
0.40955 0.59045
0.19851 0.80149
0.19365 0.80635
0.99927 0.00073
0.99958 0.00042
0.61969 0.38031
0.60520 0.39480
0.97275 0.02725
0.26922 0.73078
0.90105 0.09895
0.16837 0.83163
0.82549 0.17451
0.98052 0.01948
0.61798 0.38202
1.00000 0.00000
0.70175 0.29825
1.00000 0.00000
0.66098 0.33902
0.99984 0.00016
0.64053 0.35947
0.99999 0.00001
0.51835 0.48165
0.99984 0.00016
0.64053 0.35947
0.99996 0.00004
0.85406 0.14594
0.99999 0.00001
0.39315 0.60685
0.57054 0.42946
0.75161 0.24839
0.75161 0.24839
0.75161 0.24839
0.75161 0.24839
0.53931 0.46069
0.48946 0.51054
0.35062 0.64938
0.75717 0.24283
0.21940 0.78060
0.61576 0.38424
0.64001 0.35999
0.64722 0.35278
0.79678 0.20322
0.80535 0.19465
0.61899 0.38101
0.54717 0.45283
0.94137 0.05863
0.70083 0.29917
0.23198 0.76802
0.98514 0.01486
0.89082 0.10918
0.78304 0.21696
0.26146 0.73854
0.91848 0.08152
0.99961 0.00039
0.99961 0.00039
0.99926 0.00074
0.99931 0.00069
0.99921 0.00079
0.99989 0.00011
0.78086 0.21914
0.73290 0.26710
0.80577 0.19423
0.76215 0.23785
0.77162 0.22838
0.72258 0.27742
0.65569 0.34431
0.61413 0.38587
0.65569 0.34431
0.61413 0.38587
0.64476 0.35524
0.63692 0.36308
0.68789 0.31211
0.68011 0.31989
0.99893 0.00107
0.99891 0.00109
0.66137 0.33863
0.65360 0.34640
0.68684 0.31316
0.67876 0.32124
0.99902 0.00098
0.99900 0.00100
0.66137 0.33863
0.65360 0.34640
0.99902 0.00098
0.99900 0.00100
0.68684 0.31316
0.67876 0.32124
0.99902 0.00098
0.99900 0.00100
0.56541 0.43459
0.59577 0.40423
0.99247 0.00753
0.57662 0.42338
0.99244 0.00756
0.60068 0.39932
0.99244 0.00756
0.61902 0.38098
0.65560 0.34440
0.77141 0.22859
0.99660 0.00340
0.40994 0.59006
0.43264 0.56736
0.71890 0.28110
0.20808 0.79192
1.00000 0.00000
0.43260 0.56740
0.43260 0.56740
0.94815 0.05185
0.99928 0.00072
0.99887 0.00113
0.91971 0.08029
0.92064 0.07936
0.85466 0.14534
0.82229 0.17771
0.75940 0.24060
0.76932 0.23068
0.69707 0.30293
0.81801 0.18199
0.90523 0.09477
0.95574 0.04426
0.92878 0.07122
0.87134 0.12866
0.95724 0.04276
0.93203 0.06797
0.95724 0.04276
0.93203 0.06797
0.43790 0.56210
0.50080 0.49920
0.48732 0.51268
0.36544 0.63456
0.42691 0.57309
0.42216 0.57784
0.51788 0.48212
0.50719 0.49281
0.35853 0.64147
0.36737 0.63263
0.40973 0.59027
0.46684 0.53316
0.46680 0.53320
0.42146 0.57854
0.22663 0.77337
0.86643 0.13357
0.06680 0.93320
0.88912 0.11088
0.12655 0.87345
0.99215 0.00785
0.97886 0.02114
0.38795 0.61205
0.85534 0.14466
0.52162 0.47838
0.61677 0.38323
0.21449 0.78551
0.44972 0.55028
0.60099 0.39901
0.33081 0.66919
0.33017 0.66983
0.43382 0.56618
0.43382 0.56618
0.07717 0.92283
0.08086 0.91914
0.99982 0.00018
0.10944 0.89056
0.99998 0.00002
0.80551 0.19449
0.99877 0.00123
0.08029 0.91971
0.83003 0.16997
0.99586 0.00414
0.80737 0.19263
0.25849 0.74151
0.97130 0.02870
0.35873 0.64127
0.36039 0.63961
0.92349 0.07651
0.35873 0.64127
0.57336 0.42664
0.72409 0.27591
0.73394 0.26606
0.85505 0.14495
0.28127 0.71873
0.99999 0.00001
0.99991 0.00009
0.99988 0.00012
0.99996 0.00004
0.54847 0.45153
0.52022 0.47978
0.93759 0.06241
0.93494 0.06506
0.54847 0.45153
0.52022 0.47978
0.91784 0.08216
0.91358 0.08642
0.27697 0.72303
0.28816 0.71184
0.89911 0.10089
0.89911 0.10089
1.00000 0.00000
1.00000 0.00000
1.00000 0.00000
1.00000 0.00000
0.99600 0.00400
0.99930 0.00070
0.08824 0.91176
0.84217 0.15783
0.29807 0.70193
0.52803 0.47197
0.92626 0.07374
0.60565 0.39435
0.60565 0.39435
0.60565 0.39435
0.60565 0.39435
0.23399 0.76601
0.23399 0.76601
0.99911 0.00089
0.99911 0.00089
0.23399 0.76601
0.23399 0.76601
0.23897 0.76103
0.92977 0.07023
0.99992 0.00008
0.99996 0.00004
0.88298 0.11702
0.99232 0.00768
0.42813 0.57187
0.44048 0.55952
0.99985 0.00015
0.69088 0.30912
0.95120 0.04880
0.99981 0.00019
0.99831 0.00169
0.99579 0.00421
0.99764 0.00236
0.98552 0.01448
0.99918 0.00082
0.99906 0.00094
0.19877 0.80123
0.24397 0.75603
0.93339 0.06661
0.95478 0.04522
0.08202 0.91798
0.14097 0.85903
0.99995 0.00005
0.12919 0.87081
0.99992 0.00008
0.99946 0.00054
0.99911 0.00089
0.99506 0.00494
0.99762 0.00238
0.54485 0.45515
0.54485 0.45515
0.68600 0.31400
0.86517 0.13483
0.85834 0.14166
0.99239 0.00761
0.97949 0.02051
0.35626 0.64374
0.98395 0.01605
0.56277 0.43723
0.64853 0.35147
0.71830 0.28170
0.51987 0.48013
0.84019 0.15981
0.67098 0.32902
0.22030 0.77970
0.35013 0.64987
0.11684 0.88316
0.08842 0.91158
0.19954 0.80046
0.13881 0.86119
0.97398 0.02602
0.18487 0.81513
0.59703 0.40297
0.71971 0.28029
0.05204 0.94796
0.87376 0.12624
0.98991 0.01009
0.99990 0.00010
0.90578 0.09422
0.64495 0.35505
0.85730 0.14270
0.85759 0.14241
0.86671 0.13329
0.81794 0.18206
0.88120 0.11880
0.60176 0.39824
0.76089 0.23911
0.35991 0.64009
0.49897 0.50103
0.79147 0.20853
0.68707 0.31293
0.68707 0.31293
0.29487 0.70513
0.08236 0.91764
0.10980 0.89020
0.99255 0.00745
0.98337 0.01663
0.30007 0.69993
0.99818 0.00182
0.01825 0.98175
0.05413 0.94587
0.89949 0.10051
0.22864 0.77136
0.99925 0.00075
0.99577 0.00423
0.99766 0.00234
0.08906 0.91094
0.90673 0.09327
0.90626 0.09373
0.94527 0.05473
0.93794 0.06206
0.21144 0.78856
0.20441 0.79559
0.69330 0.30670
0.70704 0.29296
0.61407 0.38593
0.61407 0.38593
0.92183 0.07817
0.92183 0.07817
0.72799 0.27201
0.99696 0.00304
0.94172 0.05828
0.44913 0.55087
0.69588 0.30412
0.98473 0.01527
0.07854 0.92146
0.99999 0.00001
0.99951 0.00049
0.99822 0.00178
0.48094 0.51906
0.99984 0.00016
0.27725 0.72275
0.43843 0.56157
0.99978 0.00022
0.24755 0.75245
0.82991 0.17009
0.24755 0.75245
0.82991 0.17009
0.99989 0.00011
0.99781 0.00219
0.43873 0.56127
0.99723 0.00277
0.27828 0.72172
0.99996 0.00004
0.27828 0.72172
0.99996 0.00004
0.99995 0.00005
0.99999 0.00001
0.99999 0.00001
0.57447 0.42553
0.15245 0.84755
0.28126 0.71874
0.24727 0.75273
0.85164 0.14836
0.98395 0.01605
0.87579 0.12421
0.29181 0.70819
0.94863 0.05137
0.99994 0.00006
0.99897 0.00103
0.99919 0.00081
0.90755 0.09245
0.88834 0.11166
0.87217 0.12783
0.85172 0.14828
0.65623 0.34377
0.61342 0.38658
0.59658 0.40342
0.62251 0.37749
0.57788 0.42212
0.56079 0.43921
0.80121 0.19879
0.43682 0.56318
0.51512 0.48488
0.47113 0.52887
0.51512 0.48488
0.47113 0.52887
0.43669 0.56331
0.45474 0.54526
0.27821 0.72179
0.36146 0.63854
0.04974 0.95026
0.05559 0.94441
0.31368 0.68632
0.90287 0.09713
0.37469 0.62531
0.99989 0.00011
0.95301 0.04699
0.69160 0.30840
0.67767 0.32233
0.74917 0.25083
0.67767 0.32233
0.32093 0.67907
0.27211 0.72789
0.26513 0.73487
0.24994 0.75006
0.31453 0.68547
0.47093 0.52907
0.21343 0.78657
0.14930 0.85070
0.23203 0.76797
0.37071 0.62929
0.99987 0.00013
0.90988 0.09012
0.68545 0.31455
0.47031 0.52969
0.70836 0.29164
0.04556 0.95444
0.29259 0.70741
0.80973 0.19027
0.87121 0.12879
0.26112 0.73888
0.95850 0.04150
0.36003 0.63997
0.95850 0.04150
0.36003 0.63997
0.95850 0.04150
0.36003 0.63997
0.97670 0.02330
0.92626 0.07374
0.75184 0.24816
0.83137 0.16863
0.98700 0.01300
0.85731 0.14269
0.41791 0.58209
0.98702 0.01298
0.99971 0.00029
0.22001 0.77999
0.22001 0.77999
0.22001 0.77999
0.22001 0.77999
0.28591 0.71409
0.53468 0.46532
0.53468 0.46532
0.53468 0.46532
0.53468 0.46532
0.67226 0.32774
0.38218 0.61782
0.37094 0.62906
0.87575 0.12425
0.51841 0.48159
0.99259 0.00741
0.82921 0.17079
0.40794 0.59206
0.90821 0.09179
0.99779 0.00221
0.99991 0.00009
0.91719 0.08281
0.99879 0.00121
0.94672 0.05328
0.86511 0.13489
0.67188 0.32812
0.94672 0.05328
0.86511 0.13489
0.67188 0.32812
0.48507 0.51493
0.99993 0.00007
0.94062 0.05938
0.93495 0.06505
0.87643 0.12357
0.60556 0.39444
0.18683 0.81317
0.37750 0.62250
0.56484 0.43516
0.47970 0.52030
0.99919 0.00081
0.09094 0.90906
0.98610 0.01390
0.99993 0.00007
0.15680 0.84320
0.99733 0.00267
0.99601 0.00399
0.17690 0.82310
0.14523 0.85477
0.13974 0.86026
0.18708 0.81292
0.17719 0.82281
0.89423 0.10577
0.90940 0.09060
0.99999 0.00001
0.99999 0.00001
0.99824 0.00176
0.99781 0.00219
0.99831 0.00169
0.99785 0.00215
0.99981 0.00019
0.34496 0.65504
0.30962 0.69038
0.99558 0.00442
0.26740 0.73260
0.25091 0.74909
0.30612 0.69388
0.27594 0.72406
0.27594 0.72406
0.21067 0.78933
0.91134 0.08866
0.28240 0.71760
0.28240 0.71760
0.27595 0.72405
0.27220 0.72780
0.27220 0.72780
0.28454 0.71546
0.12488 0.87512
0.73158 0.26842
0.45293 0.54707
0.35635 0.64365
0.99819 0.00181
0.33562 0.66438
0.99985 0.00015
0.34156 0.65844
0.80960 0.19040
0.80960 0.19040
0.44189 0.55811
0.99979 0.00021
0.99979 0.00021
0.43470 0.56530
0.31831 0.68169
0.99867 0.00133
0.99867 0.00133
0.15570 0.84430
0.40816 0.59184
0.41586 0.58414
0.99389 0.00611
0.74439 0.25561
0.96628 0.03372
0.25225 0.74775
0.99959 0.00041
0.99959 0.00041
0.94845 0.05155
0.18334 0.81666
0.16584 0.83416
0.23678 0.76322
0.93943 0.06057
0.94378 0.05622
0.99996 0.00004
0.07256 0.92744
0.94076 0.05924
0.98903 0.01097
0.90735 0.09265
0.90735 0.09265
0.76471 0.23529
0.17952 0.82048
0.19362 0.80638
0.15949 0.84051
0.68583 0.31417
0.19362 0.80638
0.17228 0.82772
0.18697 0.81303
0.63746 0.36254
0.84436 0.15564
0.14833 0.85167
0.60909 0.39091
0.71287 0.28713
0.05404 0.94596
0.30028 0.69972
0.23859 0.76141
0.92671 0.07329
0.99995 0.00005
0.95437 0.04563
0.98069 0.01931
0.62903 0.37097
0.10820 0.89180
0.10451 0.89549
0.62903 0.37097
0.10820 0.89180
0.10451 0.89549
0.98109 0.01891
0.99886 0.00114
0.85579 0.14421
0.91211 0.08789
0.94788 0.05212
0.96978 0.03022
0.88150 0.11850
0.90815 0.09185
0.88150 0.11850
0.90815 0.09185
0.02471 0.97529
0.08397 0.91603
0.15413 0.84587
0.72859 0.27141
0.93763 0.06237
0.93763 0.06237
0.86560 0.13440
0.86560 0.13440
0.39703 0.60297
0.39703 0.60297
0.97928 0.02072
0.79292 0.20708
0.60351 0.39649
0.60636 0.39364
0.80486 0.19514
0.21363 0.78637
0.97397 0.02603
0.73894 0.26106
0.96085 0.03915
0.39303 0.60697
0.09301 0.90699
0.99951 0.00049
0.13312 0.86688
0.35509 0.64491
0.14014 0.85986
0.30769 0.69231
0.27193 0.72807
0.98785 0.01215
0.11407 0.88593
0.11407 0.88593
0.51003 0.48997
0.98285 0.01715
0.98905 0.01095
0.97314 0.02686
0.12331 0.87669
0.21807 0.78193
0.97051 0.02949
0.27149 0.72851
0.05777 0.94223
0.35866 0.64134
0.54224 0.45776
0.99968 0.00032
0.54224 0.45776
0.99968 0.00032
0.71469 0.28531
0.99917 0.00083
0.24947 0.75053
0.12335 0.87665
0.99975 0.00025
0.71476 0.28524
0.67208 0.32792
0.99963 0.00037
0.54989 0.45011
0.99481 0.00519
0.63604 0.36396
0.99788 0.00212
0.55172 0.44828
0.99974 0.00026
0.30431 0.69569
0.55172 0.44828
0.99974 0.00026
0.30431 0.69569
0.66070 0.33930
0.99953 0.00047
0.99999 0.00001
0.97611 0.02389
0.63723 0.36277
0.97411 0.02589
0.99699 0.00301
0.98696 0.01304
0.99978 0.00022
0.99947 0.00053
0.99638 0.00362
0.97291 0.02709
0.65891 0.34109
0.98545 0.01455
0.97343 0.02657
0.74497 0.25503
0.63720 0.36280
0.73378 0.26622
0.93490 0.06510
0.87532 0.12468
0.93052 0.06948
0.90833 0.09167
0.41293 0.58707
0.90314 0.09686
0.29484 0.70516
0.62691 0.37309
0.49521 0.50479
0.99994 0.00006
0.93592 0.06408
0.86874 0.13126
0.92574 0.07426
0.92170 0.07830
0.93028 0.06972
0.99868 0.00132
0.73446 0.26554
0.46290 0.53710
0.91162 0.08838
0.99993 0.00007
0.96724 0.03276
0.97978 0.02022
0.99988 0.00012
0.57769 0.42231
0.96111 0.03889
0.86970 0.13030
0.71364 0.28636
0.23200 0.76800
0.13597 0.86403
0.36715 0.63285
0.69926 0.30074
0.77111 0.22889
0.20026 0.79974
0.69926 0.30074
0.69926 0.30074
0.88752 0.11248
0.80831 0.19169
0.41693 0.58307
0.96159 0.03841
0.99916 0.00084
0.94322 0.05678
0.18376 0.81624
0.09376 0.90624
0.93160 0.06840
0.31897 0.68103
0.99873 0.00127
0.24432 0.75568
0.97819 0.02181
0.21367 0.78633
0.25667 0.74333
0.21777 0.78223
0.12268 0.87732
0.12268 0.87732
0.24346 0.75654
0.24346 0.75654
0.06732 0.93268
0.97280 0.02720
0.09499 0.90501
0.12733 0.87267
0.14221 0.85779
0.29223 0.70777
0.24505 0.75495
0.26876 0.73124
0.23979 0.76021
0.29223 0.70777
0.24505 0.75495
0.26876 0.73124
0.23979 0.76021
0.31001 0.68999
0.99994 0.00006
0.95835 0.04165
0.96730 0.03270
0.04855 0.95145
0.37473 0.62527
0.17517 0.82483
0.63164 0.36836
0.60930 0.39070
0.69677 0.30323
0.66808 0.33192
0.79146 0.20854
0.73942 0.26058
0.73942 0.26058
0.79013 0.20987
0.65392 0.34608
0.76429 0.23571
0.79146 0.20854
0.73942 0.26058
0.73942 0.26058
0.79013 0.20987
0.65392 0.34608
0.76429 0.23571
0.79146 0.20854
0.73942 0.26058
0.73942 0.26058
0.79013 0.20987
0.65392 0.34608
0.76429 0.23571
0.79606 0.20394
0.79606 0.20394
0.89338 0.10662
0.93587 0.06413
0.53292 0.46708
0.70181 0.29819
0.84583 0.15417
0.67395 0.32605
0.64646 0.35354
0.78930 0.21070
0.93731 0.06269
0.19385 0.80615
0.96269 0.03731
0.97862 0.02138
0.97862 0.02138
0.85287 0.14713
0.58873 0.41127
0.58873 0.41127
0.99365 0.00635
0.97325 0.02675
0.99997 0.00003
0.99962 0.00038
0.56508 0.43492
0.95700 0.04300
0.95700 0.04300
0.31696 0.68304
0.98030 0.01970
0.23463 0.76537
0.96949 0.03051
0.48691 0.51309
0.99812 0.00188
0.27914 0.72086
0.99390 0.00610
0.36207 0.63793
0.99574 0.00426
0.16741 0.83259
0.15552 0.84448
0.16741 0.83259
0.15552 0.84448
0.12114 0.87886
0.15315 0.84685
0.70850 0.29150
0.51118 0.48882
0.23810 0.76190
0.32590 0.67410
0.39411 0.60589
0.99324 0.00676
0.98288 0.01712
0.99312 0.00688
0.43106 0.56894
0.46173 0.53827
0.99996 0.00004
0.99997 0.00003
0.24993 0.75007
0.30467 0.69533
0.99875 0.00125
0.99992 0.00008
0.99996 0.00004
0.98639 0.01361
0.08955 0.91045
0.09623 0.90377
0.08142 0.91858
0.08739 0.91261
0.75380 0.24620
0.16766 0.83234
0.99098 0.00902
0.13414 0.86586
0.15761 0.84239
0.13414 0.86586
0.12614 0.87386
0.12614 0.87386
0.13581 0.86419
0.16338 0.83662
0.78538 0.21462
0.99994 0.00006
0.78538 0.21462
0.97941 0.02059
0.94452 0.05548
0.99570 0.00430
0.99990 0.00010
0.99989 0.00011
0.99965 0.00035
0.99965 0.00035
0.98926 0.01074
0.99978 0.00022
0.90826 0.09174
0.94639 0.05361
0.01215 0.98785
0.15079 0.84921
0.15079 0.84921
0.09113 0.90887
0.33215 0.66785
0.30213 0.69787
0.43906 0.56094
0.29586 0.70414
0.53522 0.46478
0.66217 0.33783
0.37819 0.62181
0.21654 0.78346
0.48411 0.51589
0.29062 0.70938
0.62120 0.37880
0.48411 0.51589
0.29062 0.70938
0.62120 0.37880
0.65006 0.34994
0.59896 0.40104
0.93959 0.06041
0.94143 0.05857
0.89466 0.10534
0.65453 0.34547
0.65297 0.34703
0.54078 0.45922
0.88165 0.11835
0.06628 0.93372
0.06063 0.93937
0.81474 0.18526
0.44547 0.55453
0.95429 0.04571
0.99642 0.00358
0.99725 0.00275
0.47815 0.52185
0.35136 0.64864
0.41079 0.58921
0.68762 0.31238
0.09071 0.90929
0.45757 0.54243
0.99034 0.00966
0.98378 0.01622
0.27273 0.72727
0.35891 0.64109
0.45444 0.54556
0.98812 0.01188
0.97037 0.02963
0.99999 0.00001
0.57077 0.42923
1.00000 0.00000
0.37575 0.62425
0.37575 0.62425
0.64230 0.35770
0.54448 0.45552
0.13462 0.86538
0.12527 0.87473
0.05650 0.94350
0.13681 0.86319
0.98183 0.01817
0.09883 0.90117
0.30943 0.69057
0.98432 0.01568
0.98432 0.01568
0.80882 0.19118
0.25212 0.74788
0.98994 0.01006
0.94971 0.05029
0.99935 0.00065
0.99486 0.00514
0.99975 0.00025
0.66018 0.33982
0.98751 0.01249
0.86507 0.13493
0.14676 0.85324
0.15381 0.84619
0.19524 0.80476
0.21516 0.78484
0.05454 0.94546
0.04979 0.95021
0.16998 0.83002
0.07260 0.92740
0.54703 0.45297
0.81937 0.18063
0.99994 0.00006
0.22887 0.77113
0.16801 0.83199
0.18397 0.81603
0.84959 0.15041
0.58829 0.41171
0.40773 0.59227
0.36881 0.63119
0.36881 0.63119
0.14804 0.85196
0.14804 0.85196
0.37240 0.62760
0.63257 0.36743
0.21943 0.78057
0.20795 0.79205
0.48282 0.51718
0.35061 0.64939
0.95459 0.04541
0.24757 0.75243
0.13978 0.86022
0.10572 0.89428
0.51580 0.48420
0.51580 0.48420
0.65222 0.34778
0.66153 0.33847
0.51580 0.48420
0.51580 0.48420
0.65222 0.34778
0.66153 0.33847
0.37862 0.62138
0.27217 0.72783
0.24010 0.75990
0.43572 0.56428
0.27217 0.72783
0.24010 0.75990
0.43572 0.56428
0.54432 0.45568
0.54432 0.45568
0.68682 0.31318
0.54432 0.45568
0.54432 0.45568
0.68682 0.31318
0.34509 0.65491
0.43397 0.56603
0.43397 0.56603
0.59508 0.40492
0.43397 0.56603
0.43397 0.56603
0.59508 0.40492
0.86994 0.13006
0.99994 0.00006
0.99610 0.00390
0.99858 0.00142
0.99997 0.00003
0.90778 0.09222
0.55681 0.44319
0.99358 0.00642
0.99664 0.00336
0.92209 0.07791
0.98442 0.01558
0.98985 0.01015
0.53916 0.46084
0.73162 0.26838
0.99906 0.00094
0.38656 0.61344
0.59487 0.40513
0.64910 0.35090
0.80918 0.19082
0.99996 0.00004
0.63488 0.36512
0.80103 0.19897
0.94259 0.05741
0.99929 0.00071
0.90629 0.09371
0.66557 0.33443
0.59909 0.40091
0.99287 0.00713
0.99943 0.00057
0.82886 0.17114
0.58984 0.41016
0.88293 0.11707
0.99843 0.00157
0.03923 0.96077
0.18698 0.81302
0.48440 0.51560
0.84116 0.15884
0.84116 0.15884
0.55217 0.44783
0.98560 0.01440
0.92318 0.07682
0.40800 0.59200
0.52885 0.47115
0.52885 0.47115
0.52885 0.47115
0.49937 0.50063
0.16123 0.83877
0.15709 0.84291
0.14773 0.85227
0.75646 0.24354
0.53865 0.46135
0.53865 0.46135
0.53865 0.46135
0.53865 0.46135
0.28692 0.71308
0.20145 0.79855
0.18270 0.81730
0.58653 0.41347
0.53754 0.46246
0.19555 0.80445
0.98083 0.01917
0.17958 0.82042
0.99838 0.00162
0.92599 0.07401
0.28357 0.71643
0.77713 0.22287
0.77713 0.22287
0.99978 0.00022
0.94981 0.05019
0.22756 0.77244
0.86289 0.13711
0.16885 0.83115
0.09098 0.90902
0.99824 0.00176
0.71560 0.28440
0.99894 0.00106
0.26082 0.73918
0.21959 0.78041
0.62384 0.37616
0.74744 0.25256
0.90673 0.09327
0.95837 0.04163
0.95837 0.04163
0.95919 0.04081
0.95837 0.04163
0.95837 0.04163
0.95919 0.04081
0.83215 0.16785
0.83215 0.16785
0.93039 0.06961
0.17976 0.82024
0.86509 0.13491
0.86509 0.13491
0.86273 0.13727
0.86509 0.13491
0.86509 0.13491
0.86273 0.13727
0.99954 0.00046
0.99963 0.00037
0.98616 0.01384
0.11046 0.88954
0.15977 0.84023
0.99787 0.00213
0.37802 0.62198
0.42581 0.57419
0.92980 0.07020
0.41304 0.58696
0.97753 0.02247
0.99241 0.00759
0.57969 0.42031
0.94802 0.05198
0.99034 0.00966
0.99034 0.00966
0.94802 0.05198
0.95594 0.04406
0.87054 0.12946
0.99060 0.00940
0.83457 0.16543
0.98486 0.01514
0.40552 0.59448
0.99697 0.00303
0.99840 0.00160
0.87755 0.12245
0.83335 0.16665
0.13086 0.86914
0.80285 0.19715
0.95151 0.04849
0.90743 0.09257
0.80819 0.19181
0.65144 0.34856
0.99995 0.00005
0.99952 0.00048
0.99995 0.00005
0.99955 0.00045
0.99999 0.00001
0.99998 0.00002
0.99917 0.00083
0.99917 0.00083
0.69413 0.30587
0.69413 0.30587
0.98456 0.01544
0.98456 0.01544
0.98456 0.01544
0.59764 0.40236
0.59764 0.40236
0.59764 0.40236
0.61151 0.38849
0.45378 0.54622
0.29045 0.70955
0.32157 0.67843
0.99241 0.00759
0.36637 0.63363
0.99241 0.00759
0.36637 0.63363
0.99241 0.00759
0.36637 0.63363
0.45827 0.54173
0.45827 0.54173
0.34737 0.65263
0.36823 0.63177
0.36823 0.63177
0.32780 0.67220
0.35844 0.64156
0.35844 0.64156
0.33318 0.66682
0.99981 0.00019
0.99987 0.00013
