0.14008 0.85992
0.58150 0.41850
0.29655 0.70345
0.28780 0.71220
0.28780 0.71220
0.54400 0.45600
0.66184 0.33816
0.22248 0.77752
0.78824 0.21176
0.37527 0.62473
0.32135 0.67865
0.94176 0.05824
0.28187 0.71813
0.29722 0.70278
0.31641 0.68359
0.41630 0.58370
0.38076 0.61924
0.33864 0.66136
0.33864 0.66136
0.22341 0.77659
0.42659 0.57341
0.46068 0.53932
0.42659 0.57341
0.46068 0.53932
0.47779 0.52221
0.45558 0.54442
0.41951 0.58049
0.46993 0.53007
0.47779 0.52221
0.45558 0.54442
0.41951 0.58049
0.46993 0.53007
0.43400 0.56600
0.32599 0.67401
0.29138 0.70862
0.32215 0.67785
0.82675 0.17325
0.69753 0.30247
0.22593 0.77407
0.23891 0.76109
0.22154 0.77846
0.25386 0.74614
0.24371 0.75629
0.23036 0.76964
0.18586 0.81414
0.28524 0.71476
0.24768 0.75232
0.82707 0.17293
0.82904 0.17096
0.75839 0.24161
0.79423 0.20577
0.92814 0.07186
0.92585 0.07415
0.92814 0.07186
0.84106 0.15894
0.83553 0.16447
0.31075 0.68925
0.41239 0.58761
0.33507 0.66493
0.33526 0.66474
0.97494 0.02506
0.97290 0.02710
0.95866 0.04134
0.95594 0.04406
0.95233 0.04767
0.93001 0.06999
0.55949 0.44051
0.92590 0.07410
0.90893 0.09107
0.90779 0.09221
0.41556 0.58444
0.53787 0.46213
0.84472 0.15528
0.74041 0.25959
0.73231 0.26769
0.84528 0.15472
0.81950 0.18050
0.67289 0.32711
0.69357 0.30643
0.69357 0.30643
0.69357 0.30643
0.69357 0.30643
0.69253 0.30747
0.69253 0.30747
0.74660 0.25340
0.43331 0.56669
0.44488 0.55512
0.44488 0.55512
0.41029 0.58971
0.81656 0.18344
0.67382 0.32618
0.46832 0.53168
0.45568 0.54432
0.54434 0.45566
0.54589 0.45411
0.53292 0.46708
0.54361 0.45639
0.50578 0.49422
0.36502 0.63498
0.46690 0.53310
0.43191 0.56809
0.45135 0.54865
0.34145 0.65855
0.34837 0.65163
0.35424 0.64576
0.32024 0.67976
0.40088 0.59912
0.33824 0.66176
0.99922 0.00078
0.99934 0.00066
0.99926 0.00074
0.98276 0.01724
0.99941 0.00059
0.44523 0.55477
0.21353 0.78647
0.21268 0.78732
0.75457 0.24543
0.56725 0.43275
0.76905 0.23095
0.58333 0.41667
0.17417 0.82583
0.18076 0.81924
0.85489 0.14511
0.96259 0.03741
0.97229 0.02771
0.61602 0.38398
0.29696 0.70304
0.35313 0.64687
0.50602 0.49398
0.51317 0.48683
0.49586 0.50414
0.49586 0.50414
0.23875 0.76125
0.26334 0.73666
0.52003 0.47997
0.78737 0.21263
0.35244 0.64756
0.30871 0.69129
0.39736 0.60264
0.32671 0.67329
0.41861 0.58139
0.33785 0.66215
0.41861 0.58139
0.33785 0.66215
0.44245 0.55755
0.46502 0.53498
0.38220 0.61780
0.43236 0.56764
0.68522 0.31478
0.79351 0.20649
0.69721 0.30279
0.45574 0.54426
0.85717 0.14283
0.24258 0.75742
0.71804 0.28196
0.29352 0.70648
0.94833 0.05167
0.94359 0.05641
0.66318 0.33682
0.94460 0.05540
0.93860 0.06140
0.94018 0.05982
0.94513 0.05487
0.94109 0.05891
0.94018 0.05982
0.86580 0.13420
0.49457 0.50543
0.35933 0.64067
0.39151 0.60849
0.20310 0.79690
0.96521 0.03479
0.94725 0.05275
0.96873 0.03127
0.94788 0.05212
0.39149 0.60851
0.23103 0.76897
0.81123 0.18877
0.40263 0.59737
0.29511 0.70489
0.20392 0.79608
0.25534 0.74466
0.26554 0.73446
0.93523 0.06477
0.32037 0.67963
0.99684 0.00316
0.98383 0.01617
0.99573 0.00427
0.32379 0.67621
0.18652 0.81348
0.24961 0.75039
0.28763 0.71237
0.26116 0.73884
0.24115 0.75885
0.95179 0.04821
0.95179 0.04821
0.27150 0.72850
0.56000 0.44000
0.20732 0.79268
0.91582 0.08418
0.50591 0.49409
0.38997 0.61003
0.71916 0.28084
0.48088 0.51912
0.92502 0.07498
0.68911 0.31089
0.99329 0.00671
0.51660 0.48340
0.58239 0.41761
0.74533 0.25467
0.63903 0.36097
0.18767 0.81233
0.66992 0.33008
0.65488 0.34512
0.65488 0.34512
0.98229 0.01771
0.38360 0.61640
0.98556 0.01444
0.38360 0.61640
0.99868 0.00132
0.33154 0.66846
0.49116 0.50884
0.38976 0.61024
0.41148 0.58852
0.40868 0.59132
0.47509 0.52491
0.99984 0.00016
0.49163 0.50837
0.99831 0.00169
0.99820 0.00180
0.99770 0.00230
0.99762 0.00238
0.99680 0.00320
0.35126 0.64874
0.82704 0.17296
0.78910 0.21091
0.27702 0.72298
0.32712 0.67288
0.45447 0.54553
0.84491 0.15509
0.55784 0.44216
0.95044 0.04956
0.55784 0.44216
0.95044 0.04956
0.18670 0.81330
0.27076 0.72924
0.85738 0.14262
0.24354 0.75646
0.25531 0.74469
0.26517 0.73483
0.22847 0.77153
0.73852 0.26148
0.62504 0.37496
0.93967 0.06033
0.62504 0.37496
0.95378 0.04622
0.60836 0.39164
0.53873 0.46127
0.48768 0.51232
0.89602 0.10398
0.89602 0.10398
0.66668 0.33332
0.66668 0.33332
0.22051 0.77949
0.33065 0.66935
0.69982 0.30018
0.15206 0.84794
0.15449 0.84551
0.34849 0.65151
0.35864 0.64136
0.50497 0.49503
0.52170 0.47830
0.99309 0.00691
0.61271 0.38729
0.53076 0.46924
0.51143 0.48857
0.92406 0.07594
0.56164 0.43836
0.32468 0.67532
0.78813 0.21187
0.74537 0.25463
0.82475 0.17525
0.79607 0.20393
0.82475 0.17525
0.79607 0.20393
0.28505 0.71495
0.91750 0.08250
0.27613 0.72387
0.80803 0.19197
0.80803 0.19197
0.76552 0.23448
0.39839 0.60161
0.30737 0.69263
0.98163 0.01837
0.99998 0.00002
0.71709 0.28291
0.46019 0.53981
0.44118 0.55882
0.99118 0.00882
0.58842 0.41158
0.58842 0.41158
0.98861 0.01139
0.99122 0.00878
0.58842 0.41158
0.58842 0.41158
0.98814 0.01186
0.28605 0.71395
0.29031 0.70969
0.93991 0.06009
0.50521 0.49479
0.69056 0.30944
0.72347 0.27653
0.84256 0.15744
0.85374 0.14626
0.84956 0.15044
0.79371 0.20629
0.95092 0.04908
0.94996 0.05004
0.79139 0.20861
0.79139 0.20861
0.79139 0.20861
0.79139 0.20861
0.58288 0.41712
0.35866 0.64134
0.35866 0.64134
0.87682 0.12318
0.51959 0.48041
0.99652 0.00348
0.84088 0.15912
0.41612 0.58388
0.41612 0.58388
0.36012 0.63988
0.94373 0.05627
0.93999 0.06001
0.45854 0.54146
0.27954 0.72046
0.20989 0.79011
0.33198 0.66802
0.29737 0.70263
0.41320 0.58680
0.41320 0.58680
0.41270 0.58730
0.64629 0.35371
0.47113 0.52887
0.35958 0.64042
0.76633 0.23367
0.86109 0.13891
0.98553 0.01447
0.97919 0.02081
0.21253 0.78747
0.86727 0.13273
0.95463 0.04537
0.93743 0.06257
0.80364 0.19636
0.68223 0.31777
0.94496 0.05504
0.78720 0.21280
0.98205 0.01795
0.97156 0.02844
0.42550 0.57450
0.43853 0.56147
0.93082 0.06918
0.98190 0.01810
0.97132 0.02868
0.42661 0.57339
0.41731 0.58269
0.16961 0.83039
0.16340 0.83660
0.73221 0.26779
0.44152 0.55848
0.97313 0.02687
0.85457 0.14543
0.48365 0.51635
0.48365 0.51635
0.73675 0.26325
0.25121 0.74879
0.57695 0.42305
0.85719 0.14281
0.23250 0.76750
0.88625 0.11375
0.87053 0.12947
0.72970 0.27030
0.97839 0.02161
0.70393 0.29607
0.97454 0.02546
0.56278 0.43722
0.56278 0.43722
0.48041 0.51959
0.48041 0.51959
0.90062 0.09938
0.88891 0.11109
0.97156 0.02844
0.81987 0.18013
0.90244 0.09756
0.51252 0.48748
0.18167 0.81833
0.69552 0.30448
0.24907 0.75093
0.69552 0.30448
0.24907 0.75093
0.85910 0.14090
0.39402 0.60598
0.87161 0.12839
0.35989 0.64011
0.72728 0.27272
0.35501 0.64499
0.71817 0.28183
0.81424 0.18576
0.81334 0.18666
0.80499 0.19501
0.93860 0.06140
0.85722 0.14278
0.45844 0.54156
0.59574 0.40426
0.85122 0.14878
0.45005 0.54995
0.58795 0.41205
0.99293 0.00707
0.99257 0.00743
0.36434 0.63566
0.41185 0.58815
0.48297 0.51703
0.99257 0.00743
0.99669 0.00331
0.99669 0.00331
0.94499 0.05501
0.94499 0.05501
0.95049 0.04951
0.96950 0.03050
0.96950 0.03050
0.98321 0.01679
0.72036 0.27964
0.78505 0.21495
0.78505 0.21495
0.96197 0.03803
0.92521 0.07479
0.72890 0.27110
0.81582 0.18418
0.80699 0.19301
0.99292 0.00708
0.99292 0.00708
0.89987 0.10013
0.89987 0.10013
0.99739 0.00261
0.43094 0.56906
0.46267 0.53733
0.30385 0.69615
0.49010 0.50990
0.40057 0.59943
0.81741 0.18259
0.35732 0.64268
0.98833 0.01167
0.89478 0.10522
0.59786 0.40214
0.83755 0.16245
0.26572 0.73428
0.99790 0.00210
0.98073 0.01927
0.22330 0.77670
0.78467 0.21533
0.98425 0.01575
0.98796 0.01204
0.29788 0.70212
0.30098 0.69902
0.29935 0.70065
0.30022 0.69978
0.99599 0.00401
0.98444 0.01556
0.99731 0.00269
0.45562 0.54438
0.57157 0.42843
0.91919 0.08081
0.90734 0.09266
0.36996 0.63004
0.63440 0.36560
0.70253 0.29747
0.61577 0.38423
0.89672 0.10328
0.94404 0.05596
0.98166 0.01834
0.99755 0.00245
0.82491 0.17509
0.82491 0.17509
0.99755 0.00245
0.74008 0.25992
0.68280 0.31720
0.72863 0.27137
0.69727 0.30273
0.20918 0.79082
0.74779 0.25221
0.48003 0.51997
0.48926 0.51074
0.88627 0.11373
0.23855 0.76145
0.24977 0.75023
0.25532 0.74468
0.96627 0.03373
0.92595 0.07405
0.89824 0.10176
0.94628 0.05372
0.44681 0.55319
0.84968 0.15032
0.47392 0.52608
0.83153 0.16847
0.97217 0.02783
0.91036 0.08964
0.88168 0.11832
0.98170 0.01830
0.94608 0.05392
0.84539 0.15461
0.72519 0.27481
0.51619 0.48381
0.97041 0.02959
0.98639 0.01361
0.98921 0.01079
0.96293 0.03707
0.55108 0.44892
0.50939 0.49061
0.83423 0.16577
0.63763 0.36237
0.98341 0.01659
0.73096 0.26904
0.31466 0.68534
0.62658 0.37342
0.34986 0.65014
0.64935 0.35065
0.60588 0.39412
0.74089 0.25911
0.45788 0.54212
0.67604 0.32396
0.90123 0.09877
0.39659 0.60341
0.39258 0.60742
0.64053 0.35947
0.60553 0.39447
0.98977 0.01023
0.62373 0.37627
0.99236 0.00764
0.61648 0.38352
0.58150 0.41850
0.99022 0.00978
0.59919 0.40081
0.99227 0.00773
0.93107 0.06893
0.49698 0.50302
0.94505 0.05495
0.47764 0.52236
0.92902 0.07098
0.41701 0.58299
0.38280 0.61720
0.58498 0.41502
0.97892 0.02108
0.97395 0.02605
0.99961 0.00039
0.32812 0.67188
0.87454 0.12546
0.39595 0.60405
0.93114 0.06886
0.39595 0.60405
0.93114 0.06886
0.92385 0.07615
0.99996 0.00004
0.73724 0.26276
0.86469 0.13531
0.93654 0.06346
0.66292 0.33708
0.65233 0.34767
0.37260 0.62740
0.39911 0.60089
0.99825 0.00175
0.86716 0.13284
0.62418 0.37582
0.42101 0.57899
0.66977 0.33023
0.21657 0.78343
0.73857 0.26143
0.80851 0.19149
0.78593 0.21407
0.33030 0.66970
0.92637 0.07363
0.99794 0.00206
0.74570 0.25430
0.69100 0.30900
0.61163 0.38837
0.89043 0.10957
0.62468 0.37532
0.16118 0.83882
0.57889 0.42111
0.14843 0.85157
0.23314 0.76686
0.63492 0.36508
0.26031 0.73969
0.58496 0.41504
0.98435 0.01565
0.46236 0.53764
0.99875 0.00125
0.37026 0.62974
0.99938 0.00062
0.42918 0.57082
0.79705 0.20295
0.98802 0.01198
0.99466 0.00534
0.99135 0.00865
0.90844 0.09156
0.99084 0.00916
0.44503 0.55497
0.82443 0.17557
0.76082 0.23918
0.79748 0.20252
0.71997 0.28003
0.94498 0.05502
0.90030 0.09970
0.90440 0.09560
0.44245 0.55755
0.94765 0.05235
0.99990 0.00010
0.42527 0.57473
0.86787 0.13213
0.38109 0.61891
0.76265 0.23735
0.97344 0.02656
0.43357 0.56643
0.80680 0.19320
0.97953 0.02047
0.46992 0.53008
0.87885 0.12115
0.41089 0.58911
0.84500 0.15500
0.31561 0.68439
0.36784 0.63216
0.32199 0.67801
0.15929 0.84071
0.84526 0.15474
0.84130 0.15870
0.80819 0.19181
0.78144 0.21856
0.91763 0.08237
0.63294 0.36706
0.98552 0.01448
0.34128 0.65872
0.98198 0.01802
0.99878 0.00122
0.98173 0.01827
0.77794 0.22206
0.78109 0.21891
0.78109 0.21891
0.25654 0.74346
0.31236 0.68764
0.34284 0.65716
0.43056 0.56944
0.42968 0.57032
0.99899 0.00101
0.39858 0.60142
0.19139 0.80861
0.75628 0.24372
0.23087 0.76913
0.39734 0.60266
0.35826 0.64174
0.40407 0.59593
0.36429 0.63571
0.39181 0.60819
0.35339 0.64661
0.84139 0.15861
0.83480 0.16520
0.42019 0.57981
0.37786 0.62214
0.65245 0.34755
0.27103 0.72897
0.37679 0.62321
0.22566 0.77434
0.73086 0.26914
0.73086 0.26914
0.90903 0.09097
0.90903 0.09097
0.76660 0.23340
0.76660 0.23340
0.93332 0.06668
0.93332 0.06668
0.91566 0.08434
0.91566 0.08434
0.73097 0.26903
0.73097 0.26903
0.61572 0.38428
0.85745 0.14255
0.77461 0.22539
0.34665 0.65335
0.30732 0.69268
0.31528 0.68472
0.92308 0.07692
0.32284 0.67716
0.99863 0.00137
0.92154 0.07846
0.95341 0.04659
0.89592 0.10408
0.82884 0.17116
0.30195 0.69805
0.30545 0.69455
0.30545 0.69455
0.92411 0.07589
0.92462 0.07538
0.92110 0.07890
0.95996 0.04004
0.96029 0.03971
0.95812 0.04188
0.77070 0.22930
0.76561 0.23439
0.64246 0.35754
0.65942 0.34058
0.65315 0.34685
0.99358 0.00642
0.99464 0.00536
0.43726 0.56274
0.90922 0.09078
0.94012 0.05988
0.92205 0.07795
0.57097 0.42903
0.56201 0.43799
0.56201 0.43799
0.57097 0.42903
0.76357 0.23643
0.87158 0.12842
0.44916 0.55084
0.55643 0.44357
0.99863 0.00137
0.53855 0.46145
0.99846 0.00155
0.80526 0.19474
0.80526 0.19474
0.79754 0.20246
0.32592 0.67408
0.33546 0.66454
0.49419 0.50581
0.66348 0.33652
0.79453 0.20547
0.63028 0.36972
0.73924 0.26076
0.80221 0.19779
0.24770 0.75230
0.26167 0.73833
0.24400 0.75600
0.29416 0.70584
0.79463 0.20537
0.85546 0.14454
0.25087 0.74913
0.28127 0.71873
0.79463 0.20537
0.85546 0.14454
0.25087 0.74913
0.28127 0.71873
0.50511 0.49489
0.56613 0.43387
0.89003 0.10997
0.85903 0.14097
0.93135 0.06865
0.95880 0.04120
0.22532 0.77468
0.35871 0.64129
0.36337 0.63663
0.35332 0.64668
0.37794 0.62206
0.35332 0.64668
0.37794 0.62206
0.56754 0.43246
0.56754 0.43246
0.56754 0.43246
0.56754 0.43246
0.69937 0.30063
0.74901 0.25099
0.31948 0.68052
0.37070 0.62930
0.28911 0.71089
0.29318 0.70682
0.27256 0.72744
0.26823 0.73177
0.31392 0.68608
0.41300 0.58700
0.35032 0.64968
0.38310 0.61690
0.32328 0.67672
0.95870 0.04130
0.39669 0.60331
0.85549 0.14451
0.88909 0.11091
0.99882 0.00118
0.87992 0.12008
0.89710 0.10290
0.26633 0.73367
0.96285 0.03715
0.99112 0.00888
0.91094 0.08906
0.35368 0.64632
0.19794 0.80206
0.41847 0.58153
0.92788 0.07212
0.89852 0.10148
0.44609 0.55391
0.93255 0.06745
0.41814 0.58186
0.98951 0.01049
0.42672 0.57328
0.50265 0.49735
0.33389 0.66611
0.99876 0.00124
0.74257 0.25743
0.60696 0.39304
0.97229 0.02771
0.61954 0.38046
0.49337 0.50663
0.49337 0.50663
0.79880 0.20120
0.89184 0.10816
0.35442 0.64558
0.33475 0.66525
0.66359 0.33641
0.31036 0.68964
0.29481 0.70519
0.55638 0.44362
0.55431 0.44569
0.50295 0.49705
0.99672 0.00328
0.99692 0.00308
0.46550 0.53450
0.92273 0.07727
0.92575 0.07425
0.99626 0.00374
0.62861 0.37139
0.36218 0.63782
0.81367 0.18633
0.30069 0.69931
0.38289 0.61711
0.41087 0.58913
0.96800 0.03200
0.91379 0.08621
0.38289 0.61711
0.41087 0.58913
0.34873 0.65127
0.34873 0.65127
0.48874 0.51126
0.47838 0.52162
0.36168 0.63832
0.22881 0.77119
0.40361 0.59639
0.39073 0.60927
0.43838 0.56162
0.42354 0.57646
0.92098 0.07902
0.31866 0.68134
0.50163 0.49837
0.99884 0.00116
0.99704 0.00296
0.80139 0.19861
0.99560 0.00440
0.96858 0.03142
0.99730 0.00270
0.99364 0.00636
0.99364 0.00636
0.48224 0.51776
0.51848 0.48152
0.50822 0.49178
0.52902 0.47098
0.98921 0.01079
0.50124 0.49876
0.57912 0.42088
0.49958 0.50042
0.50368 0.49632
0.56222 0.43778
0.53483 0.46517
0.92841 0.07159
0.57738 0.42262
0.55962 0.44038
0.42837 0.57163
0.42837 0.57163
0.77726 0.22274
0.77726 0.22274
0.44685 0.55315
0.44685 0.55315
0.83172 0.16828
0.87249 0.12751
0.33651 0.66349
0.52880 0.47120
0.52880 0.47120
0.88788 0.11212
0.88788 0.11212
0.74855 0.25145
0.74855 0.25145
0.42769 0.57231
0.80653 0.19347
0.42592 0.57408
0.27312 0.72688
0.41475 0.58525
0.64177 0.35823
0.66086 0.33914
0.56926 0.43074
0.64523 0.35477
0.50467 0.49533
0.81401 0.18599
0.80205 0.19795
0.80205 0.19795
0.87752 0.12248
0.44344 0.55656
0.24600 0.75400
0.96560 0.03440
0.51229 0.48771
0.51625 0.48375
0.99194 0.00806
0.99367 0.00633
0.99368 0.00632
0.96680 0.03320
0.99931 0.00069
0.99931 0.00069
0.78898 0.21102
0.41719 0.58281
0.93538 0.06462
0.37140 0.62860
0.30017 0.69983
0.44803 0.55197
0.81199 0.18801
0.92447 0.07553
0.86304 0.13696
0.92447 0.07553
0.86304 0.13696
0.87984 0.12016
0.46487 0.53513
0.40722 0.59278
0.59697 0.40303
0.52503 0.47497
0.61178 0.38822
0.79496 0.20504
0.72604 0.27396
0.47883 0.52117
0.91872 0.08128
0.89142 0.10858
0.75719 0.24281
0.83943 0.16057
0.85766 0.14234
0.34947 0.65053
0.27736 0.72264
0.27511 0.72489
0.26120 0.73880
0.99848 0.00152
0.36957 0.63043
0.36298 0.63702
0.36298 0.63702
0.42146 0.57854
0.78667 0.21333
0.53519 0.46481
0.52192 0.47808
0.72911 0.27089
0.55348 0.44652
0.29859 0.70141
0.26752 0.73248
0.85605 0.14395
0.99903 0.00097
0.99458 0.00542
0.48013 0.51987
0.58452 0.41548
0.24331 0.75669
0.53347 0.46653
0.63003 0.36997
0.35057 0.64943
0.66733 0.33267
0.21857 0.78143
0.42244 0.57756
0.22777 0.77223
0.37987 0.62013
0.94664 0.05336
0.18508 0.81492
0.32071 0.67929
0.20301 0.79699
0.68260 0.31740
0.74284 0.25716
0.98630 0.01370
0.99992 0.00008
0.81282 0.18718
0.81282 0.18718
0.91218 0.08782
0.72095 0.27905
0.72009 0.27991
0.72095 0.27905
0.71035 0.28965
0.72095 0.27905
0.72095 0.27905
0.72009 0.27991
0.72095 0.27905
0.71035 0.28965
0.72095 0.27905
0.72095 0.27905
0.72009 0.27991
0.72095 0.27905
0.71035 0.28965
0.72095 0.27905
0.86757 0.13243
0.96812 0.03188
0.36722 0.63278
0.94602 0.05398
0.70879 0.29121
0.50981 0.49019
0.51714 0.48286
0.23572 0.76428
0.99577 0.00423
0.36124 0.63876
0.40471 0.59529
0.40008 0.59992
0.95130 0.04870
0.91112 0.08888
0.36199 0.63801
0.93559 0.06441
0.84233 0.15767
0.93559 0.06441
0.84233 0.15767
0.48626 0.51374
0.94729 0.05271
0.32440 0.67560
0.55169 0.44831
0.99721 0.00279
0.88599 0.11401
0.55169 0.44831
0.99717 0.00283
0.88500 0.11500
0.66780 0.33220
0.93785 0.06215
0.85058 0.14942
0.66780 0.33220
0.93785 0.06215
0.85058 0.14942
0.43473 0.56527
0.43473 0.56527
0.43473 0.56527
0.43473 0.56527
0.32635 0.67365
0.40880 0.59120
0.82224 0.17776
0.33112 0.66887
0.20028 0.79972
0.39014 0.60986
0.40042 0.59958
0.27739 0.72261
0.29298 0.70702
0.91374 0.08626
0.93949 0.06051
0.93298 0.06702
0.33386 0.66614
0.35870 0.64130
0.37392 0.62608
0.38351 0.61649
0.33386 0.66614
0.35870 0.64130
0.37392 0.62608
0.59721 0.40279
0.29520 0.70480
0.30996 0.69004
0.43909 0.56091
0.83177 0.16823
0.88925 0.11075
0.87183 0.12817
0.18966 0.81034
0.88147 0.11853
0.85457 0.14543
0.50133 0.49867
0.76306 0.23694
0.98504 0.01496
0.98504 0.01496
0.92107 0.07893
0.50657 0.49343
0.99956 0.00044
0.99080 0.00920
0.99619 0.00381
0.96487 0.03513
0.89846 0.10154
0.26328 0.73672
0.30655 0.69345
0.73945 0.26055
0.33006 0.66994
0.72397 0.27603
0.29739 0.70261
0.35604 0.64396
0.76567 0.23433
0.28077 0.71923
0.31820 0.68180
0.86229 0.13771
0.29163 0.70837
0.84171 0.15829
0.94277 0.05723
0.88499 0.11501
0.92775 0.07225
0.99868 0.00132
0.98632 0.01368
0.68813 0.31187
0.45747 0.54253
0.98181 0.01819
0.99084 0.00916
0.80559 0.19441
0.26577 0.73423
0.66804 0.33196
0.94697 0.05303
0.65013 0.34987
0.61471 0.38529
0.41114 0.58886
0.41114 0.58886
0.39992 0.60008
0.40832 0.59168
0.93103 0.06897
0.44565 0.55435
0.91461 0.08539
0.91461 0.08539
0.35132 0.64868
0.99701 0.00299
0.97881 0.02119
0.70558 0.29442
0.72955 0.27045
0.99208 0.00792
0.98690 0.01310
0.99827 0.00173
0.53234 0.46766
0.80653 0.19347
0.42068 0.57932
0.35318 0.64682
0.34158 0.65842
0.92250 0.07750
0.51516 0.48484
0.53754 0.46246
0.92764 0.07236
0.48608 0.51392
0.49746 0.50254
0.96688 0.03312
0.94996 0.05004
0.55539 0.44461
0.22887 0.77113
0.38116 0.61884
0.31877 0.68123
0.92023 0.07977
0.50112 0.49888
0.92223 0.07777
0.45952 0.54048
0.92949 0.07051
0.92949 0.07051
0.99970 0.00030
0.92949 0.07051
0.99970 0.00030
0.55953 0.44047
0.38008 0.61992
0.83080 0.16920
0.75502 0.24498
0.42599 0.57401
0.42599 0.57401
0.42599 0.57401
0.68276 0.31724
0.68276 0.31724
0.14877 0.85123
0.19879 0.80121
0.99494 0.00506
0.98728 0.01272
0.92836 0.07164
0.52621 0.47379
0.76307 0.23693
0.92799 0.07201
0.69534 0.30466
0.46067 0.53933
0.97405 0.02595
0.91430 0.08570
0.59294 0.40706
0.99235 0.00765
0.23087 0.76913
0.27349 0.72651
0.47391 0.52609
0.61018 0.38982
0.47391 0.52609
0.61018 0.38982
0.47391 0.52609
0.61018 0.38982
0.47391 0.52609
0.61018 0.38982
0.99995 0.00005
0.97038 0.02962
0.99995 0.00005
0.97217 0.02783
0.51397 0.48603
0.36900 0.63100
0.48331 0.51669
0.26895 0.73105
0.92623 0.07377
0.49886 0.50114
0.98781 0.01219
0.99818 0.00182
0.98788 0.01212
0.48455 0.51545
0.99801 0.00199
0.17849 0.82151
0.29614 0.70386
0.99919 0.00081
0.99883 0.00117
0.99920 0.00080
0.99920 0.00080
0.99930 0.00070
0.99954 0.00046
0.43897 0.56103
0.43897 0.56103
0.43897 0.56103
0.38526 0.61474
0.20959 0.79041
0.93950 0.06050
0.38239 0.61761
0.42510 0.57490
0.52314 0.47686
0.52314 0.47686
0.46652 0.53348
0.99526 0.00474
0.51263 0.48737
0.64776 0.35224
0.83604 0.16396
0.79944 0.20056
0.13171 0.86829
0.84001 0.15999
0.90473 0.09527
0.88270 0.11730
0.52285 0.47715
0.62436 0.37564
0.59250 0.40750
0.84001 0.15999
0.90473 0.09527
0.88270 0.11730
0.46366 0.53634
0.67136 0.32864
0.78612 0.21388
0.68400 0.31600
0.34621 0.65379
0.50180 0.49820
0.38762 0.61238
0.21054 0.78946
0.41760 0.58240
0.82170 0.17830
0.87612 0.12388
0.48265 0.51735
0.25238 0.74762
0.98617 0.01383
0.36708 0.63292
0.34042 0.65958
0.33682 0.66318
0.24149 0.75851
0.14066 0.85934
0.49195 0.50805
0.46286 0.53714
0.60332 0.39668
0.45989 0.54011
0.96303 0.03697
0.45190 0.54810
0.59271 0.40729
0.63163 0.36837
0.79643 0.20357
0.89204 0.10796
0.89204 0.10796
0.72347 0.27653
0.97334 0.02666
0.98205 0.01795
0.77422 0.22578
0.77422 0.22578
0.48713 0.51287
0.18821 0.81179
0.95769 0.04231
0.95923 0.04077
0.94883 0.05117
0.19408 0.80591
0.75066 0.24934
0.90655 0.09345
0.99993 0.00007
0.20595 0.79405
0.18403 0.81597
0.18799 0.81201
0.28196 0.71804
0.27304 0.72696
0.66695 0.33305
0.27790 0.72210
0.27939 0.72061
0.06849 0.93151
0.30036 0.69964
0.73156 0.26844
0.24850 0.75150
0.47526 0.52474
0.91699 0.08301
0.99940 0.00060
0.66105 0.33895
0.80172 0.19828
0.78660 0.21340
0.83022 0.16978
0.83022 0.16978
0.99944 0.00056
0.84309 0.15691
0.99924 0.00076
0.79144 0.20856
0.85056 0.14944
0.83581 0.16419
0.62469 0.37531
0.79453 0.20547
0.60276 0.39724
0.89742 0.10258
0.99749 0.00251
0.87477 0.12523
0.99675 0.00325
0.98616 0.01384
0.68609 0.31391
0.97937 0.02063
0.24455 0.75545
0.83005 0.16995
0.24213 0.75787
0.85699 0.14301
0.94034 0.05966
0.95707 0.04293
0.99721 0.00279
0.39903 0.60097
0.85329 0.14671
0.99796 0.00204
0.44565 0.55435
0.88752 0.11248
0.31528 0.68472
0.60964 0.39036
0.35053 0.64947
0.21016 0.78984
0.23409 0.76591
0.23401 0.76599
0.99555 0.00445
0.65006 0.34994
0.99633 0.00367
0.68727 0.31273
0.69595 0.30405
0.99150 0.00850
0.99212 0.00788
0.51562 0.48438
0.51562 0.48438
0.97724 0.02276
0.97724 0.02276
0.51562 0.48438
0.51562 0.48438
0.51562 0.48438
0.51562 0.48438
0.87416 0.12584
0.91256 0.08744
0.91256 0.08744
0.62572 0.37428
0.89052 0.10948
0.99931 0.00069
0.99672 0.00328
0.26680 0.73320
0.27760 0.72240
0.99949 0.00051
0.99949 0.00051
0.99949 0.00051
0.99899 0.00101
0.99581 0.00419
0.97612 0.02388
0.97612 0.02388
0.28197 0.71803
0.90656 0.09344
0.36433 0.63567
0.65343 0.34657
0.25231 0.74769
0.23638 0.76362
0.41863 0.58137
0.30499 0.69501
0.92769 0.07231
0.89412 0.10588
0.65062 0.34938
0.65062 0.34938
0.14268 0.85732
0.99827 0.00173
0.92651 0.07349
0.43675 0.56325
0.32427 0.67573
0.40679 0.59321
0.69655 0.30345
0.71480 0.28520
0.72023 0.27977
0.70143 0.29857
0.67079 0.32921
0.64295 0.35705
0.32002 0.67998
0.34971 0.65029
0.29977 0.70023
0.32796 0.67204
0.26405 0.73595
0.72964 0.27036
0.23959 0.76041
0.71257 0.28743
0.75388 0.24612
0.78635 0.21365
0.30608 0.69392
0.74487 0.25513
0.74487 0.25513
0.22174 0.77826
0.35441 0.64559
0.63009 0.36991
0.46499 0.53501
0.92825 0.07175
0.47885 0.52115
0.47885 0.52115
0.47885 0.52115
0.47885 0.52115
0.23093 0.76907
0.23160 0.76840
0.23433 0.76567
0.31589 0.68411
0.96127 0.03873
0.29148 0.70852
0.82001 0.17999
0.78540 0.21460
0.85293 0.14707
0.85293 0.14707
0.87851 0.12149
0.97911 0.02089
0.98270 0.01730
0.98270 0.01730
0.92388 0.07612
0.92388 0.07612
0.46311 0.53689
0.47359 0.52641
0.82862 0.17138
0.82862 0.17138
0.99986 0.00014
0.99651 0.00349
0.99651 0.00349
0.99482 0.00518
0.98249 0.01751
0.34210 0.65790
0.99876 0.00124
0.83732 0.16268
0.95131 0.04869
0.95184 0.04816
0.96593 0.03407
0.94506 0.05494
0.99625 0.00375
0.97499 0.02501
0.99634 0.00366
0.99634 0.00366
0.20940 0.79060
0.18713 0.81287
0.93200 0.06800
0.82574 0.17426
0.87892 0.12108
0.84011 0.15989
0.41192 0.58808
0.65867 0.34133
0.95176 0.04824
0.24994 0.75006
0.67049 0.32951
0.26680 0.73320
0.99513 0.00487
0.65867 0.34133
0.95176 0.04824
0.24994 0.75006
0.88450 0.11550
0.53194 0.46806
0.53996 0.46004
0.91390 0.08610
0.98280 0.01720
0.89151 0.10849
0.54022 0.45978
0.54022 0.45978
0.79046 0.20954
0.81693 0.18307
0.52912 0.47088
0.52912 0.47088
0.77173 0.22827
0.80948 0.19052
0.41454 0.58546
0.63104 0.36896
0.31030 0.68970
0.63104 0.36896
0.29615 0.70385
0.31260 0.68740
0.29615 0.70385
0.29615 0.70385
0.31260 0.68740
0.29615 0.70385
0.90231 0.09769
0.82419 0.17581
0.47851 0.52149
0.38741 0.61259
0.97877 0.02123
0.98645 0.01355
0.45339 0.54661
0.43694 0.56306
0.45892 0.54108
0.44222 0.55778
0.99135 0.00865
0.50001 0.49999
0.28499 0.71501
0.29988 0.70012
0.86464 0.13536
0.63019 0.36981
0.38549 0.61451
0.37571 0.62429
0.60029 0.39971
0.59800 0.40200
0.80314 0.19686
0.78722 0.21278
0.77346 0.22654
0.52816 0.47184
0.52197 0.47803
0.25055 0.74945
0.24781 0.75218
0.32427 0.67573
0.32797 0.67203
0.49422 0.50578
0.98966 0.01034
0.35362 0.64638
0.35362 0.64638
0.15048 0.84952
0.97407 0.02593
0.96650 0.03350
0.97006 0.02994
0.97636 0.02364
0.97382 0.02618
0.25128 0.74872
0.56827 0.43173
0.91362 0.08638
0.59291 0.40709
0.33912 0.66088
0.35884 0.64116
0.33949 0.66051
0.82352 0.17648
0.49833 0.50167
0.52952 0.47048
0.49724 0.50276
0.32417 0.67583
0.34545 0.65455
0.32420 0.67580
0.92448 0.07552
0.92448 0.07552
0.27391 0.72609
0.27391 0.72609
0.72263 0.27737
0.80512 0.19488
0.85538 0.14462
0.18128 0.81872
0.84964 0.15036
0.55405 0.44595
0.67590 0.32410
0.44411 0.55589
0.68380 0.31620
0.29505 0.70495
0.96170 0.03830
0.96528 0.03472
0.45199 0.54801
0.27188 0.72812
0.33621 0.66379
0.37294 0.62706
0.31627 0.68373
0.28052 0.71948
0.82282 0.17718
0.95547 0.04453
0.46935 0.53065
0.46935 0.53065
0.38802 0.61198
0.56638 0.43362
0.99840 0.00160
0.99799 0.00201
0.99766 0.00234
0.99994 0.00006
0.99590 0.00410
0.87974 0.12026
0.99461 0.00539
0.88784 0.11216
0.99699 0.00301
0.99733 0.00267
0.98334 0.01666
0.99356 0.00644
0.78930 0.21070
0.84428 0.15572
0.99944 0.00056
0.98162 0.01838
0.97534 0.02466
0.98598 0.01402
0.58109 0.41891
0.48638 0.51362
0.94325 0.05675
0.92150 0.07850
0.37040 0.62960
0.85067 0.14933
0.32616 0.67384
0.23548 0.76452
0.97724 0.02276
0.32931 0.67069
0.85595 0.14405
0.43088 0.56912
0.94654 0.05346
0.92242 0.07758
0.93185 0.06815
0.91084 0.08916
0.99127 0.00873
0.99377 0.00623
0.98411 0.01589
0.45423 0.54577
0.49199 0.50801
0.39579 0.60421
0.89992 0.10008
0.88074 0.11926
0.10321 0.89679
0.29186 0.70814
0.26700 0.73300
0.40680 0.59320
0.18100 0.81900
0.45603 0.54397
0.84092 0.15908
0.79290 0.20710
0.79172 0.20828
0.22399 0.77601
0.61554 0.38446
0.99378 0.00622
0.77276 0.22724
0.35626 0.64374
0.92502 0.07498
0.99954 0.00046
0.67646 0.32354
0.32921 0.67079
0.54685 0.45315
0.99051 0.00949
0.54685 0.45315
0.99051 0.00949
0.54685 0.45315
0.99051 0.00949
0.98484 0.01516
0.60199 0.39801
0.19513 0.80487
0.88801 0.11199
0.27930 0.72070
0.27833 0.72167
0.27802 0.72198
0.26657 0.73343
0.47294 0.52706
0.29131 0.70869
0.85591 0.14409
0.86994 0.13006
0.65871 0.34129
0.86994 0.13006
0.42394 0.57606
0.74715 0.25285
0.33164 0.66836
0.28908 0.71092
0.80249 0.19751
0.80415 0.19585
0.29551 0.70449
0.22125 0.77875
0.47387 0.52613
0.97519 0.02481
0.97768 0.02232
0.49343 0.50657
0.48755 0.51245
0.48755 0.51245
0.51589 0.48411
0.93207 0.06793
0.51222 0.48778
0.99506 0.00494
0.96622 0.03378
0.32441 0.67559
0.26125 0.73875
0.26075 0.73925
0.39082 0.60918
0.37233 0.62767
0.80095 0.19905
0.81926 0.18074
0.81832 0.18168
0.36061 0.63939
0.76320 0.23680
0.78691 0.21309
0.33845 0.66155
0.72975 0.27025
0.72975 0.27025
0.98970 0.01030
0.42680 0.57320
0.42680 0.57320
0.49473 0.50526
0.27593 0.72407
0.59029 0.40971
0.87824 0.12176
0.94784 0.05216
0.97210 0.02790
0.80330 0.19670
0.96812 0.03188
0.62587 0.37413
0.30632 0.69368
0.99875 0.00125
0.99863 0.00137
0.93240 0.06760
0.92786 0.07214
0.98274 0.01726
0.99753 0.00247
0.81793 0.18207
0.83728 0.16272
0.85258 0.14742
0.85331 0.14669
0.84243 0.15757
0.96934 0.03066
0.93228 0.06772
0.93343 0.06657
0.93393 0.06607
0.95793 0.04207
0.95383 0.04617
0.96193 0.03807
0.96219 0.03781
0.97357 0.02643
0.96379 0.03621
0.34437 0.65563
0.33846 0.66154
0.35322 0.64678
0.35617 0.64383
0.31855 0.68145
0.30696 0.69304
0.34990 0.65010
0.40615 0.59385
0.98197 0.01803
0.99880 0.00120
0.99887 0.00113
0.99830 0.00170
0.54989 0.45011
0.54449 0.45551
0.42335 0.57665
0.95641 0.04359
0.99977 0.00023
0.37294 0.62706
0.94979 0.05021
0.21579 0.78421
0.21171 0.78829
0.72777 0.27223
0.91420 0.08580
0.60806 0.39194
0.97069 0.02931
0.97071 0.02929
0.90361 0.09639
0.58192 0.41808
0.48843 0.51157
0.49303 0.50697
0.91085 0.08915
0.99827 0.00173
0.50405 0.49595
0.50865 0.49135
0.81996 0.18004
0.66643 0.33357
0.85219 0.14781
0.39747 0.60253
0.40822 0.59178
0.99652 0.00348
0.30033 0.69967
0.99748 0.00252
0.46164 0.53836
0.94978 0.05022
0.41920 0.58080
0.93803 0.06197
0.99832 0.00168
0.99829 0.00171
0.26203 0.73797
0.29239 0.70761
0.65432 0.34568
0.31197 0.68803
0.41630 0.58370
0.44223 0.55777
0.43706 0.56294
0.53178 0.46822
0.77955 0.22045
0.79937 0.20063
0.71672 0.28328
0.47620 0.52380
0.50137 0.49863
0.16628 0.83372
0.31237 0.68763
0.36292 0.63708
0.99563 0.00437
0.52791 0.47209
0.43670 0.56330
0.42524 0.57476
0.33778 0.66222
0.80601 0.19399
0.35226 0.64774
0.42968 0.57032
0.38353 0.61647
0.98758 0.01242
0.99532 0.00468
0.30956 0.69044
0.37397 0.62603
0.41600 0.58400
0.50044 0.49956
0.50044 0.49956
0.59235 0.40765
0.60059 0.39941
0.59235 0.40765
0.61578 0.38422
0.71435 0.28565
0.97627 0.02373
0.97150 0.02850
0.57252 0.42748
0.54542 0.45458
0.63090 0.36910
0.70498 0.29502
0.90356 0.09644
0.99944 0.00056
0.69644 0.30356
0.69644 0.30356
0.90356 0.09644
0.99944 0.00056
0.69644 0.30356
0.69644 0.30356
0.90356 0.09644
0.99944 0.00056
0.69644 0.30356
0.69644 0.30356
0.90356 0.09644
0.99944 0.00056
0.69644 0.30356
0.26189 0.73811
0.20580 0.79420
0.59792 0.40208
0.48691 0.51309
0.99312 0.00688
0.61214 0.38786
0.98971 0.01029
0.65875 0.34125
0.24349 0.75651
0.42602 0.57398
0.40769 0.59231
0.76291 0.23709
0.76291 0.23709
0.40769 0.59231
0.42583 0.57417
0.90972 0.09028
0.75379 0.24621
0.45018 0.54982
0.45018 0.54982
0.48482 0.51518
0.46231 0.53769
0.79710 0.20290
0.79710 0.20290
0.55153 0.44847
0.64573 0.35427
0.85497 0.14503
0.42877 0.57123
0.42877 0.57123
0.39051 0.60949
0.99267 0.00733
0.99267 0.00733
0.40536 0.59464
0.42877 0.57123
0.42877 0.57123
0.39051 0.60949
0.42065 0.57935
0.39706 0.60294
0.36620 0.63380
0.39604 0.60396
0.71792 0.28208
0.38323 0.61677
0.34789 0.65211
0.34789 0.65211
0.86799 0.13201
0.31229 0.68771
0.41228 0.58772
0.47295 0.52705
0.87808 0.12192
0.93101 0.06899
0.98007 0.01993
0.99068 0.00932
0.38775 0.61225
0.44760 0.55240
0.23885 0.76115
0.39910 0.60090
0.37048 0.62952
0.34688 0.65312
0.84504 0.15496
0.77107 0.22893
0.41834 0.58166
0.64249 0.35751
0.27042 0.72958
0.26359 0.73641
0.81771 0.18229
0.41809 0.58191
0.60703 0.39297
0.61990 0.38010
0.99777 0.00223
0.92917 0.07083
0.94511 0.05489
0.98278 0.01722
0.82819 0.17181
0.43772 0.56228
0.21756 0.78244
0.80583 0.19417
0.47106 0.52894
0.21085 0.78915
0.22281 0.77719
0.27816 0.72184
0.27950 0.72050
0.87219 0.12781
0.35829 0.64171
0.88729 0.11271
0.93140 0.06860
0.93664 0.06336
0.64192 0.35808
0.83781 0.16219
0.76882 0.23118
0.88258 0.11742
0.90544 0.09456
0.90810 0.09190
0.91413 0.08587
0.98609 0.01391
0.25593 0.74407
0.99603 0.00397
0.94795 0.05205
0.84716 0.15284
0.58758 0.41242
0.73874 0.26126
0.95281 0.04719
0.84716 0.15284
0.58758 0.41242
0.99867 0.00133
0.99882 0.00118
0.99867 0.00133
0.99882 0.00118
0.70438 0.29562
0.80465 0.19535
0.81649 0.18351
0.80121 0.19879
0.82159 0.17841
0.80121 0.19879
0.88584 0.11416
0.92297 0.07703
0.74024 0.25976
0.78388 0.21612
0.74024 0.25976
0.78388 0.21612
0.74024 0.25976
0.78388 0.21612
0.73310 0.26690
0.44907 0.55093
0.29695 0.70305
0.29695 0.70305
0.44729 0.55271
0.65883 0.34117
0.66086 0.33914
0.46206 0.53794
0.44348 0.55652
0.38046 0.61954
0.73322 0.26678
0.57769 0.42231
0.35968 0.64032
0.55051 0.44949
0.58414 0.41586
0.97111 0.02889
0.48379 0.51621
0.91186 0.08814
0.89421 0.10579
0.89421 0.10579
0.97948 0.02052
0.86178 0.13822
0.90282 0.09718
0.99816 0.00184
0.99981 0.00019
0.99984 0.00016
0.99828 0.00172
0.99614 0.00386
0.99985 0.00015
0.20841 0.79159
0.21685 0.78315
0.22652 0.77348
0.77978 0.22022
0.25215 0.74785
0.94339 0.05661
0.94923 0.05077
0.49897 0.50103
0.41843 0.58157
0.48007 0.51993
0.37939 0.62061
0.38241 0.61759
0.54442 0.45558
0.97273 0.02727
0.34413 0.65587
0.76609 0.23391
0.26824 0.73176
0.24423 0.75577
0.26706 0.73294
0.74904 0.25096
0.58613 0.41387
0.88625 0.11375
0.52006 0.47994
0.52006 0.47994
0.47176 0.52824
0.47176 0.52824
0.99615 0.00385
0.99615 0.00385
0.47176 0.52824
0.47176 0.52824
0.52059 0.47941
0.54324 0.45676
0.39300 0.60700
0.38180 0.61820
0.33389 0.66611
0.99976 0.00024
0.60644 0.39356
0.68954 0.31046
0.81665 0.18335
0.81665 0.18335
0.41627 0.58373
0.41627 0.58373
0.44832 0.55168
0.44832 0.55168
0.41627 0.58373
0.41627 0.58373
0.44832 0.55168
0.47589 0.52411
0.97978 0.02022
0.24135 0.75865
0.24135 0.75865
0.32618 0.67382
0.29829 0.70171
0.23388 0.76612
0.63468 0.36532
0.82508 0.17492
0.74320 0.25680
0.74320 0.25680
0.22528 0.77472
0.31435 0.68565
0.97657 0.02343
0.98581 0.01419
0.94996 0.05004
0.99827 0.00173
0.35352 0.64648
0.23745 0.76255
0.32256 0.67744
0.97391 0.02609
0.82654 0.17346
0.81235 0.18765
0.79390 0.20610
0.82882 0.17118
0.83918 0.16082
0.74408 0.25592
0.28173 0.71827
0.48316 0.51684
0.48316 0.51684
0.47455 0.52545
0.47455 0.52545
0.38768 0.61232
0.38768 0.61232
0.39220 0.60780
0.39220 0.60780
0.52207 0.47793
0.53438 0.46562
0.99821 0.00179
0.54541 0.45459
0.56002 0.43998
0.99831 0.00169
0.95629 0.04371
0.96367 0.03633
0.78783 0.21217
0.82106 0.17894
0.98162 0.01838
0.98162 0.01838
0.80493 0.19507
0.79138 0.20862
0.80193 0.19807
0.79732 0.20268
0.81437 0.18563
0.77416 0.22584
0.77801 0.22199
0.72749 0.27251
0.99891 0.00109
0.99884 0.00116
0.99095 0.00905
0.94143 0.05857
0.99804 0.00196
0.89772 0.10228
0.49084 0.50916
0.94143 0.05857
0.99804 0.00196
0.99542 0.00458
0.99542 0.00458
0.99349 0.00651
0.99999 0.00001
0.23731 0.76269
0.48717 0.51283
0.64354 0.35646
0.40424 0.59576
0.99792 0.00208
0.39629 0.60371
0.99794 0.00206
0.97298 0.02702
0.20437 0.79563
0.19542 0.80458
0.42280 0.57719
0.39677 0.60323
0.88060 0.11940
0.38990 0.61010
0.98713 0.01287
0.38857 0.61143
0.92161 0.07839
0.33264 0.66736
0.78775 0.21225
0.88340 0.11660
0.79459 0.20541
0.64145 0.35855
0.50605 0.49395
0.84444 0.15556
0.41491 0.58509
0.20308 0.79692
0.20377 0.79623
0.20995 0.79005
0.21067 0.78933
0.42499 0.57501
0.40773 0.59227
0.45252 0.54748
0.43425 0.56575
0.44814 0.55186
0.43031 0.56969
0.27754 0.72246
0.27655 0.72345
0.26374 0.73626
0.38034 0.61966
0.35744 0.64256
0.88176 0.11824
0.55224 0.44776
0.42427 0.57573
0.43118 0.56882
0.33458 0.66542
0.34097 0.65903
0.33458 0.66542
0.34108 0.65892
0.34108 0.65892
0.35276 0.64724
0.28268 0.71732
0.28170 0.71830
0.47257 0.52743
0.22819 0.77181
0.99276 0.00724
0.70274 0.29726
0.99572 0.00428
0.73514 0.26486
0.98576 0.01424
0.97862 0.02138
0.99654 0.00346
0.97370 0.02630
0.99574 0.00426
0.73514 0.26486
0.98576 0.01424
0.35465 0.64535
0.86424 0.13576
0.67360 0.32640
0.98344 0.01656
0.98492 0.01508
0.98188 0.01812
0.98426 0.01574
0.91781 0.08219
0.92032 0.07968
0.91011 0.08989
0.91889 0.08111
0.39454 0.60546
0.36286 0.63714
0.39551 0.60449
0.99199 0.00801
0.26052 0.73948
0.41498 0.58502
0.14841 0.85159
0.90651 0.09349
0.37711 0.62289
0.88439 0.11561
0.26522 0.73478
0.22642 0.77358
0.82214 0.17786
0.93411 0.06589
0.38706 0.61294
0.25843 0.74157
0.43208 0.56792
0.20306 0.79694
0.27279 0.72721
0.28565 0.71435
0.26949 0.73051
0.25930 0.74070
0.25951 0.74049
0.27204 0.72796
0.27318 0.72682
0.51513 0.48487
0.51122 0.48878
0.51513 0.48487
0.54351 0.45649
0.52527 0.47473
0.33425 0.66575
0.25535 0.74465
0.23305 0.76695
0.99125 0.00875
0.98896 0.01105
0.68956 0.31044
0.99095 0.00905
0.27721 0.72279
0.29889 0.70111
0.51057 0.48943
0.81468 0.18532
0.93125 0.06875
0.32797 0.67203
0.32279 0.67721
0.89701 0.10299
0.75981 0.24019
0.37572 0.62428
0.99342 0.00658
0.96331 0.03669
0.39404 0.60596
0.25246 0.74754
0.98720 0.01280
0.28147 0.71853
0.42377 0.57623
0.39812 0.60188
0.88429 0.11571
0.48587 0.51413
0.99966 0.00034
0.21349 0.78651
0.23200 0.76800
0.39668 0.60332
0.51152 0.48848
0.38434 0.61566
0.96444 0.03556
0.20702 0.79298
0.47532 0.52468
0.37739 0.62261
0.40490 0.59510
0.79586 0.20414
0.97185 0.02815
0.83243 0.16757
0.86721 0.13279
0.98295 0.01705
0.56932 0.43067
0.24560 0.75440
0.15537 0.84463
0.80380 0.19620
0.78129 0.21871
0.87758 0.12242
0.99931 0.00069
0.79448 0.20552
0.44804 0.55196
0.38951 0.61049
0.79813 0.20187
0.88819 0.11181
0.35977 0.64023
0.34111 0.65889
0.99970 0.00030
0.32386 0.67614
0.96520 0.03480
0.33481 0.66519
0.68688 0.31312
0.81316 0.18684
0.37668 0.62332
0.39487 0.60513
0.95910 0.04090
0.41479 0.58521
0.65499 0.34501
0.78741 0.21259
0.70733 0.29267
0.67936 0.32064
0.54700 0.45300
0.94266 0.05734
0.99722 0.00278
0.99992 0.00008
0.99790 0.00210
0.55478 0.44522
0.58308 0.41692
0.52652 0.47348
0.48015 0.51985
0.53367 0.46633
0.43735 0.56265
0.52522 0.47478
0.42462 0.57538
0.50921 0.49079
0.24357 0.75643
0.82858 0.17142
0.38222 0.61778
0.76446 0.23554
0.22297 0.77703
0.38156 0.61844
0.80621 0.19379
0.81460 0.18540
0.71183 0.28817
0.82010 0.17990
0.81229 0.18771
0.72189 0.27811
0.45323 0.54677
0.38370 0.61630
0.43801 0.56199
0.44221 0.55779
0.70414 0.29586
0.81460 0.18540
0.71183 0.28817
0.82010 0.17990
0.81229 0.18771
0.72189 0.27811
0.76687 0.23313
0.91533 0.08467
0.90360 0.09640
0.76079 0.23921
0.68148 0.31852
0.54266 0.45734
0.76687 0.23313
0.91533 0.08467
0.90360 0.09640
0.74937 0.25063
0.68148 0.31852
0.54266 0.45734
0.89581 0.10419
0.88817 0.11183
0.88687 0.11313
0.57982 0.42018
0.29227 0.70773
0.28183 0.71817
0.28274 0.71726
0.81187 0.18813
0.98700 0.01300
0.27254 0.72746
0.27191 0.72809
0.55185 0.44815
0.88172 0.11828
0.25938 0.74062
0.26603 0.73397
0.99863 0.00137
0.47156 0.52844
0.99806 0.00194
0.98922 0.01078
0.53125 0.46875
0.41029 0.58971
0.90291 0.09709
0.87782 0.12218
0.26151 0.73849
0.41118 0.58882
0.70380 0.29620
0.49501 0.50499
0.28248 0.71752
0.27838 0.72162
0.27778 0.72222
0.94758 0.05242
0.96112 0.03888
0.99978 0.00022
0.99456 0.00544
0.53758 0.46242
0.57495 0.42505
0.84424 0.15576
0.87589 0.12411
0.84424 0.15576
0.87589 0.12411
0.39671 0.60329
0.42393 0.57607
0.96943 0.03057
0.96943 0.03057
0.88067 0.11933
0.88067 0.11933
0.56926 0.43074
0.56926 0.43074
0.31019 0.68981
0.62247 0.37753
0.30640 0.69360
0.60661 0.39339
0.95545 0.04455
0.88441 0.11559
0.31793 0.68207
0.66066 0.33934
0.32431 0.67569
0.97667 0.02333
0.96079 0.03921
0.97628 0.02372
0.73436 0.26564
0.73436 0.26564
0.78765 0.21235
0.78765 0.21235
0.48222 0.51778
0.48222 0.51778
0.90074 0.09926
0.90074 0.09926
0.76940 0.23060
0.76940 0.23060
0.99208 0.00792
0.19375 0.80625
0.49357 0.50643
0.70511 0.29489
0.71373 0.28627
0.65542 0.34458
0.70916 0.29084
0.48292 0.51708
0.48990 0.51010
0.44951 0.55049
0.48292 0.51708
0.85259 0.14741
0.82090 0.17910
0.85010 0.14990
0.62373 0.37627
0.60835 0.39165
0.46026 0.53974
0.99534 0.00466
0.63830 0.36170
0.90305 0.09695
0.97223 0.02777
0.73157 0.26843
0.97223 0.02777
0.76843 0.23157
0.73157 0.26843
0.37326 0.62674
0.58166 0.41834
0.62713 0.37287
0.34383 0.65617
0.67459 0.32541
0.82685 0.17315
0.28384 0.71616
0.64290 0.35710
0.23223 0.76777
0.33350 0.66650
0.19247 0.80753
0.56826 0.43174
0.79700 0.20300
0.80890 0.19110
0.61685 0.38315
0.91550 0.08450
0.59728 0.40272
0.99940 0.00060
0.56743 0.43257
0.83913 0.16087
0.15500 0.84500
0.37399 0.62601
0.96865 0.03135
0.40876 0.59124
0.36864 0.63136
0.40876 0.59124
0.36864 0.63136
0.83625 0.16375
0.72738 0.27262
0.55236 0.44764
0.63761 0.36239
0.98071 0.01929
0.90818 0.09182
0.42277 0.57723
0.98885 0.01115
0.95603 0.04397
0.25004 0.74996
0.95409 0.04591
0.99416 0.00584
0.94651 0.05349
0.94702 0.05298
0.59053 0.40947
0.99848 0.00152
0.97815 0.02185
0.99520 0.00480
0.59559 0.40441
0.99946 0.00054
0.99445 0.00555
0.33164 0.66836
0.27800 0.72200
0.17953 0.82047
0.64345 0.35655
0.57265 0.42735
0.98113 0.01887
0.97347 0.02653
0.26318 0.73682
0.33852 0.66148
0.99976 0.00024
0.99951 0.00049
0.99951 0.00049
0.72199 0.27801
0.72199 0.27801
0.46631 0.53369
0.97278 0.02722
0.41627 0.58373
0.86733 0.13267
0.41627 0.58373
0.86733 0.13267
0.47502 0.52498
0.46667 0.53333
0.98638 0.01362
0.54266 0.45734
0.57598 0.42402
0.57471 0.42529
0.76368 0.23632
0.41977 0.58023
0.42777 0.57223
0.73715 0.26285
0.67524 0.32476
0.63841 0.36159
0.37218 0.62782
0.91712 0.08288
0.39206 0.60794
0.92488 0.07512
0.94608 0.05392
0.29742 0.70258
0.31956 0.68044
0.99991 0.00009
0.32847 0.67153
0.99646 0.00354
0.99282 0.00718
0.99227 0.00773
0.99800 0.00200
0.99996 0.00004
0.84588 0.15412
0.42366 0.57634
0.78791 0.21209
0.75615 0.24385
0.58458 0.41542
0.67561 0.32439
0.36515 0.63485
0.97848 0.02152
0.30976 0.69024
0.36515 0.63485
0.82957 0.17043
0.36515 0.63485
0.97848 0.02152
0.30976 0.69024
0.36515 0.63485
0.82957 0.17043
0.99721 0.00279
0.69834 0.30166
0.99721 0.00279
0.80347 0.19653
0.29469 0.70531
0.99489 0.00511
0.98927 0.01073
0.83995 0.16005
0.96150 0.03850
0.26776 0.73224
0.26700 0.73300
0.99090 0.00910
0.98939 0.01061
0.83400 0.16600
0.94935 0.05065
0.36201 0.63799
0.98540 0.01460
0.84440 0.15560
0.96351 0.03649
0.49896 0.50104
0.99316 0.00684
0.83491 0.16509
0.99332 0.00668
0.85831 0.14169
0.96685 0.03315
0.99840 0.00160
0.99313 0.00687
0.99771 0.00229
0.99705 0.00295
0.99757 0.00243
0.99313 0.00687
0.90655 0.09345
0.91039 0.08961
0.86554 0.13446
0.92043 0.07957
0.86535 0.13465
0.87031 0.12969
0.97643 0.02357
0.50665 0.49335
0.96304 0.03696
0.87959 0.12041
0.97856 0.02144
0.86704 0.13296
0.97677 0.02323
0.52095 0.47905
0.42631 0.57369
0.39967 0.60033
0.99964 0.00036
0.72286 0.27714
0.20448 0.79552
0.70214 0.29786
0.56922 0.43078
0.56552 0.43448
0.96152 0.03848
0.57543 0.42457
0.97110 0.02890
0.62841 0.37159
0.58591 0.41409
0.74465 0.25535
0.67227 0.32773
0.59210 0.40790
0.60224 0.39776
0.21197 0.78803
0.65602 0.34398
0.72126 0.27874
0.82636 0.17364
0.77528 0.22472
0.89850 0.10150
0.91492 0.08508
0.70499 0.29501
0.45950 0.54050
0.82592 0.17408
0.80040 0.19960
0.87006 0.12994
0.23315 0.76685
0.50397 0.49603
0.52596 0.47404
0.52724 0.47276
0.55453 0.44547
0.50546 0.49454
0.52596 0.47404
0.41492 0.58508
0.40011 0.59989
0.40011 0.59989
0.40011 0.59989
0.40011 0.59989
0.31259 0.68741
0.29261 0.70739
0.38258 0.61742
0.39574 0.60426
0.39726 0.60274
0.43246 0.56754
0.50421 0.49579
0.50421 0.49579
0.46118 0.53882
0.43185 0.56815
0.47637 0.52363
0.50427 0.49573
0.47386 0.52614
0.47688 0.52312
0.50427 0.49573
0.47386 0.52614
0.54987 0.45013
0.60807 0.39193
0.57187 0.42813
0.57503 0.42497
0.36430 0.63570
0.22645 0.77355
0.27218 0.72782
0.28192 0.71808
0.54894 0.45106
0.22842 0.77158
0.17515 0.82485
0.63061 0.36939
0.64111 0.35889
0.31064 0.68936
0.54341 0.45659
0.29075 0.70925
0.60953 0.39047
0.60953 0.39047
0.62075 0.37925
0.62075 0.37925
0.24267 0.75733
0.24267 0.75733
0.44714 0.55286
0.44714 0.55286
0.24267 0.75733
0.24267 0.75733
0.21489 0.78511
0.96223 0.03777
0.95884 0.04116
0.54954 0.45046
0.58890 0.41110
0.52438 0.47562
0.51588 0.48412
0.50380 0.49620
0.99167 0.00833
0.99818 0.00182
0.97189 0.02811
0.96958 0.03042
0.97453 0.02547
0.90080 0.09920
0.93076 0.06924
0.92381 0.07619
0.92381 0.07619
0.54896 0.45104
0.42669 0.57331
0.68485 0.31515
0.69920 0.30080
0.64910 0.35090
0.85225 0.14775
0.85225 0.14775
0.90945 0.09055
0.48834 0.51166
0.48971 0.51029
0.85857 0.14143
0.99096 0.00904
0.99950 0.00050
0.83026 0.16974
0.82788 0.17212
0.76980 0.23020
0.81726 0.18274
0.81148 0.18852
0.85421 0.14579
0.84718 0.15282
0.87049 0.12951
0.86423 0.13577
0.51823 0.48177
0.48662 0.51338
0.84136 0.15864
0.52552 0.47448
0.34059 0.65941
0.43845 0.56155
0.32590 0.67410
0.97103 0.02897
0.40938 0.59062
0.99627 0.00373
0.92788 0.07212
0.91842 0.08158
0.95547 0.04453
0.35101 0.64899
0.99601 0.00399
0.99601 0.00399
0.99636 0.00364
0.99636 0.00364
0.99735 0.00265
0.99735 0.00265
0.96837 0.03163
0.96837 0.03163
0.99601 0.00399
0.99601 0.00399
0.81389 0.18611
0.93351 0.06649
0.22190 0.77810
0.48094 0.51906
0.39539 0.60461
0.86143 0.13857
0.48050 0.51950
0.97517 0.02483
0.30103 0.69897
0.68900 0.31100
0.34958 0.65042
0.70492 0.29508
0.97299 0.02701
0.81773 0.18227
0.75751 0.24249
0.45691 0.54309
0.54221 0.45779
0.84066 0.15934
0.40900 0.59100
0.99832 0.00168
0.99832 0.00168
0.99752 0.00248
0.71253 0.28747
0.71253 0.28747
0.71253 0.28747
0.71253 0.28747
0.71253 0.28747
0.71253 0.28747
0.30752 0.69248
0.78254 0.21746
0.99584 0.00416
0.93752 0.06248
0.99747 0.00253
0.99951 0.00049
0.99834 0.00166
0.19613 0.80387
0.57813 0.42187
0.47680 0.52320
0.63845 0.36155
0.72362 0.27638
0.72362 0.27638
0.23445 0.76555
0.19625 0.80375
0.90427 0.09573
0.59350 0.40650
0.99878 0.00122
0.99878 0.00122
0.86760 0.13240
0.81015 0.18985
0.41501 0.58499
0.35559 0.64441
0.42415 0.57585
0.45291 0.54709
0.31939 0.68061
0.24583 0.75417
0.85496 0.14504
0.24583 0.75417
0.85496 0.14504
0.42867 0.57133
0.39910 0.60090
0.34818 0.65182
0.37268 0.62732
0.35878 0.64122
0.42867 0.57133
0.44900 0.55100
0.42867 0.57133
0.39910 0.60090
0.34818 0.65182
0.37268 0.62732
0.35878 0.64122
0.42867 0.57133
0.44900 0.55100
0.42867 0.57133
0.39910 0.60090
0.34818 0.65182
0.37268 0.62732
0.35878 0.64122
0.42867 0.57133
0.44900 0.55100
0.86005 0.13995
0.50575 0.49425
0.83993 0.16007
0.48303 0.51697
0.62127 0.37873
0.35812 0.64188
0.78555 0.21445
0.13770 0.86230
0.38178 0.61822
0.99981 0.00019
0.36988 0.63012
0.32102 0.67898
0.85104 0.14896
0.90659 0.09341
0.84261 0.15739
0.82367 0.17633
0.80971 0.19029
0.09773 0.90227
0.32237 0.67763
0.23392 0.76608
0.31543 0.68457
0.94431 0.05569
0.30614 0.69386
0.22784 0.77216
0.32105 0.67895
0.64854 0.35146
0.41889 0.58111
0.22860 0.77140
0.22860 0.77140
0.59516 0.40484
0.59516 0.40484
0.31486 0.68514
0.58336 0.41664
0.36500 0.63500
0.36080 0.63920
0.28811 0.71189
0.81427 0.18573
0.99493 0.00507
0.41457 0.58543
0.81253 0.18747
0.85958 0.14042
0.50667 0.49333
0.99798 0.00202
0.88852 0.11148
0.99734 0.00266
0.85911 0.14089
0.24697 0.75303
0.41768 0.58232
0.42984 0.57016
0.99835 0.00165
0.80573 0.19427
0.92972 0.07028
0.64073 0.35927
0.62601 0.37399
0.80369 0.19631
0.63280 0.36720
0.43686 0.56314
0.42609 0.57391
0.81457 0.18543
0.72730 0.27270
0.75466 0.24534
0.83870 0.16130
0.40890 0.59110
0.40602 0.59398
0.44150 0.55850
0.42272 0.57728
0.55938 0.44062
0.52957 0.47043
0.51574 0.48426
0.39838 0.60162
0.91786 0.08214
0.34371 0.65629
0.99962 0.00038
0.86440 0.13560
0.53009 0.46991
0.99139 0.00861
0.99353 0.00647
0.59135 0.40865
0.99873 0.00127
0.29122 0.70878
0.96653 0.03347
0.95897 0.04103
0.59219 0.40781
0.56121 0.43879
0.96653 0.03347
0.95897 0.04103
0.59219 0.40781
0.56121 0.43879
0.99941 0.00059
0.99924 0.00076
0.61219 0.38781
0.58666 0.41334
0.61219 0.38781
0.58666 0.41334
0.95786 0.04214
0.61552 0.38448
0.96987 0.03013
0.67709 0.32291
0.99941 0.00059
0.99924 0.00076
0.29314 0.70686
0.22481 0.77519
0.67032 0.32968
0.22313 0.77687
0.78123 0.21877
0.78123 0.21877
0.94844 0.05156
0.94844 0.05156
0.94844 0.05156
0.94844 0.05156
0.45410 0.54590
0.46216 0.53784
0.81232 0.18768
0.40692 0.59308
0.23332 0.76668
0.55810 0.44190
0.23114 0.76886
0.38504 0.61496
0.35206 0.64794
0.28048 0.71952
0.37326 0.62674
0.34632 0.65368
0.34632 0.65368
0.65368 0.34632
0.22386 0.77614
0.83541 0.16459
0.83541 0.16459
0.83682 0.16318
0.83682 0.16318
0.44334 0.55666
0.44437 0.55563
0.40512 0.59488
0.40621 0.59379
0.98485 0.01515
0.98458 0.01542
0.98503 0.01497
0.98477 0.01523
0.44334 0.55666
0.44437 0.55563
0.59426 0.40574
0.99400 0.00600
0.63070 0.36930
0.89257 0.10743
0.95268 0.04732
0.99574 0.00426
0.56095 0.43905
0.57445 0.42555
0.98921 0.01079
0.74486 0.25514
0.80331 0.19669
0.83207 0.16793
0.53818 0.46182
0.42670 0.57330
0.56519 0.43481
0.83458 0.16542
0.99961 0.00039
0.57494 0.42506
0.95409 0.04591
0.46136 0.53864
0.50383 0.49617
0.99762 0.00238
0.64940 0.35060
0.45799 0.54201
0.41166 0.58834
0.41166 0.58834
0.41166 0.58834
0.41166 0.58834
0.28742 0.71258
0.82995 0.17005
0.28742 0.71258
0.82995 0.17005
0.63882 0.36118
0.67553 0.32447
0.66421 0.33579
0.71595 0.28405
0.39682 0.60318
0.36818 0.63182
0.32076 0.67924
0.34329 0.65671
0.33003 0.66997
0.39682 0.60318
0.41716 0.58284
0.32747 0.67253
0.33434 0.66566
0.30194 0.69806
0.39682 0.60318
0.36818 0.63182
0.32076 0.67924
0.34329 0.65671
0.33003 0.66997
0.39682 0.60318
0.41716 0.58284
0.32747 0.67253
0.33434 0.66566
0.30194 0.69806
0.39682 0.60318
0.36818 0.63182
0.32076 0.67924
0.34329 0.65671
0.33003 0.66997
0.39682 0.60318
0.41716 0.58284
0.32747 0.67253
0.33434 0.66566
0.30194 0.69806
0.34397 0.65603
0.32247 0.67753
0.37840 0.62160
0.44607 0.55393
0.44217 0.55783
0.83120 0.16880
0.28334 0.71666
0.77818 0.22182
0.39949 0.60051
0.36415 0.63585
0.77818 0.22182
0.39949 0.60051
0.77818 0.22182
0.39949 0.60051
0.36415 0.63585
0.77818 0.22182
0.39949 0.60051
0.55195 0.44805
0.55195 0.44805
0.99922 0.00078
0.55195 0.44805
0.55195 0.44805
0.55195 0.44805
0.99922 0.00078
0.55195 0.44805
0.90399 0.09601
0.90399 0.09601
0.57565 0.42435
0.90911 0.09089
0.57565 0.42435
0.55655 0.44345
0.82898 0.17102
0.63164 0.36836
0.61706 0.38294
0.58511 0.41489
0.63412 0.36588
0.63046 0.36954
0.54133 0.45867
0.50545 0.49455
0.68324 0.31676
0.74405 0.25595
0.68618 0.31382
0.94140 0.05860
0.94514 0.05486
0.35748 0.64252
0.36078 0.63922
0.24860 0.75140
0.38491 0.61509
0.41454 0.58546
0.99903 0.00097
0.89451 0.10549
0.99875 0.00125
0.88673 0.11327
0.88673 0.11327
0.72987 0.27013
0.72987 0.27013
0.68941 0.31059
0.68941 0.31059
0.69474 0.30526
0.69474 0.30526
0.91908 0.08092
0.92841 0.07159
0.99133 0.00867
0.99890 0.00110
0.99113 0.00887
0.89389 0.10611
0.98115 0.01885
0.87948 0.12052
0.56360 0.43640
0.88120 0.11880
0.90169 0.09831
0.53568 0.46432
0.99810 0.00190
0.99716 0.00284
0.93002 0.06998
0.94007 0.05993
0.99621 0.00379
0.98572 0.01428
0.92710 0.07290
0.86949 0.13051
0.88121 0.11879
0.88688 0.11312
0.91999 0.08001
0.52397 0.47603
0.49000 0.51000
0.87497 0.12503
0.99736 0.00264
0.92978 0.07022
0.83029 0.16971
0.95707 0.04293
0.91891 0.08109
0.91572 0.08428
0.55741 0.44259
0.45576 0.54424
0.84553 0.15447
0.23571 0.76429
0.43941 0.56059
0.33337 0.66663
0.32625 0.67375
0.83824 0.16176
0.96613 0.03387
0.44582 0.55418
0.88376 0.11624
0.82465 0.17535
0.95512 0.04488
0.40993 0.59007
0.75692 0.24308
0.44655 0.55345
0.96839 0.03161
0.99615 0.00385
0.84881 0.15119
0.99359 0.00641
0.89320 0.10680
0.99344 0.00656
0.86675 0.13325
0.99628 0.00372
0.91075 0.08925
0.97497 0.02502
0.96170 0.03830
0.96075 0.03925
0.99724 0.00276
0.99492 0.00508
0.99472 0.00528
0.54196 0.45804
0.56914 0.43086
0.26402 0.73598
0.32693 0.67307
0.61690 0.38310
0.94526 0.05474
0.40926 0.59074
0.40420 0.59580
0.94746 0.05254
0.54992 0.45008
0.80968 0.19032
0.52633 0.47367
0.93510 0.06490
0.86190 0.13810
0.88743 0.11257
0.45055 0.54945
0.99801 0.00199
0.43110 0.56890
0.44813 0.55187
0.47392 0.52608
0.43110 0.56890
0.44813 0.55187
0.47392 0.52608
0.42722 0.57278
0.25558 0.74442
0.36819 0.63181
0.36819 0.63181
0.40520 0.59480
0.33618 0.66382
0.34074 0.65926
0.42474 0.57526
0.47571 0.52429
0.42992 0.57008
0.47777 0.52223
0.43187 0.56813
0.45444 0.54556
0.39397 0.60603
0.39770 0.60230
0.48300 0.51700
0.23563 0.76437
0.41977 0.58023
0.33410 0.66590
0.27998 0.72002
0.29659 0.70341
0.76002 0.23998
0.37283 0.62717
0.35592 0.64408
0.37118 0.62882
0.57146 0.42854
0.82508 0.17492
0.19564 0.80436
0.81267 0.18733
0.81372 0.18628
0.28931 0.71069
0.85907 0.14093
0.94610 0.05390
0.91881 0.08119
0.18191 0.81809
0.97322 0.02678
0.97322 0.02678
0.47635 0.52365
0.47635 0.52365
0.47635 0.52365
0.47635 0.52365
0.97168 0.02832
0.97168 0.02832
0.99333 0.00667
0.99333 0.00667
0.92655 0.07345
0.84743 0.15257
0.94324 0.05676
0.82628 0.17372
0.30026 0.69974
0.25624 0.74376
0.35253 0.64747
0.43193 0.56807
0.20868 0.79132
0.93752 0.06248
0.94286 0.05714
0.95004 0.04996
0.95432 0.04568
0.94206 0.05794
0.65837 0.34163
0.94682 0.05318
0.67639 0.32361
0.94682 0.05318
0.67639 0.32361
0.91366 0.08634
0.91889 0.08111
0.30234 0.69766
0.28882 0.71118
0.29872 0.70128
0.22824 0.77176
0.23070 0.76930
0.14774 0.85226
0.28404 0.71596
0.15299 0.84701
0.33248 0.66752
0.33248 0.66752
0.93095 0.06905
0.91114 0.08886
0.94816 0.05184
0.83517 0.16483
0.99529 0.00471
0.80725 0.19275
0.93649 0.06351
0.94648 0.05352
0.94648 0.05352
0.94648 0.05352
0.57372 0.42628
0.32068 0.67932
0.66862 0.33138
0.94234 0.05766
0.93127 0.06873
0.99450 0.00550
0.95975 0.04025
0.96623 0.03377
0.95853 0.04147
0.37153 0.62847
0.39867 0.60133
0.87327 0.12673
0.99329 0.00671
0.99117 0.00883
0.99270 0.00730
0.98458 0.01542
0.99635 0.00365
0.99524 0.00476
0.99072 0.00928
0.42743 0.57257
0.99926 0.00074
0.45627 0.54373
0.47314 0.52686
0.29423 0.70577
0.65142 0.34858
0.42433 0.57567
0.94441 0.05559
0.56663 0.43336
0.24787 0.75213
0.98651 0.01349
0.78916 0.21084
0.98651 0.01349
0.78916 0.21084
0.71861 0.28139
0.90056 0.09944
0.50267 0.49733
0.47919 0.52081
0.50267 0.49733
0.49632 0.50368
0.50267 0.49733
0.47919 0.52081
0.50267 0.49733
0.49632 0.50368
0.39794 0.60206
0.39416 0.60584
0.26971 0.73029
0.27109 0.72891
0.31508 0.68492
0.31446 0.68554
0.38760 0.61240
0.44495 0.55505
0.56786 0.43214
0.46323 0.53677
0.45440 0.54560
0.33697 0.66303
0.70603 0.29397
0.90477 0.09523
0.92886 0.07114
0.93361 0.06639
0.95738 0.04262
0.69969 0.30031
0.96596 0.03404
0.96402 0.03598
0.70102 0.29898
0.96835 0.03165
0.74828 0.25172
0.84485 0.15515
0.87298 0.12702
0.88583 0.11417
0.90773 0.09227
0.90580 0.09420
0.74901 0.25099
0.58925 0.41075
0.84162 0.15838
0.63928 0.36072
0.94744 0.05256
0.63928 0.36072
0.94744 0.05256
0.93341 0.06659
0.23552 0.76448
0.58243 0.41757
0.58243 0.41757
0.31312 0.68688
0.44440 0.55560
0.44955 0.55045
0.39148 0.60852
0.46084 0.53916
0.51735 0.48265
0.46283 0.53717
0.55213 0.44787
0.49284 0.50716
0.57415 0.42585
0.19664 0.80336
0.22982 0.77018
0.75378 0.24622
0.73655 0.26345
0.28542 0.71458
0.99740 0.00260
0.29972 0.70028
0.97932 0.02068
0.31071 0.68929
0.48221 0.51779
0.95490 0.04510
0.48221 0.51779
0.43465 0.56535
0.17407 0.82593
0.39092 0.60908
0.97019 0.02981
0.78519 0.21481
0.99864 0.00136
0.86832 0.13168
0.99920 0.00080
0.58805 0.41195
0.56067 0.43933
0.92006 0.07994
0.21857 0.78143
0.21857 0.78143
0.49356 0.50644
0.49356 0.50644
0.29613 0.70387
0.29613 0.70387
0.99961 0.00039
0.23443 0.76557
0.74347 0.25653
0.96168 0.03832
0.72889 0.27111
0.72889 0.27111
0.39056 0.60944
0.39056 0.60944
0.24999 0.75001
0.24999 0.75001
0.94964 0.05036
0.94964 0.05036
0.31264 0.68736
0.31264 0.68736
0.57526 0.42474
0.57526 0.42474
0.31264 0.68736
0.31264 0.68736
0.94964 0.05036
0.94964 0.05036
0.57526 0.42474
0.57526 0.42474
0.74270 0.25730
0.79646 0.20354
0.85279 0.14721
0.89264 0.10736
0.80076 0.19924
0.66465 0.33535
0.75036 0.24964
0.92546 0.07454
0.91618 0.08382
0.84872 0.15128
0.31871 0.68129
0.31624 0.68376
0.84069 0.15931
0.83876 0.16124
0.99965 0.00035
0.69984 0.30016
0.69743 0.30257
0.38789 0.61211
0.55602 0.44398
0.99522 0.00478
0.22936 0.77064
0.49993 0.50007
0.44954 0.55046
0.44954 0.55046
0.58242 0.41758
0.58556 0.41444
0.96864 0.03136
0.60041 0.39959
0.64053 0.35947
0.55868 0.44132
0.96864 0.03136
0.60041 0.39959
0.90585 0.09415
0.43563 0.56437
0.24777 0.75223
0.98075 0.01925
0.37905 0.62095
0.36333 0.63667
0.51580 0.48420
0.47123 0.52877
0.51496 0.48504
0.84776 0.15224
0.77397 0.22603
0.75122 0.24878
0.73464 0.26536
0.42151 0.57849
0.56929 0.43071
0.70137 0.29863
0.91296 0.08704
0.40379 0.59621
0.31467 0.68533
0.70376 0.29624
0.82077 0.17923
0.38157 0.61843
0.54793 0.45207
0.45602 0.54398
0.23243 0.76757
0.51317 0.48683
0.81277 0.18723
0.48051 0.51949
0.28324 0.71676
0.81814 0.18186
0.83835 0.16165
0.83835 0.16165
0.95066 0.04934
0.48331 0.51669
0.53649 0.46351
0.95066 0.04934
0.48331 0.51669
0.53649 0.46351
0.86153 0.13847
0.91448 0.08552
0.93758 0.06242
0.97524 0.02476
0.97807 0.02193
0.97362 0.02638
0.40881 0.59119
0.97392 0.02608
0.35861 0.64139
0.82167 0.17833
0.34649 0.65351
0.31437 0.68563
0.65513 0.34487
0.31916 0.68084
0.53885 0.46115
0.99857 0.00143
0.95373 0.04627
0.93448 0.06552
0.53334 0.46666
0.98866 0.01134
0.99086 0.00914
0.99184 0.00816
0.89016 0.10984
0.84723 0.15277
0.90181 0.09819
0.99914 0.00086
0.99558 0.00442
0.44651 0.55349
0.97968 0.02032
0.50211 0.49789
0.38876 0.61124
0.99643 0.00357
0.41248 0.58752
0.34514 0.65486
0.99932 0.00068
0.99903 0.00097
0.44043 0.55957
0.36306 0.63694
0.99976 0.00024
0.99976 0.00024
0.40787 0.59213
0.40787 0.59213
0.40787 0.59213
0.40787 0.59213
0.99975 0.00025
0.97950 0.02050
0.95338 0.04662
0.89846 0.10154
0.48061 0.51939
0.50548 0.49452
0.59489 0.40511
0.61460 0.38540
0.74298 0.25702
0.69133 0.30867
0.96931 0.03069
0.38206 0.61794
0.46730 0.53270
0.37448 0.62552
0.36835 0.63165
0.37833 0.62167
0.38200 0.61800
0.39197 0.60803
0.14115 0.85885
0.76666 0.23334
0.40017 0.59983
0.80428 0.19572
0.43001 0.56999
0.21889 0.78111
0.76386 0.23614
0.84508 0.15492
0.25757 0.74243
0.27119 0.72881
0.24138 0.75862
0.97861 0.02139
0.98342 0.01658
0.47103 0.52897
0.43233 0.56767
0.92643 0.07357
0.42978 0.57022
0.71260 0.28740
0.42835 0.57165
0.84410 0.15590
0.93205 0.06795
0.73883 0.26117
0.99981 0.00019
0.77887 0.22113
0.99978 0.00022
0.75828 0.24172
0.99678 0.00322
0.75804 0.24196
0.99975 0.00025
0.73418 0.26582
0.99678 0.00322
0.75804 0.24196
0.99807 0.00193
0.83800 0.16200
0.99970 0.00030
0.70691 0.29309
0.45625 0.54375
0.80761 0.19239
0.80761 0.19239
0.80761 0.19239
0.80761 0.19239
0.67490 0.32510
0.65159 0.34841
0.64154 0.35846
0.74835 0.25165
0.59545 0.40455
0.74740 0.25260
0.74717 0.25283
0.77132 0.22868
0.81475 0.18525
0.81042 0.18958
0.75447 0.24553
0.75075 0.24925
0.90549 0.09451
0.81437 0.18563
0.59714 0.40286
0.96731 0.03269
0.87626 0.12374
0.55049 0.44951
0.37183 0.62817
0.72059 0.27941
0.99405 0.00595
0.99405 0.00595
0.99561 0.00439
0.99477 0.00523
0.99538 0.00462
0.99573 0.00427
0.83841 0.16159
0.81806 0.18194
0.84647 0.15353
0.82708 0.17292
0.84592 0.15408
0.82652 0.17348
0.51923 0.48077
0.51759 0.48241
0.51923 0.48077
0.51759 0.48241
0.66967 0.33033
0.67127 0.32873
0.68804 0.31196
0.68952 0.31048
0.99644 0.00356
0.99646 0.00354
0.67802 0.32198
0.67962 0.32038
0.68868 0.31132
0.69020 0.30980
0.99662 0.00338
0.99665 0.00335
0.67802 0.32198
0.67962 0.32038
0.99662 0.00338
0.99665 0.00335
0.68868 0.31132
0.69020 0.30980
0.99662 0.00338
0.99665 0.00335
0.54264 0.45736
0.55318 0.44682
0.96900 0.03100
0.53842 0.46158
0.96844 0.03156
0.54705 0.45295
0.96844 0.03156
0.74211 0.25789
0.75330 0.24670
0.77865 0.22135
0.99672 0.00328
0.44639 0.55361
0.45205 0.54795
0.52964 0.47036
0.22614 0.77386
0.99995 0.00005
0.45948 0.54052
0.45948 0.54052
0.89249 0.10751
0.97903 0.02097
0.97560 0.02440
0.85665 0.14335
0.85210 0.14790
0.83328 0.16672
0.81314 0.18686
0.79122 0.20878
0.81839 0.18161
0.79690 0.20310
0.84158 0.15842
0.90843 0.09157
0.95216 0.04784
0.94268 0.05732
0.82278 0.17722
0.91144 0.08856
0.89596 0.10404
0.91144 0.08856
0.89596 0.10404
0.54336 0.45664
0.53790 0.46210
0.55915 0.44085
0.52790 0.47210
0.52049 0.47951
0.54741 0.45259
0.54661 0.45339
0.57227 0.42773
0.29751 0.70249
0.31676 0.68324
0.47686 0.52314
0.47064 0.52936
0.49382 0.50618
0.51398 0.48602
0.46627 0.53373
0.93071 0.06929
0.19400 0.80600
0.81609 0.18391
0.26947 0.73053
0.97907 0.02093
0.89179 0.10821
0.51251 0.48749
0.84455 0.15545
0.74401 0.25599
0.75831 0.24169
0.28064 0.71936
0.49602 0.50398
0.52887 0.47113
0.25966 0.74034
0.63296 0.36704
0.66224 0.33776
0.66224 0.33776
0.26397 0.73603
0.23246 0.76754
0.99916 0.00084
0.23619 0.76381
0.99683 0.00317
0.52122 0.47878
0.98230 0.01770
0.21303 0.78697
0.57858 0.42142
0.93949 0.06051
0.52346 0.47654
0.27051 0.72949
0.84035 0.15965
0.38279 0.61721
0.37528 0.62472
0.87719 0.12281
0.38279 0.61721
0.59254 0.40746
0.65828 0.34172
0.64016 0.35984
0.41608 0.58392
0.17108 0.82892
0.99986 0.00014
0.99956 0.00044
0.99813 0.00187
0.99968 0.00032
0.39805 0.60195
0.39089 0.60911
0.86276 0.13724
0.86481 0.13519
0.39805 0.60195
0.39089 0.60911
0.84291 0.15709
0.84488 0.15512
0.42866 0.57134
0.43737 0.56263
0.84828 0.15172
0.84828 0.15172
0.99988 0.00012
0.99988 0.00012
0.99988 0.00012
0.99988 0.00012
0.97690 0.02310
0.99217 0.00783
0.28527 0.71473
0.74186 0.25814
0.40310 0.59690
0.55978 0.44022
0.83463 0.16537
0.54522 0.45478
0.54522 0.45478
0.54522 0.45478
0.54522 0.45478
0.41037 0.58963
0.41037 0.58963
0.99457 0.00543
0.99457 0.00543
0.41037 0.58963
0.41037 0.58963
0.41138 0.58862
0.92468 0.07532
0.99900 0.00100
0.99918 0.00082
0.89033 0.10967
0.95802 0.04198
0.58309 0.41691
0.58631 0.41369
0.99873 0.00127
0.64701 0.35299
0.91906 0.08094
0.99864 0.00136
0.95403 0.04597
0.71471 0.28529
0.92274 0.07726
0.88428 0.11572
0.98072 0.01928
0.98636 0.01364
0.41994 0.58006
0.44715 0.55285
0.90420 0.09580
0.91561 0.08439
0.26755 0.73245
0.27762 0.72238
0.97685 0.02315
0.27759 0.72241
0.97631 0.02369
0.99207 0.00793
0.97760 0.02240
0.85162 0.14838
0.99148 0.00852
0.32156 0.67844
0.32156 0.67844
0.55801 0.44199
0.65978 0.34022
0.64811 0.35189
0.95055 0.04945
0.93983 0.06017
0.32946 0.67054
0.91197 0.08803
0.56770 0.43230
0.61324 0.38676
0.71516 0.28484
0.60414 0.39586
0.81490 0.18510
0.71470 0.28530
0.27464 0.72536
0.45757 0.54243
0.25787 0.74213
0.29265 0.70735
0.32358 0.67642
0.23023 0.76977
0.99121 0.00879
0.32873 0.67127
0.50589 0.49411
0.41679 0.58321
0.19731 0.80269
0.74601 0.25399
0.91120 0.08880
0.99224 0.00776
0.86881 0.13119
0.65997 0.34003
0.86511 0.13489
0.86467 0.13533
0.83100 0.16900
0.82587 0.17413
0.89957 0.10043
0.79056 0.20944
0.83485 0.16515
0.50348 0.49652
0.56428 0.43572
0.88237 0.11763
0.84655 0.15345
0.84655 0.15345
0.57963 0.42037
0.21558 0.78442
0.26333 0.73667
0.99100 0.00900
0.99000 0.01000
0.23728 0.76272
0.99379 0.00621
0.13153 0.86847
0.20804 0.79196
0.92533 0.07467
0.49887 0.50113
0.98350 0.01650
0.98750 0.01250
0.99203 0.00797
0.21023 0.78977
0.77632 0.22368
0.77599 0.22401
0.91385 0.08615
0.91060 0.08940
0.40186 0.59814
0.39671 0.60329
0.68083 0.31917
0.67929 0.32071
0.72242 0.27758
0.72242 0.27758
0.90951 0.09049
0.90951 0.09049
0.76857 0.23143
0.97994 0.02006
0.81601 0.18399
0.42624 0.57376
0.79450 0.20550
0.97439 0.02561
0.26746 0.73254
0.99982 0.00018
0.99084 0.00916
0.98594 0.01406
0.38046 0.61954
0.99497 0.00503
0.39985 0.60015
0.41146 0.58854
0.99915 0.00085
0.38015 0.61985
0.83724 0.16276
0.38015 0.61985
0.83724 0.16276
0.99791 0.00209
0.98783 0.01217
0.36140 0.63860
0.98805 0.01195
0.38305 0.61695
0.99972 0.00028
0.38305 0.61695
0.99972 0.00028
0.99966 0.00034
0.99909 0.00091
0.99932 0.00068
0.46500 0.53500
0.29279 0.70721
0.34968 0.65032
0.39384 0.60616
0.83920 0.16080
0.95699 0.04301
0.85806 0.14194
0.45423 0.54577
0.92785 0.07215
0.99799 0.00201
0.99392 0.00608
0.99469 0.00531
0.87169 0.12831
0.87117 0.12883
0.78196 0.21804
0.78220 0.21780
0.66756 0.33244
0.64828 0.35172
0.63804 0.36196
0.66738 0.33262
0.64812 0.35188
0.63790 0.36210
0.85803 0.14197
0.57637 0.42363
0.56526 0.43474
0.56401 0.43599
0.56526 0.43474
0.56401 0.43599
0.41090 0.58910
0.41998 0.58002
0.24866 0.75134
0.44199 0.55801
0.24578 0.75422
0.24573 0.75427
0.53663 0.46337
0.83975 0.16025
0.52272 0.47728
0.99848 0.00152
0.95094 0.04906
0.58578 0.41422
0.81815 0.18185
0.81618 0.18382
0.81815 0.18185
0.43317 0.56683
0.41782 0.58218
0.42413 0.57587
0.41265 0.58735
0.42973 0.57027
0.67633 0.32367
0.37485 0.62515
0.35979 0.64021
0.38222 0.61778
0.58854 0.41146
0.99929 0.00071
0.92636 0.07364
0.62183 0.37817
0.61983 0.38017
0.65817 0.34183
0.18631 0.81369
0.47118 0.52882
0.83128 0.16872
0.84825 0.15175
0.52175 0.47825
0.91958 0.08042
0.46429 0.53571
0.91958 0.08042
0.46429 0.53571
0.91958 0.08042
0.46429 0.53571
0.92712 0.07288
0.84696 0.15304
0.77646 0.22354
0.81257 0.18743
0.98487 0.01513
0.81598 0.18402
0.45326 0.54674
0.94969 0.05031
0.98300 0.01700
0.40039 0.59961
0.40039 0.59961
0.40039 0.59961
0.40039 0.59961
0.42072 0.57928
0.63965 0.36035
0.63965 0.36035
0.63965 0.36035
0.63965 0.36035
0.67420 0.32580
0.52102 0.47898
0.51549 0.48451
0.87094 0.12906
0.56016 0.43984
0.99171 0.00829
0.85057 0.14943
0.53861 0.46139
0.92896 0.07104
0.99707 0.00293
0.99942 0.00058
0.92810 0.07190
0.99785 0.00215
0.93199 0.06801
0.68066 0.31934
0.59471 0.40529
0.93199 0.06801
0.68066 0.31934
0.59471 0.40529
0.54732 0.45268
0.99970 0.00030
0.83622 0.16378
0.84085 0.15915
0.85387 0.14613
0.73684 0.26316
0.44772 0.55228
0.44179 0.55821
0.72300 0.27700
0.72607 0.27393
0.99436 0.00564
0.30409 0.69591
0.96502 0.03498
0.99743 0.00257
0.35339 0.64661
0.97790 0.02210
0.98145 0.01855
0.34056 0.65944
0.30532 0.69468
0.30365 0.69635
0.34631 0.65369
0.33859 0.66141
0.79270 0.20730
0.82155 0.17845
0.99975 0.00025
0.99976 0.00024
0.99320 0.00680
0.99340 0.00660
0.99306 0.00694
0.99323 0.00677
0.99728 0.00272
0.49848 0.50152
0.50688 0.49312
0.99360 0.00640
0.47896 0.52104
0.48231 0.51769
0.36454 0.63546
0.35013 0.64987
0.35013 0.64987
0.43302 0.56698
0.90899 0.09101
0.33001 0.66999
0.33001 0.66999
0.40025 0.59975
0.39785 0.60215
0.39785 0.60215
0.38306 0.61694
0.28455 0.71545
0.74328 0.25672
0.50982 0.49018
0.49661 0.50339
0.99706 0.00294
0.48933 0.51067
0.99860 0.00140
0.49254 0.50746
0.84743 0.15257
0.84743 0.15257
0.54588 0.45412
0.99792 0.00208
0.99792 0.00208
0.54786 0.45214
0.47097 0.52903
0.99746 0.00254
0.99746 0.00254
0.37123 0.62877
0.50367 0.49633
0.50262 0.49738
0.99560 0.00440
0.68950 0.31050
0.89152 0.10848
0.43008 0.56992
0.98834 0.01166
0.98834 0.01166
0.93603 0.06397
0.43824 0.56176
0.40858 0.59142
0.47850 0.52150
0.92851 0.07149
0.90462 0.09538
0.99940 0.00060
0.23353 0.76647
0.63989 0.36011
0.76654 0.23346
0.74950 0.25050
0.74950 0.25050
0.73800 0.26200
0.22904 0.77096
0.43475 0.56525
0.35715 0.64285
0.82698 0.17302
0.43475 0.56525
0.34450 0.65550
0.29282 0.70718
0.64139 0.35861
0.71922 0.28078
0.27310 0.72690
0.72679 0.27321
0.75200 0.24800
0.19538 0.80462
0.48171 0.51829
0.43278 0.56722
0.79478 0.20522
0.99777 0.00223
0.78323 0.21677
0.84754 0.15246
0.82742 0.17258
0.38715 0.61285
0.37726 0.62274
0.82742 0.17258
0.38715 0.61285
0.37726 0.62274
0.89209 0.10791
0.96633 0.03367
0.78869 0.21131
0.83267 0.16733
0.85851 0.14149
0.86850 0.13150
0.78266 0.21734
0.80873 0.19127
0.78266 0.21734
0.80873 0.19127
0.13442 0.86558
0.22522 0.77478
0.27701 0.72299
0.54053 0.45947
0.89087 0.10913
0.89087 0.10913
0.86815 0.13185
0.86815 0.13185
0.43748 0.56252
0.43748 0.56252
0.91491 0.08509
0.58985 0.41015
0.65517 0.34483
0.63855 0.36145
0.79391 0.20609
0.37476 0.62524
0.91010 0.08990
0.74131 0.25869
0.89469 0.10531
0.49496 0.50504
0.21354 0.78646
0.98852 0.01148
0.32158 0.67842
0.44193 0.55807
0.37076 0.62924
0.40343 0.59657
0.29657 0.70343
0.96607 0.03393
0.22121 0.77879
0.22121 0.77879
0.69268 0.30732
0.95719 0.04281
0.96155 0.03845
0.93574 0.06426
0.39157 0.60843
0.46214 0.53786
0.91928 0.08072
0.48452 0.51548
0.25190 0.74810
0.55324 0.44676
0.75762 0.24238
0.99900 0.00100
0.75762 0.24238
0.99900 0.00100
0.80109 0.19891
0.99648 0.00352
0.50841 0.49159
0.43366 0.56634
0.99791 0.00209
0.63270 0.36730
0.60566 0.39434
0.99459 0.00541
0.61281 0.38719
0.98337 0.01663
0.64179 0.35821
0.99754 0.00246
0.55575 0.44425
0.99877 0.00123
0.47030 0.52970
0.55575 0.44425
0.99877 0.00123
0.47030 0.52970
0.75422 0.24578
0.99410 0.00590
0.99965 0.00035
0.89135 0.10865
0.63564 0.36436
0.89174 0.10826
0.95812 0.04188
0.90586 0.09414
0.98495 0.01505
0.98490 0.01510
0.95666 0.04334
0.80867 0.19133
0.41481 0.58519
0.82525 0.17475
0.78979 0.21021
0.59004 0.40996
0.55454 0.44546
0.58516 0.41484
0.90350 0.09650
0.87579 0.12421
0.89942 0.10058
0.89094 0.10906
0.47254 0.52746
0.88673 0.11327
0.42121 0.57879
0.71743 0.28257
0.52922 0.47078
0.99916 0.00084
0.91041 0.08959
0.87693 0.12307
0.91153 0.08847
0.76103 0.23897
0.75257 0.24743
0.98806 0.01194
0.37559 0.62441
0.33044 0.66956
0.75743 0.24257
0.99940 0.00060
0.90251 0.09749
0.91776 0.08224
0.99929 0.00071
0.49808 0.50192
0.90732 0.09268
0.77130 0.22870
0.63866 0.36134
0.26927 0.73073
0.22274 0.77726
0.76759 0.23241
0.79679 0.20321
0.81464 0.18536
0.44713 0.55287
0.79679 0.20321
0.79679 0.20321
0.82236 0.17764
0.79544 0.20456
0.34963 0.65037
0.79565 0.20435
0.98689 0.01311
0.93095 0.06905
0.30096 0.69904
0.26130 0.73870
0.72325 0.27675
0.38744 0.61256
0.99409 0.00591
0.35183 0.64817
0.94764 0.05236
0.35963 0.64037
0.39054 0.60946
0.39789 0.60211
0.30376 0.69624
0.30376 0.69624
0.42380 0.57620
0.42380 0.57620
0.15321 0.84679
0.86218 0.13782
0.27330 0.72670
0.30259 0.69741
0.36314 0.63686
0.43405 0.56595
0.42516 0.57484
0.43399 0.56601
0.42705 0.57295
0.43405 0.56595
0.42516 0.57484
0.43399 0.56601
0.42705 0.57295
0.28132 0.71868
0.99851 0.00149
0.89089 0.10911
0.88073 0.11927
0.23478 0.76522
0.37769 0.62231
0.23974 0.76026
0.37758 0.62242
0.53814 0.46186
0.91026 0.08974
0.89209 0.10791
0.83448 0.16552
0.80663 0.19337
0.80663 0.19337
0.83273 0.16727
0.62617 0.37383
0.81730 0.18270
0.83448 0.16552
0.80663 0.19337
0.80663 0.19337
0.83273 0.16727
0.62617 0.37383
0.81730 0.18270
0.83448 0.16552
0.80663 0.19337
0.80663 0.19337
0.83273 0.16727
0.62617 0.37383
0.81730 0.18270
0.85469 0.14531
0.85469 0.14531
0.77627 0.22373
0.90100 0.09900
0.47034 0.52966
0.60822 0.39178
0.76670 0.23330
0.78740 0.21260
0.76682 0.23318
0.66854 0.33146
0.72319 0.27681
0.25402 0.74598
0.87089 0.12911
0.90171 0.09829
0.90171 0.09829
0.81524 0.18476
0.57604 0.42396
0.57604 0.42396
0.92045 0.07955
0.88700 0.11300
0.99934 0.00066
0.99782 0.00218
0.49481 0.50519
0.83421 0.16579
0.83421 0.16579
0.36053 0.63947
0.86993 0.13007
0.34474 0.65526
0.85597 0.14403
0.55094 0.44906
0.98352 0.01648
0.31957 0.68043
0.97570 0.02430
0.33020 0.66980
0.97764 0.02236
0.25373 0.74627
0.26117 0.73883
0.25373 0.74627
0.26117 0.73883
0.24911 0.75089
0.30998 0.69002
0.86249 0.13751
0.83124 0.16876
0.55024 0.44976
0.28460 0.71540
0.44401 0.55599
0.93985 0.06015
0.92504 0.07496
0.99014 0.00986
0.31851 0.68149
0.31701 0.68299
0.99879 0.00121
0.99873 0.00127
0.37652 0.62348
0.39950 0.60050
0.97422 0.02578
0.99544 0.00456
0.99808 0.00192
0.90469 0.09531
0.27391 0.72609
0.27505 0.72495
0.24820 0.75180
0.24905 0.75095
0.69291 0.30709
0.34940 0.65060
0.87680 0.12320
0.31871 0.68129
0.31946 0.68054
0.31871 0.68129
0.29320 0.70680
0.29320 0.70680
0.29436 0.70564
0.25957 0.74043
0.59791 0.40209
0.99900 0.00100
0.59791 0.40209
0.96301 0.03699
0.90193 0.09807
0.98662 0.01338
0.99807 0.00193
0.99759 0.00241
0.99003 0.00997
0.98792 0.01208
0.94417 0.05583
0.99698 0.00302
0.79960 0.20040
0.82202 0.17798
0.10486 0.89514
0.31051 0.68949
0.31051 0.68949
0.29042 0.70958
0.40519 0.59481
0.42358 0.57642
0.48785 0.51215
0.38588 0.61412
0.47073 0.52927
0.52045 0.47955
0.44299 0.55701
0.36965 0.63035
0.55339 0.44661
0.46875 0.53125
0.60241 0.39759
0.55339 0.44661
0.46875 0.53125
0.60241 0.39759
0.61699 0.38301
0.59711 0.40289
0.70473 0.29527
0.68789 0.31211
0.60831 0.39169
0.57529 0.42471
0.57004 0.42996
0.53020 0.46980
0.86997 0.13003
0.19631 0.80369
0.20122 0.79878
0.85714 0.14286
0.43023 0.56977
0.86532 0.13468
0.98434 0.01566
0.96726 0.03274
0.43978 0.56022
0.48662 0.51338
0.42722 0.57278
0.65364 0.34636
0.20929 0.79071
0.56403 0.43597
0.94718 0.05282
0.94896 0.05104
0.29902 0.70098
0.31594 0.68406
0.41328 0.58672
0.93222 0.06778
0.91327 0.08673
0.99954 0.00046
0.49696 0.50304
0.99992 0.00008
0.48120 0.51880
0.48120 0.51880
0.52619 0.47381
0.47511 0.52489
0.21516 0.78484
0.27436 0.72564
0.19120 0.80880
0.24094 0.75906
0.94703 0.05297
0.23161 0.76839
0.44152 0.55848
0.98527 0.01473
0.98527 0.01473
0.81972 0.18028
0.43223 0.56777
0.96589 0.03411
0.93347 0.06653
0.99770 0.00230
0.99457 0.00543
0.99645 0.00355
0.56675 0.43325
0.96148 0.03852
0.64022 0.35978
0.30192 0.69808
0.30860 0.69140
0.32576 0.67424
0.28808 0.71192
0.21812 0.78188
0.21650 0.78350
0.27795 0.72205
0.20756 0.79244
0.54822 0.45178
0.82032 0.17968
0.99655 0.00345
0.42694 0.57306
0.29454 0.70546
0.29003 0.70997
0.89614 0.10386
0.81307 0.18693
0.49391 0.50608
0.73980 0.26020
0.73980 0.26020
0.31450 0.68550
0.31450 0.68550
0.39494 0.60506
0.74621 0.25379
0.27151 0.72849
0.30765 0.69235
0.50803 0.49197
0.45248 0.54752
0.72880 0.27120
0.38400 0.61600
0.23844 0.76156
0.21921 0.78079
0.51435 0.48565
0.51435 0.48565
0.57319 0.42681
0.57481 0.42519
0.51435 0.48565
0.51435 0.48565
0.57319 0.42681
0.57481 0.42519
0.44143 0.55857
0.36030 0.63970
0.35473 0.64527
0.41464 0.58536
0.36030 0.63970
0.35473 0.64527
0.41464 0.58536
0.48619 0.51381
0.48619 0.51381
0.54307 0.45693
0.48619 0.51381
0.48619 0.51381
0.54307 0.45693
0.30912 0.69088
0.48143 0.51857
0.48143 0.51857
0.54705 0.45295
0.48143 0.51857
0.48143 0.51857
0.54705 0.45295
0.91676 0.08324
0.99909 0.00091
0.99043 0.00957
0.99259 0.00741
0.99954 0.00046
0.90839 0.09161
0.65704 0.34296
0.98956 0.01044
0.99225 0.00775
0.87816 0.12184
0.94951 0.05049
0.96011 0.03989
0.44309 0.55691
0.52360 0.47640
0.99436 0.00564
0.41011 0.58989
0.48990 0.51010
0.50080 0.49920
0.55301 0.44699
0.99904 0.00096
0.50835 0.49165
0.55669 0.44331
0.91231 0.08769
0.99209 0.00791
0.89624 0.10376
0.52187 0.47813
0.50579 0.49421
0.96664 0.03336
0.99550 0.00450
0.88741 0.11259
0.61553 0.38447
0.90385 0.09615
0.99107 0.00893
0.16299 0.83701
0.23294 0.76706
0.48639 0.51361
0.80010 0.19990
0.80010 0.19990
0.47935 0.52065
0.93745 0.06255
0.87363 0.12637
0.50330 0.49670
0.50824 0.49176
0.50824 0.49176
0.50824 0.49176
0.47752 0.52248
0.30628 0.69372
0.33224 0.66776
0.31286 0.68714
0.68654 0.31346
0.51234 0.48766
0.51234 0.48766
0.51234 0.48766
0.51234 0.48766
0.44946 0.55054
0.33052 0.66948
0.30255 0.69745
0.52422 0.47578
0.48334 0.51666
0.26265 0.73735
0.82620 0.17380
0.23729 0.76271
0.96691 0.03309
0.68323 0.31677
0.31361 0.68639
0.77681 0.22319
0.77681 0.22319
0.99614 0.00386
0.88797 0.11203
0.32772 0.67228
0.80976 0.19024
0.27104 0.72896
0.21259 0.78741
0.99072 0.00928
0.58419 0.41581
0.99237 0.00763
0.36721 0.63279
0.36091 0.63909
0.53661 0.46339
0.51085 0.48915
0.87935 0.12065
0.93699 0.06301
0.93699 0.06301
0.92930 0.07070
0.93699 0.06301
0.93699 0.06301
0.92930 0.07070
0.78798 0.21202
0.78798 0.21202
0.92255 0.07745
0.43280 0.56720
0.83806 0.16194
0.83806 0.16194
0.85074 0.14926
0.83806 0.16194
0.83806 0.16194
0.85074 0.14926
0.98916 0.01084
0.98713 0.01287
0.96849 0.03151
0.35625 0.64375
0.35937 0.64063
0.95435 0.04565
0.41383 0.58617
0.41640 0.58360
0.86811 0.13189
0.56586 0.43414
0.89735 0.10265
0.95403 0.04597
0.67239 0.32761
0.85429 0.14571
0.94051 0.05949
0.94051 0.05949
0.85429 0.14571
0.84894 0.15106
0.86403 0.13597
0.96864 0.03136
0.84413 0.15587
0.93840 0.06160
0.43855 0.56145
0.98328 0.01672
0.97740 0.02260
0.81051 0.18949
0.72545 0.27455
0.32576 0.67424
0.72028 0.27972
0.86106 0.13894
0.71870 0.28130
0.68334 0.31666
0.61381 0.38619
0.99945 0.00055
0.99263 0.00737
0.99944 0.00056
0.99402 0.00598
0.99995 0.00005
0.99993 0.00007
0.99416 0.00584
0.99416 0.00584
0.85487 0.14513
0.85487 0.14513
0.95751 0.04249
0.95751 0.04249
0.95751 0.04249
0.81230 0.18770
0.81230 0.18770
0.81230 0.18770
0.73609 0.26391
0.70035 0.29965
0.46019 0.53981
0.45374 0.54626
0.99119 0.00881
0.45941 0.54059
0.99119 0.00881
0.45941 0.54059
0.99119 0.00881
0.45941 0.54059
0.46153 0.53847
0.46153 0.53847
0.38597 0.61403
0.37827 0.62173
0.37827 0.62173
0.35722 0.64278
0.34989 0.65011
0.34989 0.65011
0.41686 0.58314
0.99727 0.00273
0.99832 0.00168
