0.04116 0.95884
0.64682 0.35318
0.18263 0.81737
0.11849 0.88151
0.11849 0.88151
0.57388 0.42612
0.97562 0.02438
0.14878 0.85122
0.98444 0.01556
0.47614 0.52386
0.32993 0.67007
0.99006 0.00994
0.11217 0.88783
0.12040 0.87960
0.29904 0.70096
0.31876 0.68124
0.29882 0.70118
0.21716 0.78284
0.21716 0.78284
0.12084 0.87916
0.31822 0.68178
0.58829 0.41171
0.31822 0.68178
0.58829 0.41171
0.40535 0.59465
0.32626 0.67374
0.28860 0.71140
0.35350 0.64650
0.40535 0.59465
0.32626 0.67374
0.28860 0.71140
0.35350 0.64650
0.27435 0.72565
0.08074 0.91926
0.07035 0.92965
0.22021 0.77979
0.87379 0.12621
0.54271 0.45729
0.17908 0.82092
0.16306 0.83694
0.06351 0.93649
0.11161 0.88839
0.30518 0.69482
0.06905 0.93095
0.03730 0.96270
0.22591 0.77409
0.17314 0.82686
0.96216 0.03784
0.95816 0.04184
0.95913 0.04087
0.97251 0.02749
0.88548 0.11452
0.86947 0.13053
0.88548 0.11452
0.94770 0.05230
0.93929 0.06071
0.22804 0.77196
0.51599 0.48401
0.37046 0.62954
0.68813 0.31187
0.99665 0.00335
0.99610 0.00390
0.97807 0.02193
0.97565 0.02435
0.98111 0.01889
0.91830 0.08170
0.93929 0.06071
0.98640 0.01360
0.96361 0.03639
0.96060 0.03940
0.14541 0.85459
0.48847 0.51153
0.75253 0.24747
0.40097 0.59903
0.76551 0.23449
0.96657 0.03343
0.97532 0.02468
0.63764 0.36236
0.60636 0.39364
0.60636 0.39364
0.60636 0.39364
0.60636 0.39364
0.43217 0.56783
0.43217 0.56783
0.80540 0.19460
0.28141 0.71859
0.36115 0.63885
0.36115 0.63885
0.23626 0.76374
0.89542 0.10458
0.58612 0.41388
0.34676 0.65324
0.26634 0.73366
0.74172 0.25828
0.70752 0.29248
0.68289 0.31711
0.72029 0.27971
0.55267 0.44733
0.19473 0.80527
0.41538 0.58462
0.31978 0.68022
0.56936 0.43064
0.18318 0.81682
0.31233 0.68767
0.34371 0.65629
0.17382 0.82618
0.29842 0.70158
0.15385 0.84615
0.99971 0.00029
0.99984 0.00016
0.99963 0.00037
0.99935 0.00065
0.99987 0.00013
0.28222 0.71778
0.11863 0.88137
0.04319 0.95681
0.72147 0.27853
0.35380 0.64620
0.83044 0.16956
0.48466 0.51534
0.03449 0.96551
0.03775 0.96225
0.86511 0.13489
0.99945 0.00055
0.99977 0.00023
0.90544 0.09456
0.53915 0.46085
0.34097 0.65903
0.78652 0.21348
0.79144 0.20856
0.55438 0.44562
0.55438 0.44562
0.17441 0.82559
0.22400 0.77600
0.45130 0.54870
0.94345 0.05655
0.29337 0.70663
0.20401 0.79599
0.49450 0.50550
0.29149 0.70851
0.46462 0.53538
0.25819 0.74181
0.46462 0.53538
0.25819 0.74181
0.36170 0.63829
0.47189 0.52811
0.26037 0.73963
0.42568 0.57432
0.64831 0.35169
0.89461 0.10539
0.61160 0.38840
0.42933 0.57067
0.97254 0.02746
0.18475 0.81525
0.82940 0.17060
0.19538 0.80462
0.99881 0.00119
0.98510 0.01490
0.88814 0.11186
0.98841 0.01159
0.98960 0.01040
0.97915 0.02085
0.98356 0.01644
0.98321 0.01679
0.97915 0.02085
0.98242 0.01758
0.88656 0.11344
0.33151 0.66849
0.43215 0.56785
0.04210 0.95790
0.99403 0.00597
0.97500 0.02500
0.99453 0.00547
0.99556 0.00444
0.24149 0.75850
0.08694 0.91306
0.85954 0.14046
0.28761 0.71239
0.11126 0.88874
0.04781 0.95219
0.07577 0.92423
0.49585 0.50415
0.99716 0.00284
0.41684 0.58316
0.99974 0.00026
0.99447 0.00553
0.98452 0.01548
0.63256 0.36744
0.04509 0.95491
0.06124 0.93876
0.06275 0.93725
0.04927 0.95073
0.04800 0.95200
0.99953 0.00047
0.99953 0.00047
0.08547 0.91453
0.55031 0.44969
0.76678 0.23322
0.83955 0.16045
0.41489 0.58511
0.71554 0.28446
0.87802 0.12198
0.39454 0.60546
0.98456 0.01544
0.54624 0.45376
0.99388 0.00612
0.44938 0.55062
0.42126 0.57874
0.73674 0.26326
0.78481 0.21519
0.10700 0.89300
0.32830 0.67170
0.26544 0.73456
0.26544 0.73456
0.99283 0.00717
0.29290 0.70710
0.99479 0.00521
0.29290 0.70710
0.99995 0.00005
0.35290 0.64710
0.88595 0.11405
0.58327 0.41673
0.37834 0.62166
0.57013 0.42987
0.67355 0.32645
0.99999 0.00001
0.77285 0.22715
0.99991 0.00009
0.99995 0.00005
0.99986 0.00014
0.99985 0.00015
0.99815 0.00185
0.29953 0.70047
0.97758 0.02242
0.86245 0.13755
0.49842 0.50158
0.36978 0.63022
0.34980 0.65020
0.96314 0.03686
0.73430 0.26570
0.99232 0.00768
0.73430 0.26570
0.99232 0.00768
0.08739 0.91261
0.18159 0.81841
0.98923 0.01077
0.26218 0.73782
0.18981 0.81019
0.21232 0.78768
0.12824 0.87176
0.79825 0.20175
0.96793 0.03207
0.99685 0.00315
0.96793 0.03207
0.99932 0.00068
0.99002 0.00998
0.61632 0.38368
0.47784 0.52216
0.98952 0.01048
0.98952 0.01048
0.90884 0.09116
0.90884 0.09116
0.52078 0.47922
0.30531 0.69469
0.90267 0.09733
0.08627 0.91373
0.07422 0.92578
0.22190 0.77810
0.20003 0.79997
0.38158 0.61842
0.35224 0.64776
0.99822 0.00178
0.80078 0.19922
0.46661 0.53339
0.45716 0.54284
0.99331 0.00669
0.61205 0.38795
0.24821 0.75179
0.89123 0.10877
0.67938 0.32062
0.73253 0.26747
0.45675 0.54325
0.73253 0.26747
0.45675 0.54325
0.23699 0.76301
0.94358 0.05642
0.14114 0.85886
0.88182 0.11818
0.88182 0.11818
0.67715 0.32285
0.44384 0.55616
0.91510 0.08490
0.99987 0.00013
1.00000 0.00000
0.97327 0.02673
0.63082 0.36918
0.61769 0.38231
0.99970 0.00030
0.78176 0.21824
0.78176 0.21824
0.99944 0.00056
0.99971 0.00029
0.78176 0.21824
0.78176 0.21824
0.99930 0.00070
0.13859 0.86141
0.12964 0.87036
0.98508 0.01492
0.33518 0.66482
0.80006 0.19994
0.84892 0.15108
0.68758 0.31242
0.77803 0.22197
0.79172 0.20828
0.73166 0.26834
0.91405 0.08595
0.90307 0.09693
0.67732 0.32268
0.67732 0.32268
0.67732 0.32268
0.67732 0.32268
0.44982 0.55018
0.24823 0.75177
0.24823 0.75177
0.58176 0.41824
0.29506 0.70494
0.99854 0.00146
0.44826 0.55174
0.18651 0.81349
0.18651 0.81349
0.12667 0.87333
0.93804 0.06196
0.93724 0.06276
0.16261 0.83739
0.13415 0.86585
0.13704 0.86296
0.19152 0.80848
0.16783 0.83217
0.38720 0.61280
0.38720 0.61280
0.15699 0.84301
0.32014 0.67986
0.39213 0.60787
0.12023 0.87977
0.51250 0.48750
0.89970 0.10030
0.99649 0.00351
0.99692 0.00308
0.05961 0.94039
0.92566 0.07434
0.99561 0.00439
0.99495 0.00505
0.91580 0.08420
0.77553 0.22447
0.99059 0.00941
0.71003 0.28997
0.99885 0.00115
0.99767 0.00233
0.36262 0.63738
0.36679 0.63321
0.96475 0.03525
0.99863 0.00137
0.99722 0.00278
0.32988 0.67012
0.10112 0.89888
0.03432 0.96568
0.05658 0.94342
0.58082 0.41918
0.17487 0.82513
0.99628 0.00372
0.97687 0.02313
0.48868 0.51132
0.48868 0.51132
0.70556 0.29444
0.28814 0.71186
0.60410 0.39590
0.98892 0.01108
0.27512 0.72488
0.98016 0.01984
0.97676 0.02324
0.78755 0.21245
0.99596 0.00404
0.80497 0.19503
0.99524 0.00476
0.63014 0.36986
0.63014 0.36986
0.52380 0.47620
0.52380 0.47620
0.93796 0.06204
0.92851 0.07149
0.96865 0.03135
0.96536 0.03464
0.95786 0.04214
0.84384 0.15616
0.05562 0.94438
0.95322 0.04678
0.19597 0.80403
0.95322 0.04678
0.19597 0.80403
0.94890 0.05110
0.19803 0.80197
0.95643 0.04357
0.18591 0.81409
0.52008 0.47992
0.17324 0.82676
0.47315 0.52686
0.87751 0.12249
0.86654 0.13346
0.84497 0.15503
0.97158 0.02842
0.75923 0.24077
0.20932 0.79068
0.60098 0.39902
0.72355 0.27645
0.19201 0.80799
0.57535 0.42465
0.99901 0.00099
0.99873 0.00127
0.94900 0.05100
0.38584 0.61416
0.75521 0.24479
0.99921 0.00079
1.00000 0.00000
1.00000 0.00000
0.93960 0.06040
0.93960 0.06040
0.99911 0.00089
0.99962 0.00038
0.99962 0.00038
0.99951 0.00049
0.68441 0.31559
0.79027 0.20973
0.79027 0.20973
0.98477 0.01523
0.99626 0.00374
0.79258 0.20742
0.81535 0.18465
0.82616 0.17384
0.99993 0.00007
0.99993 0.00007
0.82194 0.17806
0.82194 0.17806
0.99814 0.00186
0.29710 0.70290
0.38513 0.61487
0.36466 0.63534
0.51638 0.48362
0.46738 0.53262
0.92687 0.07313
0.19757 0.80243
0.99980 0.00020
0.96833 0.03167
0.44645 0.55355
0.92332 0.07668
0.49204 0.50796
0.99969 0.00031
0.98855 0.01145
0.27736 0.72264
0.90217 0.09783
0.99893 0.00107
0.99970 0.00030
0.10706 0.89294
0.10982 0.89018
0.12268 0.87732
0.12578 0.87422
0.99979 0.00021
0.99975 0.00025
0.99983 0.00017
0.63651 0.36349
0.91747 0.08253
0.99297 0.00703
0.97348 0.02652
0.31244 0.68756
0.93318 0.06682
0.79343 0.20657
0.86905 0.13095
0.98587 0.01413
0.99740 0.00260
0.99898 0.00102
0.99946 0.00054
0.88245 0.11755
0.88245 0.11755
0.99946 0.00054
0.56251 0.43749
0.39657 0.60343
0.75199 0.24801
0.63510 0.36490
0.12820 0.87180
0.53214 0.46786
0.28132 0.71868
0.31689 0.68311
0.90363 0.09637
0.09063 0.90937
0.07961 0.92039
0.08826 0.91174
0.99856 0.00144
0.99046 0.00954
0.98140 0.01860
0.99158 0.00842
0.53604 0.46396
0.90156 0.09844
0.41414 0.58586
0.90427 0.09573
0.99809 0.00191
0.99141 0.00859
0.98404 0.01596
0.99972 0.00028
0.98705 0.01295
0.94480 0.05520
0.73639 0.26361
0.55456 0.44544
0.99424 0.00576
0.99934 0.00066
0.99967 0.00033
0.99643 0.00357
0.68922 0.31078
0.38765 0.61235
0.91738 0.08262
0.52807 0.47193
0.96644 0.03356
0.76607 0.23393
0.35430 0.64570
0.62444 0.37556
0.52057 0.47943
0.63936 0.36064
0.50816 0.49184
0.83840 0.16160
0.41090 0.58910
0.61779 0.38221
0.97602 0.02398
0.39373 0.60627
0.43521 0.56479
0.69676 0.30324
0.64325 0.35675
0.99675 0.00325
0.58705 0.41295
0.99893 0.00107
0.61096 0.38904
0.55310 0.44690
0.99743 0.00257
0.49514 0.50486
0.99911 0.00089
0.98804 0.01196
0.30576 0.69424
0.96533 0.03467
0.28677 0.71323
0.93830 0.06170
0.32974 0.67026
0.24804 0.75196
0.73694 0.26306
0.99810 0.00190
0.99483 0.00517
1.00000 0.00000
0.59391 0.40609
0.99184 0.00816
0.45604 0.54396
0.98429 0.01571
0.45604 0.54396
0.98429 0.01571
0.97984 0.02016
1.00000 0.00000
0.92517 0.07483
0.97236 0.02764
0.99009 0.00991
0.82094 0.17906
0.57873 0.42127
0.25468 0.74532
0.35471 0.64529
0.99898 0.00102
0.86329 0.13671
0.40582 0.59418
0.41192 0.58808
0.62422 0.37578
0.21922 0.78078
0.56756 0.43244
0.69547 0.30453
0.76462 0.23538
0.32308 0.67692
0.95303 0.04697
0.99997 0.00003
0.85348 0.14652
0.76691 0.23309
0.92808 0.07192
0.98067 0.01933
0.93427 0.06573
0.14932 0.85068
0.94384 0.05616
0.03119 0.96881
0.04691 0.95309
0.86019 0.13981
0.25215 0.74785
0.84985 0.15015
1.00000 0.00000
0.79641 0.20359
0.99989 0.00011
0.45468 0.54532
0.99983 0.00017
0.64508 0.35492
0.93815 0.06185
0.99513 0.00487
0.99959 0.00041
0.99827 0.00173
0.98791 0.01209
0.97088 0.02912
0.38933 0.61067
0.89018 0.10982
0.68834 0.31166
0.80045 0.19955
0.72261 0.27739
0.97910 0.02090
0.87982 0.12018
0.87154 0.12846
0.37108 0.62892
0.89253 0.10747
1.00000 0.00000
0.36803 0.63197
0.84127 0.15873
0.20826 0.79174
0.70583 0.29417
0.99263 0.00737
0.54490 0.45510
0.92906 0.07094
0.99858 0.00142
0.57133 0.42867
0.97049 0.02951
0.21705 0.78295
0.84607 0.15393
0.19517 0.80483
0.60001 0.39999
0.47597 0.52403
0.09547 0.90453
0.82015 0.17985
0.82912 0.17088
0.86584 0.13416
0.87921 0.12079
0.98091 0.01909
0.65282 0.34718
0.99398 0.00602
0.28317 0.71683
0.97558 0.02442
0.99917 0.00083
0.97895 0.02105
0.82853 0.17147
0.82076 0.17924
0.82076 0.17924
0.20366 0.79634
0.35683 0.64317
0.35959 0.64041
0.14746 0.85254
0.13259 0.86741
0.99999 0.00001
0.84507 0.15493
0.30808 0.69192
0.92826 0.07174
0.31046 0.68954
0.27622 0.72378
0.32840 0.67160
0.22418 0.77582
0.26492 0.73508
0.21368 0.78632
0.25240 0.74760
0.66487 0.33513
0.70833 0.29167
0.36875 0.63125
0.44274 0.55726
0.77201 0.22799
0.37657 0.62343
0.68822 0.31178
0.14726 0.85274
0.61946 0.38054
0.61946 0.38054
0.97467 0.02533
0.97467 0.02533
0.79227 0.20773
0.79227 0.20773
0.99236 0.00764
0.99236 0.00764
0.97029 0.02971
0.97029 0.02971
0.60270 0.39730
0.60270 0.39730
0.79894 0.20106
0.85895 0.14105
0.72711 0.27289
0.19282 0.80718
0.14049 0.85951
0.07671 0.92329
0.88759 0.11241
0.13827 0.86173
0.99976 0.00024
0.92967 0.07033
0.98837 0.01163
0.83309 0.16691
0.97621 0.02379
0.36956 0.63044
0.42592 0.57408
0.42592 0.57408
0.95278 0.04722
0.95229 0.04771
0.94438 0.05562
0.98118 0.01882
0.98116 0.01884
0.97666 0.02334
0.65911 0.34089
0.74510 0.25490
0.57557 0.42443
0.49598 0.50402
0.57962 0.42038
0.99948 0.00052
0.99961 0.00039
0.22670 0.77330
0.74345 0.25655
0.90932 0.09068
0.84956 0.15044
0.36944 0.63056
0.43592 0.56408
0.43592 0.56408
0.36944 0.63056
0.95718 0.04283
0.84513 0.15487
0.30412 0.69588
0.79926 0.20074
0.99986 0.00014
0.69006 0.30994
0.99970 0.00030
0.79970 0.20030
0.79970 0.20030
0.84794 0.15206
0.26122 0.73878
0.38841 0.61159
0.38405 0.61595
0.63754 0.36246
0.89494 0.10506
0.50979 0.49021
0.70891 0.29109
0.86677 0.13323
0.15284 0.84716
0.23761 0.76239
0.20996 0.79004
0.41185 0.58815
0.77727 0.22273
0.92536 0.07464
0.16197 0.83803
0.27454 0.72546
0.77727 0.22273
0.92536 0.07464
0.16197 0.83803
0.27454 0.72546
0.67300 0.32700
0.83211 0.16789
0.95634 0.04366
0.95977 0.04023
0.96910 0.03090
0.99261 0.00739
0.64369 0.35631
0.34381 0.65619
0.78209 0.21791
0.23638 0.76362
0.33142 0.66858
0.23638 0.76362
0.33142 0.66858
0.71963 0.28037
0.71963 0.28037
0.71963 0.28037
0.71963 0.28037
0.65393 0.34607
0.94443 0.05557
0.72016 0.27984
0.52666 0.47334
0.24835 0.75165
0.19274 0.80726
0.11382 0.88618
0.22194 0.77806
0.17419 0.82581
0.62685 0.37315
0.36825 0.63175
0.51002 0.48998
0.26446 0.73554
0.99708 0.00292
0.21829 0.78171
0.90515 0.09485
0.87707 0.12293
0.99990 0.00010
0.85125 0.14875
0.93994 0.06006
0.14320 0.85680
0.98496 0.01504
0.99967 0.00033
0.97952 0.02048
0.33054 0.66946
0.11541 0.88459
0.30708 0.69292
0.97174 0.02826
0.94076 0.05924
0.60896 0.39104
0.93851 0.06149
0.49572 0.50428
0.98325 0.01675
0.25132 0.74868
0.78240 0.21760
0.27476 0.72524
0.99959 0.00041
0.72093 0.27907
0.86191 0.13809
0.99026 0.00974
0.40878 0.59122
0.35418 0.64582
0.35418 0.64582
0.75049 0.24951
0.96431 0.03569
0.52393 0.47607
0.45569 0.54431
0.75135 0.24865
0.51622 0.48378
0.22145 0.77855
0.68699 0.31301
0.67283 0.32717
0.49256 0.50744
0.99933 0.00067
0.99936 0.00064
0.31411 0.68589
0.98896 0.01104
0.98908 0.01092
0.99974 0.00026
0.79675 0.20325
0.61349 0.38651
0.97884 0.02116
0.36584 0.63416
0.23195 0.76805
0.32835 0.67165
0.99199 0.00801
0.98255 0.01745
0.23195 0.76805
0.32835 0.67165
0.35951 0.64049
0.35951 0.64049
0.62844 0.37156
0.34224 0.65776
0.33148 0.66852
0.06752 0.93248
0.38634 0.61366
0.30645 0.69355
0.34111 0.65889
0.28525 0.71475
0.91675 0.08325
0.14717 0.85283
0.74164 0.25836
0.99991 0.00009
0.99993 0.00007
0.92132 0.07868
0.99453 0.00547
0.99204 0.00796
0.99973 0.00027
0.99918 0.00082
0.99918 0.00082
0.39107 0.60893
0.50294 0.49706
0.47385 0.52615
0.57873 0.42127
0.99934 0.00066
0.61866 0.38134
0.78709 0.21291
0.65969 0.34031
0.72999 0.27001
0.38408 0.61592
0.36114 0.63886
0.94780 0.05220
0.69259 0.30741
0.44773 0.55227
0.28446 0.71554
0.28446 0.71554
0.76773 0.23227
0.76773 0.23227
0.30147 0.69853
0.30147 0.69853
0.95704 0.04296
0.96166 0.03834
0.40508 0.59492
0.58680 0.41320
0.58680 0.41320
0.90079 0.09921
0.90079 0.09921
0.75506 0.24494
0.75506 0.24494
0.48469 0.51531
0.74822 0.25178
0.36641 0.63359
0.08088 0.91912
0.18513 0.81487
0.93342 0.06658
0.90347 0.09653
0.75038 0.24962
0.84953 0.15047
0.50765 0.49235
0.73650 0.26350
0.87968 0.12032
0.87968 0.12032
0.95609 0.04391
0.39726 0.60274
0.29723 0.70277
0.99487 0.00513
0.21516 0.78484
0.23101 0.76899
0.99924 0.00076
0.99875 0.00125
0.99875 0.00125
0.99612 0.00388
0.99973 0.00027
0.99973 0.00027
0.58789 0.41211
0.35973 0.64027
0.97968 0.02032
0.22200 0.77800
0.12942 0.87058
0.42684 0.57316
0.90335 0.09665
0.97289 0.02711
0.97309 0.02691
0.97289 0.02711
0.97309 0.02691
0.96080 0.03920
0.28754 0.71246
0.26234 0.73766
0.46343 0.53657
0.94068 0.05932
0.66893 0.33107
0.93711 0.06289
0.85703 0.14297
0.52621 0.47379
0.97445 0.02555
0.95658 0.04342
0.91024 0.08976
0.95475 0.04525
0.57891 0.42109
0.11090 0.88910
0.19208 0.80792
0.20290 0.79710
0.16324 0.83676
0.99992 0.00008
0.27560 0.72440
0.28553 0.71447
0.28553 0.71447
0.38576 0.61424
0.99205 0.00795
0.71728 0.28272
0.71944 0.28056
0.96489 0.03511
0.44663 0.55337
0.16660 0.83340
0.09452 0.90548
0.94370 0.05630
0.99940 0.00060
0.99970 0.00030
0.76217 0.23783
0.87108 0.12892
0.35329 0.64671
0.58786 0.41214
0.85339 0.14661
0.30905 0.69095
0.92469 0.07531
0.14991 0.85009
0.46157 0.53843
0.12571 0.87429
0.23982 0.76018
0.97217 0.02783
0.05802 0.94198
0.30779 0.69221
0.06604 0.93396
0.82881 0.17119
0.95748 0.04252
0.99932 0.00068
0.99999 0.00001
0.92013 0.07987
0.92013 0.07987
0.92736 0.07264
0.53441 0.46559
0.53934 0.46066
0.53441 0.46559
0.48668 0.51332
0.53441 0.46559
0.53441 0.46559
0.53934 0.46066
0.53441 0.46559
0.48668 0.51332
0.53441 0.46559
0.53441 0.46559
0.53934 0.46066
0.53441 0.46559
0.48668 0.51332
0.53441 0.46559
0.97501 0.02499
0.98748 0.01252
0.69459 0.30541
0.99414 0.00586
0.84610 0.15390
0.32972 0.67028
0.32182 0.67818
0.19225 0.80775
0.99989 0.00011
0.42677 0.57323
0.49207 0.50793
0.45274 0.54726
0.98709 0.01291
0.95930 0.04070
0.16233 0.83767
0.98190 0.01810
0.93414 0.06586
0.98190 0.01810
0.93414 0.06586
0.25458 0.74542
0.96195 0.03805
0.25747 0.74253
0.48995 0.51005
0.99947 0.00053
0.88850 0.11150
0.48995 0.51005
0.99943 0.00057
0.88467 0.11533
0.61117 0.38883
0.94128 0.05872
0.82749 0.17251
0.61117 0.38883
0.94128 0.05872
0.82749 0.17251
0.31307 0.68693
0.31307 0.68693
0.31307 0.68693
0.31307 0.68693
0.17278 0.82722
0.21864 0.78136
0.77677 0.22323
0.12519 0.87481
0.07452 0.92548
0.15077 0.84923
0.17550 0.82450
0.10982 0.89018
0.15739 0.84261
0.72459 0.27541
0.93748 0.06252
0.91050 0.08950
0.11014 0.88986
0.17411 0.82589
0.20514 0.79486
0.26355 0.73645
0.11014 0.88986
0.17411 0.82589
0.20514 0.79486
0.40935 0.59065
0.14555 0.85445
0.23172 0.76828
0.31665 0.68335
0.64997 0.35003
0.92811 0.07189
0.88106 0.11894
0.20234 0.79766
0.97367 0.02633
0.96128 0.03872
0.79603 0.20397
0.97338 0.02662
0.99526 0.00474
0.99526 0.00474
0.97327 0.02673
0.78531 0.21469
0.99996 0.00004
0.99855 0.00145
0.99964 0.00036
0.99107 0.00893
0.92365 0.07635
0.10813 0.89187
0.21585 0.78415
0.73103 0.26897
0.13889 0.86111
0.61203 0.38797
0.10148 0.89852
0.16712 0.83288
0.81765 0.18235
0.16422 0.83578
0.25977 0.74023
0.91066 0.08934
0.19575 0.80425
0.99287 0.00713
0.99847 0.00153
0.99876 0.00124
0.99700 0.00300
0.99976 0.00024
0.99664 0.00336
0.97585 0.02415
0.56561 0.43439
0.99731 0.00269
0.99914 0.00086
0.97378 0.02622
0.26897 0.73103
0.82424 0.17576
0.98970 0.01030
0.82266 0.17734
0.74685 0.25315
0.41621 0.58379
0.41621 0.58379
0.38015 0.61985
0.42386 0.57614
0.97720 0.02280
0.57944 0.42056
0.95250 0.04750
0.95250 0.04750
0.19261 0.80739
0.99912 0.00088
0.99244 0.00756
0.48193 0.51807
0.58979 0.41021
0.99986 0.00014
0.99737 0.00263
0.99950 0.00050
0.50013 0.49987
0.94487 0.05513
0.32946 0.67054
0.55765 0.44235
0.29175 0.70825
0.91525 0.08475
0.39053 0.60947
0.46277 0.53723
0.90476 0.09524
0.23906 0.76094
0.34196 0.65804
0.98231 0.01769
0.97427 0.02573
0.49654 0.50346
0.21348 0.78652
0.37588 0.62412
0.15770 0.84230
0.99063 0.00937
0.41464 0.58536
0.98312 0.01688
0.30242 0.69758
0.95985 0.04015
0.95985 0.04015
0.99998 0.00002
0.95985 0.04015
0.99998 0.00002
0.68193 0.31807
0.36285 0.63715
0.55171 0.44829
0.40704 0.59296
0.23987 0.76013
0.23987 0.76013
0.23987 0.76013
0.40993 0.59007
0.40993 0.59007
0.08705 0.91295
0.10572 0.89428
0.99957 0.00043
0.99924 0.00076
0.99517 0.00483
0.69351 0.30649
0.70244 0.29756
0.94508 0.05492
0.92961 0.07039
0.68738 0.31262
0.99181 0.00819
0.96007 0.03993
0.88649 0.11351
0.99970 0.00030
0.06410 0.93590
0.10278 0.89722
0.33592 0.66408
0.77471 0.22529
0.33592 0.66408
0.77471 0.22529
0.33592 0.66408
0.77471 0.22529
0.33592 0.66408
0.77471 0.22529
0.99999 0.00001
0.99482 0.00518
0.99999 0.00001
0.99609 0.00391
0.87378 0.12622
0.39777 0.60223
0.90618 0.09382
0.33146 0.66854
0.99475 0.00525
0.51984 0.48016
0.99947 0.00053
0.99993 0.00007
0.99961 0.00039
0.48781 0.51219
0.99995 0.00005
0.05762 0.94238
0.12065 0.87935
0.99996 0.00004
0.99985 0.00015
0.99996 0.00004
0.99996 0.00004
0.99985 0.00015
0.99996 0.00004
0.51337 0.48663
0.51337 0.48663
0.51337 0.48663
0.27702 0.72298
0.09718 0.90282
0.91315 0.08685
0.24170 0.75830
0.22018 0.77982
0.43320 0.56680
0.43320 0.56680
0.31629 0.68371
0.99940 0.00060
0.54022 0.45978
0.96322 0.03678
0.96305 0.03695
0.92122 0.07878
0.02867 0.97133
0.89835 0.10165
0.96915 0.03085
0.95621 0.04379
0.38177 0.61823
0.61522 0.38478
0.56254 0.43746
0.89835 0.10165
0.96915 0.03085
0.95621 0.04379
0.61070 0.38930
0.56290 0.43710
0.89769 0.10231
0.73655 0.26345
0.13083 0.86917
0.42848 0.57152
0.23501 0.76499
0.26767 0.73233
0.32247 0.67753
0.85471 0.14529
0.97725 0.02275
0.69252 0.30748
0.17736 0.82264
0.99850 0.00150
0.40614 0.59386
0.37342 0.62658
0.24902 0.75098
0.14724 0.85276
0.05104 0.94896
0.32330 0.67670
0.41971 0.58029
0.79527 0.20473
0.38149 0.61851
0.98793 0.01207
0.36214 0.63786
0.75304 0.24696
0.40125 0.59875
0.86148 0.13852
0.96745 0.03255
0.96745 0.03255
0.28970 0.71030
0.99180 0.00820
0.99720 0.00280
0.47615 0.52385
0.47615 0.52385
0.27446 0.72554
0.76823 0.23177
0.96762 0.03238
0.97937 0.02063
0.94173 0.05827
0.11350 0.88650
0.88722 0.11278
0.96556 0.03444
1.00000 0.00000
0.05441 0.94559
0.04796 0.95204
0.03911 0.96089
0.13246 0.86754
0.14463 0.85537
0.46809 0.53191
0.09161 0.90839
0.09633 0.90367
0.03954 0.96046
0.09967 0.90033
0.88151 0.11849
0.07783 0.92217
0.51018 0.48982
0.98469 0.01531
0.99999 0.00001
0.80064 0.19936
0.84329 0.15671
0.77681 0.22319
0.57906 0.42094
0.57906 0.42094
0.99952 0.00048
0.66577 0.33423
0.99952 0.00048
0.47536 0.52464
0.66048 0.33952
0.59993 0.40007
0.43093 0.56907
0.99490 0.00510
0.98165 0.01835
0.89227 0.10773
0.99944 0.00056
0.80567 0.19433
0.99870 0.00130
0.99949 0.00051
0.80012 0.19988
0.99943 0.00057
0.15156 0.84844
0.81791 0.18209
0.22507 0.77493
0.91847 0.08153
0.95792 0.04208
0.98676 0.01324
0.99129 0.00871
0.12708 0.87292
0.70059 0.29941
0.99689 0.00311
0.25839 0.74161
0.87052 0.12948
0.08842 0.91158
0.40318 0.59682
0.09360 0.90640
0.06879 0.93121
0.08103 0.91897
0.14029 0.85971
0.99721 0.00279
0.94002 0.05998
0.99982 0.00018
0.93329 0.06671
0.94578 0.05422
0.99885 0.00115
0.99928 0.00072
0.83808 0.16192
0.83808 0.16192
0.99577 0.00423
0.99577 0.00423
0.83808 0.16192
0.83808 0.16192
0.83808 0.16192
0.83808 0.16192
0.88866 0.11134
0.93585 0.06415
0.93585 0.06415
0.70960 0.29040
0.87054 0.12946
0.99998 0.00002
0.99983 0.00017
0.10645 0.89355
0.15638 0.84362
0.99995 0.00005
0.99992 0.00008
0.99992 0.00008
0.99969 0.00031
0.99470 0.00530
0.98689 0.01311
0.98689 0.01311
0.15894 0.84106
0.99122 0.00878
0.16145 0.83855
0.78386 0.21614
0.09264 0.90736
0.11471 0.88529
0.23151 0.76849
0.25145 0.74855
0.99758 0.00242
0.99146 0.00854
0.59020 0.40980
0.59020 0.40980
0.02816 0.97184
0.99950 0.00050
0.94974 0.05026
0.25417 0.74583
0.46990 0.53010
0.41991 0.58009
0.84667 0.15333
0.91604 0.08396
0.90374 0.09626
0.95602 0.04398
0.91287 0.08713
0.91209 0.08791
0.15335 0.84665
0.21361 0.78639
0.10473 0.89527
0.13611 0.86389
0.08204 0.91796
0.38825 0.61175
0.34519 0.65481
0.85351 0.14649
0.83758 0.16242
0.94361 0.05639
0.31241 0.68759
0.61344 0.38656
0.61344 0.38656
0.06140 0.93860
0.16549 0.83451
0.77898 0.22102
0.43562 0.56438
0.95002 0.04998
0.44908 0.55092
0.44908 0.55092
0.44908 0.55092
0.44908 0.55092
0.09478 0.90522
0.09278 0.90722
0.04561 0.95439
0.08231 0.91769
0.99831 0.00169
0.08461 0.91539
0.85343 0.14657
0.70434 0.29566
0.78034 0.21966
0.78034 0.21966
0.97957 0.02043
0.99754 0.00246
0.99860 0.00140
0.99860 0.00140
0.97122 0.02878
0.97122 0.02878
0.43795 0.56205
0.39567 0.60433
0.76553 0.23447
0.76553 0.23447
1.00000 0.00000
0.99792 0.00208
0.99792 0.00208
0.99996 0.00004
0.99931 0.00069
0.19354 0.80646
0.99985 0.00015
0.93667 0.06333
0.98815 0.01185
0.98735 0.01265
0.97768 0.02232
0.98347 0.01653
0.99989 0.00011
0.99970 0.00030
0.99967 0.00033
0.99967 0.00033
0.06092 0.93908
0.06257 0.93743
0.99957 0.00043
0.38874 0.61126
0.84351 0.15649
0.57773 0.42227
0.24995 0.75005
0.44223 0.55777
0.98040 0.01960
0.08583 0.91417
0.44908 0.55092
0.10840 0.89160
0.99259 0.00741
0.44223 0.55777
0.98040 0.01960
0.08583 0.91417
0.99417 0.00583
0.78622 0.21378
0.76782 0.23218
0.92996 0.07004
0.99888 0.00112
0.81421 0.18579
0.32210 0.67790
0.32210 0.67790
0.84830 0.15170
0.79758 0.20242
0.39143 0.60857
0.39143 0.60857
0.89218 0.10782
0.86536 0.13464
0.37834 0.62166
0.30647 0.69353
0.19339 0.80661
0.30647 0.69353
0.14265 0.85735
0.18349 0.81651
0.14265 0.85735
0.14265 0.85735
0.18349 0.81651
0.14265 0.85735
0.98824 0.01176
0.95720 0.04280
0.54498 0.45502
0.31805 0.68195
0.99968 0.00032
0.99942 0.00058
0.56464 0.43536
0.51792 0.48208
0.54121 0.45879
0.49437 0.50563
0.99987 0.00013
0.45281 0.54719
0.09306 0.90694
0.12013 0.87987
0.91589 0.08411
0.54423 0.45577
0.32541 0.67459
0.24238 0.75762
0.27495 0.72505
0.28843 0.71157
0.92037 0.07963
0.82447 0.17553
0.72328 0.27672
0.75685 0.24315
0.75812 0.24188
0.62177 0.37823
0.42958 0.57042
0.42460 0.57540
0.35683 0.64317
0.38254 0.61746
0.99759 0.00241
0.77968 0.22032
0.77968 0.22032
0.05370 0.94630
0.99749 0.00251
0.99332 0.00668
0.99356 0.00644
0.99573 0.00427
0.99646 0.00354
0.10821 0.89179
0.24492 0.75508
0.83757 0.16243
0.60455 0.39545
0.21309 0.78691
0.29210 0.70790
0.20110 0.79890
0.78111 0.21889
0.34588 0.65412
0.47591 0.52409
0.32291 0.67709
0.12671 0.87329
0.19539 0.80461
0.11938 0.88062
0.99913 0.00087
0.99913 0.00087
0.12396 0.87604
0.12396 0.87604
0.68983 0.31017
0.83500 0.16500
0.89406 0.10594
0.09206 0.90794
0.96734 0.03266
0.44850 0.55150
0.51690 0.48310
0.45022 0.54978
0.63539 0.36461
0.51275 0.48725
0.97108 0.02892
0.96358 0.03642
0.42950 0.57050
0.12467 0.87533
0.55062 0.44938
0.55560 0.44440
0.35844 0.64156
0.13288 0.86712
0.98118 0.01882
0.99326 0.00674
0.72773 0.27227
0.72773 0.27227
0.73878 0.26122
0.67895 0.32105
0.99937 0.00063
0.99897 0.00103
0.99949 0.00051
1.00000 0.00000
0.99977 0.00023
0.91811 0.08189
0.99949 0.00051
0.94881 0.05119
0.99920 0.00080
0.99960 0.00040
0.98843 0.01157
0.99969 0.00031
0.91770 0.08230
0.94580 0.05420
0.99994 0.00006
0.99607 0.00393
0.99559 0.00441
0.99699 0.00301
0.34327 0.65673
0.54997 0.45003
0.96149 0.03851
0.96755 0.03245
0.36392 0.63608
0.92393 0.07607
0.26010 0.73990
0.34049 0.65951
0.99948 0.00052
0.44267 0.55733
0.95097 0.04903
0.56238 0.43762
0.96224 0.03776
0.91347 0.08653
0.94880 0.05120
0.91742 0.08258
0.99936 0.00064
0.99969 0.00031
0.99731 0.00269
0.37970 0.62030
0.46681 0.53319
0.23190 0.76810
0.87360 0.12640
0.79895 0.20105
0.01237 0.98763
0.22001 0.77999
0.19913 0.80087
0.26211 0.73789
0.05069 0.94931
0.28186 0.71814
0.93032 0.06968
0.93153 0.06847
0.93020 0.06980
0.05568 0.94432
0.20795 0.79205
0.99642 0.00358
0.64906 0.35094
0.21457 0.78543
0.91847 0.08153
0.99982 0.00018
0.50925 0.49075
0.14877 0.85123
0.43145 0.56855
0.99621 0.00379
0.43145 0.56855
0.99621 0.00379
0.43145 0.56855
0.99621 0.00379
0.99215 0.00785
0.60993 0.39007
0.12008 0.87992
0.92816 0.07184
0.17675 0.82325
0.14567 0.85433
0.14414 0.85586
0.44115 0.55885
0.93329 0.06671
0.29475 0.70525
0.93119 0.06881
0.97526 0.02474
0.65342 0.34658
0.97526 0.02474
0.77263 0.22737
0.80474 0.19526
0.41219 0.58781
0.56688 0.43312
0.84062 0.15938
0.95702 0.04298
0.31351 0.68649
0.31931 0.68069
0.45763 0.54237
0.99823 0.00177
0.98992 0.01008
0.70167 0.29833
0.53380 0.46620
0.53380 0.46620
0.64906 0.35094
0.97145 0.02855
0.54073 0.45927
0.99048 0.00952
0.98244 0.01756
0.18431 0.81569
0.10878 0.89122
0.12578 0.87422
0.32557 0.67443
0.17032 0.82968
0.69614 0.30386
0.82568 0.17432
0.72430 0.27570
0.18344 0.81656
0.66177 0.33823
0.81570 0.18430
0.17073 0.82927
0.75624 0.24376
0.75624 0.24376
0.99481 0.00519
0.41493 0.58507
0.41493 0.58507
0.59378 0.40622
0.17642 0.82358
0.74801 0.25199
0.99114 0.00886
0.99108 0.00892
0.99783 0.00217
0.95931 0.04069
0.99671 0.00329
0.82111 0.17889
0.06504 0.93496
0.99972 0.00028
0.99977 0.00023
0.97022 0.02978
0.96383 0.03617
0.99710 0.00290
0.99893 0.00107
0.71470 0.28530
0.67146 0.32854
0.86207 0.13793
0.81453 0.18547
0.93959 0.06041
0.99813 0.00187
0.98244 0.01756
0.98462 0.01538
0.98477 0.01523
0.99147 0.00853
0.98531 0.01469
0.98769 0.01231
0.99355 0.00645
0.98758 0.01242
0.98026 0.01974
0.36873 0.63127
0.29765 0.70235
0.33110 0.66890
0.43226 0.56774
0.26077 0.73923
0.23234 0.76766
0.23488 0.76512
0.50040 0.49960
0.99629 0.00371
0.99998 0.00002
0.99996 0.00004
0.99984 0.00016
0.82416 0.17584
0.70062 0.29938
0.50075 0.49925
0.99954 0.00046
0.99998 0.00002
0.12443 0.87557
0.99249 0.00751
0.12314 0.87686
0.15039 0.84961
0.84398 0.15602
0.94265 0.05735
0.57620 0.42380
0.98044 0.01956
0.98429 0.01571
0.92934 0.07066
0.56645 0.43355
0.30223 0.69777
0.34244 0.65756
0.94848 0.05152
0.99964 0.00036
0.35321 0.64679
0.39635 0.60365
0.99729 0.00271
0.97672 0.02328
0.93375 0.06625
0.33757 0.66243
0.34688 0.65312
1.00000 0.00000
0.15167 0.84833
1.00000 0.00000
0.45816 0.54184
0.99743 0.00257
0.33561 0.66439
0.99453 0.00547
0.99999 0.00001
0.99999 0.00001
0.13563 0.86437
0.16353 0.83647
0.74460 0.25540
0.24797 0.75203
0.06263 0.93737
0.06476 0.93524
0.22779 0.77221
0.27226 0.72774
0.82625 0.17375
0.89778 0.10222
0.49462 0.50538
0.09006 0.90994
0.09965 0.90035
0.06666 0.93334
0.76732 0.23268
0.13756 0.86244
0.99989 0.00011
0.21639 0.78361
0.33271 0.66729
0.53738 0.46262
0.20700 0.79300
0.97624 0.02376
0.31696 0.68304
0.61542 0.38458
0.33140 0.66860
0.99681 0.00319
0.99974 0.00026
0.19784 0.80216
0.45902 0.54099
0.74775 0.25225
0.86018 0.13982
0.86018 0.13982
0.78809 0.21191
0.81815 0.18185
0.78809 0.21191
0.82547 0.17453
0.69069 0.30931
0.99621 0.00379
0.99441 0.00559
0.69281 0.30719
0.66445 0.33555
0.83930 0.16070
0.89180 0.10820
0.92702 0.07298
0.99994 0.00006
0.88312 0.11688
0.88312 0.11688
0.92702 0.07298
0.99994 0.00006
0.88312 0.11688
0.88312 0.11688
0.92702 0.07298
0.99994 0.00006
0.88312 0.11688
0.88312 0.11688
0.92702 0.07298
0.99994 0.00006
0.88312 0.11688
0.33487 0.66513
0.58053 0.41947
0.90948 0.09052
0.71584 0.28416
0.99947 0.00053
0.86415 0.13585
0.99989 0.00011
0.95621 0.04379
0.79215 0.20785
0.33624 0.66376
0.31830 0.68170
0.75382 0.24618
0.75382 0.24618
0.31830 0.68170
0.31574 0.68426
0.97186 0.02814
0.80217 0.19783
0.54646 0.45354
0.54646 0.45354
0.64180 0.35820
0.62704 0.37296
0.90891 0.09109
0.90891 0.09109
0.72428 0.27572
0.53209 0.46791
0.92665 0.07335
0.39933 0.60067
0.39933 0.60067
0.34087 0.65913
0.99999 0.00001
0.99999 0.00001
0.43942 0.56058
0.39933 0.60067
0.39933 0.60067
0.34087 0.65913
0.52211 0.47789
0.51047 0.48953
0.17203 0.82797
0.29512 0.70488
0.87296 0.12704
0.18983 0.81017
0.14148 0.85852
0.14148 0.85852
0.96583 0.03417
0.16623 0.83377
0.25812 0.74188
0.36622 0.63378
0.92740 0.07260
0.97128 0.02872
0.99975 0.00025
0.99993 0.00007
0.16522 0.83478
0.24676 0.75324
0.32265 0.67735
0.30686 0.69314
0.47705 0.52295
0.32256 0.67744
0.91849 0.08151
0.57793 0.42207
0.17916 0.82084
0.42227 0.57773
0.09987 0.90013
0.12764 0.87236
0.97079 0.02921
0.41072 0.58928
0.74061 0.25939
0.84245 0.15755
0.99985 0.00015
0.97838 0.02162
0.97919 0.02081
0.99821 0.00179
0.95375 0.04625
0.74654 0.25346
0.07102 0.92898
0.91748 0.08252
0.52951 0.47049
0.09012 0.90988
0.07495 0.92505
0.22061 0.77939
0.21580 0.78420
0.98698 0.01302
0.35323 0.64677
0.99365 0.00635
0.99866 0.00134
0.99843 0.00157
0.93846 0.06154
0.93745 0.06255
0.82024 0.17976
0.85724 0.14276
0.91835 0.08165
0.99234 0.00766
0.99669 0.00331
0.99685 0.00315
0.21933 0.78067
0.99979 0.00021
0.99862 0.00138
0.88616 0.11384
0.54605 0.45395
0.93345 0.06655
0.99897 0.00103
0.88616 0.11384
0.54605 0.45395
0.99992 0.00008
0.99972 0.00028
0.99992 0.00008
0.99972 0.00028
0.79555 0.20445
0.82965 0.17035
0.66268 0.33732
0.60553 0.39447
0.65678 0.34322
0.60553 0.39447
0.89021 0.10979
0.95732 0.04268
0.49628 0.50372
0.60479 0.39521
0.49628 0.50372
0.60479 0.39521
0.49628 0.50372
0.60479 0.39521
0.52935 0.47065
0.63535 0.36465
0.15549 0.84451
0.15549 0.84451
0.25364 0.74636
0.38024 0.61976
0.40663 0.59337
0.55248 0.44752
0.47418 0.52582
0.63203 0.36797
0.94831 0.05169
0.51577 0.48423
0.32613 0.67387
0.58703 0.41297
0.95652 0.04348
0.99334 0.00666
0.75399 0.24601
0.97465 0.02535
0.92897 0.07103
0.92897 0.07103
0.99679 0.00321
0.77674 0.22326
0.71994 0.28006
0.99937 0.00063
0.99959 0.00041
0.99956 0.00044
0.99964 0.00036
0.99791 0.00209
0.99976 0.00024
0.26633 0.73367
0.48330 0.51670
0.31679 0.68321
0.87848 0.12152
0.43834 0.56166
0.99547 0.00453
0.99822 0.00178
0.55365 0.44635
0.63034 0.36966
0.49770 0.50230
0.45182 0.54818
0.42319 0.57681
0.40861 0.59139
0.99888 0.00112
0.37110 0.62890
0.93560 0.06440
0.25536 0.74464
0.33043 0.66957
0.09293 0.90707
0.57546 0.42454
0.25121 0.74879
0.96940 0.03060
0.79184 0.20816
0.79184 0.20816
0.59027 0.40973
0.59027 0.40973
0.99957 0.00043
0.99957 0.00043
0.59027 0.40973
0.59027 0.40973
0.80013 0.19987
0.81288 0.18712
0.62974 0.37026
0.88233 0.11767
0.69786 0.30214
1.00000 0.00000
0.89112 0.10888
0.96038 0.03962
0.87331 0.12669
0.87331 0.12669
0.49991 0.50009
0.49991 0.50009
0.61269 0.38731
0.61269 0.38731
0.49991 0.50009
0.49991 0.50009
0.61269 0.38731
0.60687 0.39313
0.99960 0.00040
0.45653 0.54347
0.45653 0.54347
0.74863 0.25137
0.53978 0.46022
0.17142 0.82858
0.64635 0.35365
0.81501 0.18499
0.56808 0.43192
0.56808 0.43192
0.31704 0.68296
0.17893 0.82107
0.99209 0.00791
0.99741 0.00259
0.96253 0.03747
0.99933 0.00067
0.36819 0.63181
0.07134 0.92866
0.31944 0.68056
0.99828 0.00172
0.85248 0.14752
0.81373 0.18627
0.72643 0.27357
0.86631 0.13369
0.89177 0.10823
0.72924 0.27076
0.27234 0.72766
0.57959 0.42041
0.57959 0.42041
0.62237 0.37763
0.62237 0.37763
0.50544 0.49456
0.50544 0.49456
0.45952 0.54048
0.45952 0.54048
0.48977 0.51023
0.45560 0.54440
1.00000 0.00000
0.56330 0.43670
0.51654 0.48346
0.99985 0.00015
0.99951 0.00049
0.96783 0.03217
0.89536 0.10464
0.51464 0.48536
0.99826 0.00174
0.99826 0.00174
0.69985 0.30015
0.70319 0.29681
0.69101 0.30899
0.73368 0.26632
0.80586 0.19414
0.55867 0.44133
0.54517 0.45483
0.90852 0.09148
0.99997 0.00003
0.99999 0.00001
0.99978 0.00022
0.98973 0.01027
0.99997 0.00003
0.87977 0.12023
0.29559 0.70441
0.98973 0.01027
0.99997 0.00003
0.99977 0.00023
0.99977 0.00023
0.99669 0.00331
1.00000 0.00000
0.09727 0.90273
0.40742 0.59258
0.66291 0.33709
0.23955 0.76045
0.99686 0.00314
0.31018 0.68982
0.99813 0.00187
0.98245 0.01755
0.11756 0.88244
0.08866 0.91134
0.20106 0.79894
0.15272 0.84728
0.93468 0.06532
0.24853 0.75147
0.99899 0.00101
0.66652 0.33348
0.91640 0.08360
0.44888 0.55112
0.87126 0.12874
0.95044 0.04956
0.95228 0.04772
0.81145 0.18855
0.80292 0.19708
0.85915 0.14085
0.29613 0.70387
0.03900 0.96100
0.03762 0.96238
0.04707 0.95293
0.04541 0.95459
0.20863 0.79137
0.17541 0.82459
0.28872 0.71128
0.24475 0.75525
0.31569 0.68431
0.27037 0.72963
0.14788 0.85212
0.13562 0.86438
0.18373 0.81627
0.36153 0.63847
0.37159 0.62841
0.95709 0.04291
0.82128 0.17872
0.38307 0.61693
0.26131 0.73869
0.27459 0.72541
0.27669 0.72331
0.27459 0.72541
0.19313 0.80687
0.19313 0.80687
0.20396 0.79604
0.15581 0.84419
0.32556 0.67444
0.48960 0.51040
0.07679 0.92321
0.99905 0.00095
0.28072 0.71928
0.99844 0.00156
0.45302 0.54698
0.99703 0.00297
0.96239 0.03761
0.99935 0.00065
0.92457 0.07543
0.99865 0.00135
0.45302 0.54698
0.99703 0.00297
0.44125 0.55875
0.76874 0.23126
0.57752 0.42248
0.97387 0.02613
0.99253 0.00747
0.97876 0.02124
0.98057 0.01943
0.98709 0.01291
0.98989 0.01011
0.97757 0.02243
0.97906 0.02094
0.46177 0.53823
0.12635 0.87365
0.21803 0.78197
0.99789 0.00211
0.36397 0.63603
0.67315 0.32685
0.02906 0.97094
0.86575 0.13425
0.10114 0.89886
0.72238 0.27762
0.09369 0.90631
0.05976 0.94024
0.79302 0.20698
0.95992 0.04008
0.13100 0.86900
0.27868 0.72132
0.35717 0.64283
0.07903 0.92097
0.12513 0.87487
0.14393 0.85607
0.10368 0.89632
0.12345 0.87655
0.20407 0.79593
0.16051 0.83949
0.25694 0.74306
0.52878 0.47122
0.63563 0.36437
0.52878 0.47122
0.58491 0.41509
0.55416 0.44584
0.22419 0.77581
0.06736 0.93264
0.07032 0.92968
0.99949 0.00051
0.99879 0.00121
0.95375 0.04625
0.99943 0.00057
0.22754 0.77246
0.37207 0.62793
0.52796 0.47204
0.86737 0.13263
0.97451 0.02549
0.65957 0.34043
0.39306 0.60694
0.97276 0.02724
0.81030 0.18970
0.43526 0.56474
0.99938 0.00062
0.98222 0.01778
0.38521 0.61479
0.48489 0.51511
0.99012 0.00988
0.10519 0.89481
0.24896 0.75104
0.19571 0.80429
0.95449 0.04551
0.45807 0.54193
0.99999 0.00001
0.09176 0.90824
0.23101 0.76899
0.38601 0.61399
0.73758 0.26242
0.33597 0.66403
0.99937 0.00063
0.07009 0.92991
0.47575 0.52425
0.12008 0.87992
0.14693 0.85307
0.65020 0.34980
0.99851 0.00149
0.94502 0.05498
0.97512 0.02488
0.98593 0.01407
0.63495 0.36505
0.34948 0.65051
0.04923 0.95077
0.52102 0.47898
0.38374 0.61626
0.76923 0.23077
0.99970 0.00030
0.53947 0.46053
0.34782 0.65218
0.16533 0.83467
0.47379 0.52621
0.82858 0.17142
0.10833 0.89167
0.10168 0.89832
0.99987 0.00013
0.16296 0.83704
0.99173 0.00827
0.20481 0.79519
0.74618 0.25382
0.95000 0.05000
0.41365 0.58635
0.26924 0.73076
0.98276 0.01724
0.35128 0.64872
0.66255 0.33745
0.91859 0.08141
0.82185 0.17815
0.82023 0.17977
0.85034 0.14966
0.98957 0.01043
0.99998 0.00002
1.00000 0.00000
0.99987 0.00013
0.46163 0.53837
0.55262 0.44738
0.32196 0.67804
0.52605 0.47395
0.67407 0.32593
0.23989 0.76011
0.39253 0.60747
0.19285 0.80715
0.32131 0.67869
0.06971 0.93029
0.92827 0.07173
0.53737 0.46263
0.60594 0.39406
0.12605 0.87395
0.26383 0.73617
0.91898 0.08102
0.76250 0.23750
0.53522 0.46478
0.75962 0.24038
0.78951 0.21049
0.58464 0.41536
0.31619 0.68381
0.20330 0.79670
0.29136 0.70864
0.31508 0.68492
0.59898 0.40102
0.76250 0.23750
0.53522 0.46478
0.75962 0.24038
0.78951 0.21049
0.58464 0.41536
0.95858 0.04142
0.99066 0.00934
0.98723 0.01277
0.96169 0.03831
0.82999 0.17001
0.64086 0.35914
0.95858 0.04142
0.99066 0.00934
0.98723 0.01277
0.96029 0.03971
0.82999 0.17001
0.64086 0.35914
0.91779 0.08221
0.93784 0.06216
0.94348 0.05652
0.74863 0.25137
0.17636 0.82364
0.16837 0.83163
0.16450 0.83550
0.93405 0.06595
0.99852 0.00148
0.25239 0.74761
0.19297 0.80703
0.80621 0.19379
0.97968 0.02032
0.25431 0.74569
0.20520 0.79480
0.99993 0.00007
0.32088 0.67912
0.99956 0.00044
0.99938 0.00062
0.61564 0.38436
0.39959 0.60041
0.85808 0.14192
0.79385 0.20615
0.16720 0.83280
0.13638 0.86362
0.73756 0.26244
0.25381 0.74619
0.12966 0.87034
0.12112 0.87888
0.12401 0.87599
0.98624 0.01376
0.99297 0.00703
1.00000 0.00000
0.99999 0.00001
0.69687 0.30313
0.77511 0.22489
0.78662 0.21338
0.86176 0.13824
0.78662 0.21338
0.86176 0.13824
0.38137 0.61863
0.45370 0.54630
0.94875 0.05125
0.94875 0.05125
0.90392 0.09608
0.90392 0.09608
0.63712 0.36288
0.63712 0.36288
0.12032 0.87968
0.22701 0.77299
0.11433 0.88567
0.18106 0.81894
0.98352 0.01648
0.94396 0.05604
0.10734 0.89266
0.30023 0.69977
0.19306 0.80694
0.99755 0.00245
0.99486 0.00514
0.99822 0.00178
0.67529 0.32471
0.67529 0.32471
0.77562 0.22438
0.77562 0.22438
0.44263 0.55737
0.44263 0.55737
0.98147 0.01853
0.98147 0.01853
0.73986 0.26014
0.73986 0.26014
0.99980 0.00020
0.11064 0.88936
0.26959 0.73041
0.74461 0.25539
0.70327 0.29673
0.56584 0.43416
0.78870 0.21130
0.27982 0.72018
0.29464 0.70536
0.22973 0.77027
0.27982 0.72018
0.86805 0.13195
0.80369 0.19631
0.91269 0.08731
0.90062 0.09938
0.90774 0.09226
0.59136 0.40864
0.99985 0.00015
0.82874 0.17126
0.95516 0.04484
0.99718 0.00282
0.94460 0.05540
0.99718 0.00282
0.97882 0.02118
0.94460 0.05540
0.46636 0.53364
0.91909 0.08091
0.79669 0.20331
0.37521 0.62479
0.49250 0.50750
0.79462 0.20538
0.23136 0.76864
0.86029 0.13971
0.29061 0.70939
0.25581 0.74419
0.03433 0.96567
0.49198 0.50802
0.87320 0.12680
0.95785 0.04215
0.69973 0.30027
0.90984 0.09016
0.66516 0.33484
0.99987 0.00013
0.57488 0.42512
0.98121 0.01879
0.04202 0.95798
0.19363 0.80637
0.98092 0.01908
0.21364 0.78636
0.16193 0.83807
0.21364 0.78636
0.16193 0.83807
0.96624 0.03376
0.91174 0.08826
0.37540 0.62460
0.67241 0.32759
0.99165 0.00835
0.97137 0.02863
0.46978 0.53022
0.99648 0.00352
0.99906 0.00094
0.56873 0.43127
0.99819 0.00181
0.99959 0.00041
0.99517 0.00483
0.99354 0.00646
0.68783 0.31217
0.99821 0.00179
0.99811 0.00189
0.99985 0.00015
0.81094 0.18906
0.99996 0.00004
0.99997 0.00003
0.59758 0.40242
0.54119 0.45881
0.05563 0.94437
0.61471 0.38529
0.43084 0.56916
0.97012 0.02988
0.94501 0.05499
0.63904 0.36096
0.92838 0.07162
0.99998 0.00002
1.00000 0.00000
1.00000 0.00000
0.95044 0.04956
0.95044 0.04956
0.86717 0.13283
0.99995 0.00005
0.38129 0.61871
0.95569 0.04431
0.38129 0.61871
0.95569 0.04431
0.63657 0.36343
0.66695 0.33305
0.99601 0.00399
0.66935 0.33065
0.80376 0.19624
0.79769 0.20231
0.84267 0.15733
0.39198 0.60802
0.44783 0.55217
0.83400 0.16600
0.86203 0.13797
0.88473 0.11527
0.44433 0.55567
0.97639 0.02361
0.42728 0.57272
0.97814 0.02186
0.96693 0.03307
0.13755 0.86245
0.17293 0.82707
0.99996 0.00004
0.19441 0.80559
0.99998 0.00002
0.99972 0.00028
0.99982 0.00018
0.99978 0.00022
1.00000 0.00000
0.93189 0.06811
0.32648 0.67352
0.85141 0.14859
0.84588 0.15412
0.92688 0.07312
0.96160 0.03840
0.26771 0.73229
0.99406 0.00594
0.16270 0.83730
0.26771 0.73229
0.85309 0.14691
0.26771 0.73229
0.99406 0.00594
0.16270 0.83730
0.26771 0.73229
0.85309 0.14691
0.99961 0.00039
0.89259 0.10741
0.99961 0.00039
0.89005 0.10995
0.14117 0.85883
0.99102 0.00898
0.99722 0.00278
0.98052 0.01948
0.98968 0.01032
0.20664 0.79336
0.33052 0.66948
0.99960 0.00040
0.99925 0.00075
0.89022 0.10978
0.98663 0.01337
0.20985 0.79015
0.99681 0.00319
0.92996 0.07004
0.99468 0.00532
0.53007 0.46993
0.99878 0.00122
0.88563 0.11437
0.99840 0.00160
0.91607 0.08393
0.99402 0.00598
0.99966 0.00034
0.99975 0.00025
0.99985 0.00015
0.99962 0.00038
0.99973 0.00027
0.99975 0.00025
0.95462 0.04538
0.97395 0.02605
0.97332 0.02668
0.93980 0.06020
0.94949 0.05051
0.92081 0.07919
0.99775 0.00225
0.46193 0.53807
0.99827 0.00173
0.92001 0.07999
0.99789 0.00211
0.87516 0.12484
0.99710 0.00290
0.74993 0.25007
0.56362 0.43638
0.49431 0.50569
1.00000 0.00000
0.89581 0.10419
0.19880 0.80120
0.71635 0.28365
0.51984 0.48016
0.85646 0.14354
0.99303 0.00697
0.55274 0.44726
0.98836 0.01164
0.81210 0.18790
0.60529 0.39471
0.80330 0.19670
0.46459 0.53541
0.77887 0.22113
0.92210 0.07790
0.16697 0.83303
0.57746 0.42254
0.82321 0.17679
0.89142 0.10858
0.67078 0.32922
0.95029 0.04971
0.99578 0.00422
0.96365 0.03635
0.69354 0.30646
0.91093 0.08907
0.92073 0.07927
0.98358 0.01642
0.05256 0.94744
0.32770 0.67230
0.45157 0.54843
0.44867 0.55133
0.54594 0.45406
0.32364 0.67636
0.45157 0.54843
0.21483 0.78517
0.16130 0.83870
0.16130 0.83870
0.16130 0.83870
0.16130 0.83870
0.15785 0.84215
0.08783 0.91217
0.18536 0.81464
0.27595 0.72405
0.23040 0.76960
0.29560 0.70440
0.25839 0.74161
0.25839 0.74161
0.15424 0.84576
0.13206 0.86794
0.30861 0.69139
0.37436 0.62564
0.30690 0.69310
0.29604 0.70396
0.37436 0.62564
0.30690 0.69310
0.34000 0.66000
0.60099 0.39901
0.48886 0.51114
0.49310 0.50690
0.72619 0.27381
0.41533 0.58467
0.17787 0.82213
0.25517 0.74483
0.58027 0.41973
0.16676 0.83324
0.06856 0.93144
0.54813 0.45187
0.61770 0.38230
0.14041 0.85959
0.50127 0.49873
0.16029 0.83971
0.47394 0.52606
0.47394 0.52606
0.56055 0.43945
0.56055 0.43945
0.10140 0.89860
0.10140 0.89860
0.38737 0.61263
0.38737 0.61263
0.10140 0.89860
0.10140 0.89860
0.19276 0.80724
0.97745 0.02255
0.96329 0.03671
0.73065 0.26935
0.54794 0.45206
0.67323 0.32677
0.68459 0.31541
0.65856 0.34144
1.00000 0.00000
0.99999 0.00001
0.99776 0.00224
0.99692 0.00308
0.99876 0.00124
0.95613 0.04387
0.98919 0.01081
0.98115 0.01885
0.98115 0.01885
0.85068 0.14932
0.69922 0.30078
0.78506 0.21494
0.83252 0.16748
0.72606 0.27394
0.96559 0.03441
0.96559 0.03441
0.98401 0.01599
0.52780 0.47220
0.53663 0.46337
0.88649 0.11351
0.99953 0.00047
0.99999 0.00001
0.89091 0.10909
0.90693 0.09307
0.67357 0.32643
0.75265 0.24735
0.77630 0.22370
0.83019 0.16981
0.80681 0.19319
0.88656 0.11344
0.87029 0.12971
0.64592 0.35408
0.29514 0.70486
0.96945 0.03055
0.42333 0.57667
0.17199 0.82801
0.32975 0.67025
0.32994 0.67006
0.99959 0.00041
0.28477 0.71523
0.99958 0.00042
0.99029 0.00971
0.99146 0.00854
0.99619 0.00381
0.13927 0.86073
0.99902 0.00098
0.99902 0.00098
0.99852 0.00148
0.99852 0.00148
0.99969 0.00031
0.99969 0.00031
0.99222 0.00778
0.99222 0.00778
0.99902 0.00098
0.99902 0.00098
0.89022 0.10978
0.99048 0.00952
0.26489 0.73511
0.93843 0.06157
0.25721 0.74279
0.92951 0.07049
0.24744 0.75256
0.99939 0.00061
0.13927 0.86073
0.63148 0.36852
0.27932 0.72068
0.83597 0.16403
0.99355 0.00645
0.95862 0.04138
0.88696 0.11304
0.29740 0.70260
0.50057 0.49943
0.90567 0.09433
0.29049 0.70951
0.99980 0.00020
0.99980 0.00020
0.99983 0.00017
0.66219 0.33781
0.66219 0.33781
0.66219 0.33781
0.66219 0.33781
0.66219 0.33781
0.66219 0.33781
0.30963 0.69037
0.54727 0.45273
0.99920 0.00080
0.99114 0.00887
0.99947 0.00053
1.00000 0.00000
0.99991 0.00009
0.13916 0.86084
0.63150 0.36850
0.35759 0.64241
0.53905 0.46095
0.74410 0.25590
0.74410 0.25590
0.48912 0.51088
0.56379 0.43621
0.92580 0.07420
0.56656 0.43344
0.99979 0.00021
0.99985 0.00015
0.97487 0.02513
0.92934 0.07066
0.63692 0.36308
0.44705 0.55295
0.29369 0.70631
0.23682 0.76318
0.14809 0.85191
0.22880 0.77120
0.87238 0.12762
0.22880 0.77120
0.87238 0.12762
0.47672 0.52328
0.37889 0.62111
0.23844 0.76156
0.31808 0.68192
0.30858 0.69142
0.47672 0.52328
0.61636 0.38364
0.47672 0.52328
0.37889 0.62111
0.23844 0.76156
0.31808 0.68192
0.30858 0.69142
0.47672 0.52328
0.61636 0.38364
0.47672 0.52328
0.37889 0.62111
0.23844 0.76156
0.31808 0.68192
0.30858 0.69142
0.47672 0.52328
0.61636 0.38364
0.99329 0.00671
0.58516 0.41484
0.95459 0.04541
0.57363 0.42637
0.81813 0.18187
0.35918 0.64082
0.94670 0.05330
0.02791 0.97209
0.33251 0.66749
0.99994 0.00006
0.28369 0.71631
0.14034 0.85966
0.78307 0.21693
0.93571 0.06429
0.79793 0.20207
0.76203 0.23797
0.66081 0.33919
0.05355 0.94645
0.19715 0.80285
0.13262 0.86738
0.24547 0.75453
0.97958 0.02042
0.18530 0.81470
0.06216 0.93784
0.09526 0.90474
0.67472 0.32528
0.31768 0.68232
0.06224 0.93776
0.06224 0.93776
0.66457 0.33543
0.66457 0.33543
0.12322 0.87678
0.43743 0.56257
0.31178 0.68822
0.29716 0.70284
0.15192 0.84808
0.74565 0.25435
0.99804 0.00196
0.32947 0.67053
0.84655 0.15345
0.78436 0.21564
0.37348 0.62652
0.99902 0.00098
0.90097 0.09903
0.99556 0.00444
0.68669 0.31331
0.15338 0.84662
0.49302 0.50698
0.40384 0.59616
0.99998 0.00002
0.75116 0.24884
0.94141 0.05859
0.56103 0.43897
0.59738 0.40262
0.83453 0.16547
0.66549 0.33451
0.36362 0.63638
0.27986 0.72014
0.71736 0.28264
0.56816 0.43184
0.49115 0.50885
0.70209 0.29791
0.18964 0.81036
0.18162 0.81838
0.26836 0.73164
0.20056 0.79944
0.61831 0.38169
0.49703 0.50297
0.47186 0.52814
0.45093 0.54907
0.96350 0.03650
0.31471 0.68529
0.99994 0.00006
0.97485 0.02515
0.76431 0.23569
0.99990 0.00010
0.99986 0.00014
0.69952 0.30048
0.99988 0.00012
0.17715 0.82285
0.98669 0.01331
0.97599 0.02401
0.32542 0.67458
0.25396 0.74604
0.98669 0.01331
0.97599 0.02401
0.32542 0.67458
0.25396 0.74604
0.99998 0.00002
0.99996 0.00004
0.50805 0.49195
0.42449 0.57551
0.50805 0.49195
0.42449 0.57551
0.99190 0.00810
0.51843 0.48157
0.99826 0.00174
0.81156 0.18844
0.99998 0.00002
0.99996 0.00004
0.22632 0.77368
0.11488 0.88512
0.52598 0.47402
0.08407 0.91593
0.59981 0.40019
0.59981 0.40019
0.98993 0.01007
0.98993 0.01007
0.98993 0.01007
0.98993 0.01007
0.42788 0.57212
0.44326 0.55674
0.62461 0.37539
0.25993 0.74007
0.72716 0.27284
0.12918 0.87082
0.06558 0.93442
0.25990 0.74010
0.18765 0.81235
0.22823 0.77177
0.61861 0.38139
0.72796 0.27204
0.72796 0.27204
0.71318 0.28682
0.51640 0.48360
0.82479 0.17521
0.82479 0.17521
0.78845 0.21155
0.78845 0.21155
0.64261 0.35739
0.64889 0.35111
0.40183 0.59817
0.40762 0.59238
0.99463 0.00537
0.99462 0.00538
0.99278 0.00722
0.99277 0.00723
0.64261 0.35739
0.64889 0.35111
0.50283 0.49717
0.99536 0.00464
0.39216 0.60784
0.98442 0.01558
0.97955 0.02045
0.99962 0.00038
0.59420 0.40580
0.74403 0.25597
0.99506 0.00494
0.66126 0.33874
0.52608 0.47392
0.68681 0.31319
0.29936 0.70064
0.49825 0.50175
0.79355 0.20645
0.91307 0.08693
0.99998 0.00002
0.63054 0.36946
0.98837 0.01163
0.35076 0.64924
0.50446 0.49554
0.99978 0.00022
0.76337 0.23663
0.43547 0.56453
0.44355 0.55645
0.44355 0.55645
0.44355 0.55645
0.44355 0.55645
0.20993 0.79007
0.85583 0.14417
0.20993 0.79007
0.85583 0.14417
0.51286 0.48714
0.80621 0.19379
0.82409 0.17591
0.96532 0.03468
0.29921 0.70079
0.22606 0.77394
0.13495 0.86505
0.18157 0.81843
0.17657 0.82343
0.29921 0.70079
0.43081 0.56919
0.13899 0.86101
0.16696 0.83304
0.11823 0.88177
0.29921 0.70079
0.22606 0.77394
0.13495 0.86505
0.18157 0.81843
0.17657 0.82343
0.29921 0.70079
0.43081 0.56919
0.13899 0.86101
0.16696 0.83304
0.11823 0.88177
0.29921 0.70079
0.22606 0.77394
0.13495 0.86505
0.18157 0.81843
0.17657 0.82343
0.29921 0.70079
0.43081 0.56919
0.13899 0.86101
0.16696 0.83304
0.11823 0.88177
0.20396 0.79604
0.15463 0.84537
0.16618 0.83382
0.27481 0.72519
0.26092 0.73908
0.92113 0.07887
0.20544 0.79456
0.68927 0.31073
0.21722 0.78278
0.16788 0.83212
0.68927 0.31073
0.21722 0.78278
0.68927 0.31073
0.21722 0.78278
0.16788 0.83212
0.68927 0.31073
0.21722 0.78278
0.42964 0.57036
0.42964 0.57036
0.99991 0.00009
0.42964 0.57036
0.42964 0.57036
0.42964 0.57036
0.99991 0.00009
0.42964 0.57036
0.95123 0.04877
0.95123 0.04877
0.62370 0.37630
0.97821 0.02179
0.62370 0.37630
0.59466 0.40534
0.98404 0.01596
0.79203 0.20797
0.87094 0.12906
0.82895 0.17105
0.80318 0.19682
0.83470 0.16530
0.68653 0.31347
0.50484 0.49516
0.82529 0.17471
0.88781 0.11219
0.88708 0.11292
0.97806 0.02194
0.98312 0.01688
0.34906 0.65094
0.33439 0.66561
0.07823 0.92177
0.20616 0.79384
0.26534 0.73466
0.99999 0.00001
0.97198 0.02802
0.99989 0.00011
0.90720 0.09280
0.90720 0.09280
0.69388 0.30612
0.69388 0.30612
0.49982 0.50018
0.49982 0.50018
0.55480 0.44520
0.55480 0.44520
0.96755 0.03245
0.98932 0.01068
0.99981 0.00019
0.99997 0.00003
0.99988 0.00012
0.96440 0.03560
0.99982 0.00018
0.95643 0.04357
0.80786 0.19214
0.97349 0.02651
0.98482 0.01518
0.71801 0.28199
0.99968 0.00032
0.99962 0.00038
0.98136 0.01864
0.98754 0.01246
0.99937 0.00063
0.99891 0.00109
0.99295 0.00705
0.90528 0.09472
0.98666 0.01334
0.94596 0.05404
0.98902 0.01098
0.84089 0.15911
0.73431 0.26569
0.98650 0.01350
0.99983 0.00017
0.96008 0.03992
0.94682 0.05318
0.98509 0.01491
0.97014 0.02986
0.96874 0.03126
0.39500 0.60500
0.19886 0.80114
0.80874 0.19126
0.05258 0.94742
0.51680 0.48320
0.14739 0.85261
0.19287 0.80713
0.96523 0.03477
0.99321 0.00679
0.31366 0.68634
0.98743 0.01257
0.82694 0.17306
0.96318 0.03682
0.25895 0.74105
0.80164 0.19836
0.30723 0.69277
0.98530 0.01470
0.99960 0.00040
0.88707 0.11293
0.99988 0.00012
0.74376 0.25624
0.99989 0.00011
0.77871 0.22129
0.99998 0.00002
0.93086 0.06914
0.99992 0.00008
0.99969 0.00031
0.99970 0.00030
0.99999 0.00001
0.99996 0.00004
0.99997 0.00003
0.58640 0.41360
0.87312 0.12688
0.07589 0.92411
0.12785 0.87215
0.81182 0.18818
0.97858 0.02142
0.29409 0.70591
0.27563 0.72437
0.98141 0.01859
0.75437 0.24563
0.94918 0.05082
0.79216 0.20784
0.97975 0.02025
0.87612 0.12388
0.94753 0.05247
0.64231 0.35769
0.99975 0.00025
0.37524 0.62476
0.42375 0.57625
0.50761 0.49239
0.37524 0.62476
0.42375 0.57625
0.50761 0.49239
0.74811 0.25189
0.24801 0.75199
0.22124 0.77876
0.22124 0.77876
0.57163 0.42837
0.19432 0.80568
0.17762 0.82238
0.17906 0.82094
0.39772 0.60228
0.26109 0.73891
0.36990 0.63010
0.23781 0.76219
0.27278 0.72722
0.29353 0.70647
0.26806 0.73194
0.37738 0.62262
0.21754 0.78246
0.41928 0.58072
0.20107 0.79893
0.13345 0.86655
0.16631 0.83369
0.59827 0.40173
0.27345 0.72655
0.38434 0.61566
0.45290 0.54710
0.69569 0.30431
0.91551 0.08449
0.17432 0.82568
0.66160 0.33840
0.66981 0.33019
0.20784 0.79216
0.94820 0.05180
0.98725 0.01275
0.99480 0.00520
0.13906 0.86094
0.99986 0.00014
0.99986 0.00014
0.72693 0.27307
0.72693 0.27307
0.72693 0.27307
0.72693 0.27307
0.99977 0.00023
0.99977 0.00023
0.99989 0.00011
0.99989 0.00011
0.99545 0.00455
0.99220 0.00780
0.99848 0.00152
0.97583 0.02417
0.58346 0.41654
0.19949 0.80051
0.35694 0.64306
0.36001 0.63999
0.05381 0.94619
0.98999 0.01001
0.99477 0.00523
0.95493 0.04507
0.97659 0.02341
0.98344 0.01656
0.93545 0.06455
0.99084 0.00916
0.96075 0.03925
0.99084 0.00916
0.96075 0.03925
0.96036 0.03964
0.97644 0.02356
0.20166 0.79834
0.11632 0.88368
0.18279 0.81721
0.09286 0.90714
0.08033 0.91967
0.04178 0.95822
0.24672 0.75328
0.05250 0.94750
0.13704 0.86296
0.13704 0.86296
0.98525 0.01475
0.96859 0.03141
0.99684 0.00316
0.85592 0.14408
0.99739 0.00261
0.72531 0.27469
0.97743 0.02257
0.98903 0.01097
0.98903 0.01097
0.98903 0.01097
0.91269 0.08731
0.29413 0.70587
0.70879 0.29121
0.99313 0.00687
0.98640 0.01360
0.99986 0.00014
0.99783 0.00217
0.99988 0.00012
0.99979 0.00021
0.40822 0.59178
0.31954 0.68046
0.89412 0.10588
0.99902 0.00098
0.99861 0.00139
0.99886 0.00114
0.99955 0.00045
0.99990 0.00010
0.99986 0.00014
0.99987 0.00013
0.29707 0.70293
0.99946 0.00054
0.41995 0.58005
0.42856 0.57144
0.39143 0.60857
0.55170 0.44830
0.25751 0.74249
0.99642 0.00358
0.75450 0.24550
0.22781 0.77219
0.99931 0.00069
0.87373 0.12627
0.99931 0.00069
0.87373 0.12627
0.97317 0.02683
0.94724 0.05276
0.33921 0.66079
0.37020 0.62980
0.33921 0.66079
0.40692 0.59308
0.33921 0.66079
0.37020 0.62980
0.33921 0.66079
0.40692 0.59308
0.31471 0.68529
0.34815 0.65185
0.12747 0.87253
0.14481 0.85519
0.19699 0.80301
0.22087 0.77913
0.28132 0.71868
0.44794 0.55206
0.69496 0.30504
0.37502 0.62498
0.36093 0.63907
0.11643 0.88357
0.91446 0.08554
0.99159 0.00841
0.99720 0.00280
0.99776 0.00224
0.99625 0.00375
0.91458 0.08542
0.99796 0.00204
0.99879 0.00121
0.82688 0.17312
0.99080 0.00920
0.90553 0.09447
0.93568 0.06432
0.96305 0.03695
0.93589 0.06411
0.97008 0.02992
0.97259 0.02741
0.82369 0.17631
0.91986 0.08014
0.99524 0.00476
0.87069 0.12931
0.99853 0.00147
0.87069 0.12931
0.99853 0.00147
0.99665 0.00335
0.47585 0.52415
0.86222 0.13778
0.86222 0.13778
0.50669 0.49331
0.44178 0.55822
0.45868 0.54132
0.35437 0.64563
0.40499 0.59501
0.59797 0.40204
0.60556 0.39444
0.62383 0.37617
0.46601 0.53399
0.68831 0.31169
0.06983 0.93017
0.05360 0.94640
0.59308 0.40692
0.56228 0.43772
0.28396 0.71604
0.99582 0.00418
0.10626 0.89374
0.98866 0.01134
0.14811 0.85189
0.56844 0.43156
0.99842 0.00158
0.56844 0.43156
0.64513 0.35487
0.07839 0.92161
0.28788 0.71212
0.99812 0.00188
0.96556 0.03444
0.99989 0.00011
0.92150 0.07850
0.99997 0.00003
0.69135 0.30865
0.59534 0.40466
0.98214 0.01786
0.15696 0.84304
0.15696 0.84304
0.89387 0.10613
0.89387 0.10613
0.26246 0.73754
0.26246 0.73754
0.99995 0.00005
0.09579 0.90421
0.42625 0.57375
0.99693 0.00307
0.78555 0.21445
0.78555 0.21445
0.22765 0.77235
0.22765 0.77235
0.16901 0.83099
0.16901 0.83099
0.96569 0.03431
0.96569 0.03431
0.21806 0.78194
0.21806 0.78194
0.34258 0.65742
0.34258 0.65742
0.21806 0.78194
0.21806 0.78194
0.96569 0.03431
0.96569 0.03431
0.34258 0.65742
0.34258 0.65742
0.46291 0.53709
0.76204 0.23796
0.66403 0.33597
0.96738 0.03262
0.82088 0.17912
0.33747 0.66253
0.64486 0.35514
0.97231 0.02769
0.95044 0.04956
0.83410 0.16590
0.18143 0.81857
0.20469 0.79531
0.91488 0.08512
0.90799 0.09201
0.99999 0.00001
0.78967 0.21033
0.77809 0.22191
0.32429 0.67571
0.56364 0.43636
1.00000 0.00000
0.09148 0.90852
0.70357 0.29643
0.54655 0.45345
0.54655 0.45345
0.64063 0.35937
0.63367 0.36633
0.99963 0.00037
0.80980 0.19020
0.90503 0.09497
0.66659 0.33341
0.99963 0.00037
0.80980 0.19020
0.98146 0.01854
0.23226 0.76774
0.22569 0.77431
0.99631 0.00369
0.48823 0.51177
0.30316 0.69684
0.48417 0.51583
0.38800 0.61200
0.52233 0.47767
0.74815 0.25185
0.51440 0.48560
0.46869 0.53131
0.36302 0.63698
0.16634 0.83366
0.87446 0.12554
0.95719 0.04281
0.99146 0.00854
0.27611 0.72389
0.16221 0.83779
0.90937 0.09063
0.86488 0.13512
0.22327 0.77673
0.89655 0.10345
0.26480 0.73520
0.07987 0.92013
0.46439 0.53561
0.85958 0.14042
0.43306 0.56694
0.16543 0.83457
0.98853 0.01147
0.93307 0.06693
0.93307 0.06693
0.98821 0.01179
0.52385 0.47615
0.63200 0.36800
0.98821 0.01179
0.52385 0.47615
0.63200 0.36800
0.91269 0.08731
0.97935 0.02065
0.98432 0.01568
0.99969 0.00031
0.99985 0.00015
0.99963 0.00037
0.60777 0.39223
0.99965 0.00035
0.18504 0.81496
0.95870 0.04130
0.32009 0.67991
0.11365 0.88635
0.56696 0.43304
0.24001 0.75999
0.75562 0.24438
1.00000 0.00000
0.99824 0.00176
0.99606 0.00394
0.56282 0.43718
0.99820 0.00180
0.99928 0.00072
0.99939 0.00061
0.92394 0.07606
0.93302 0.06698
0.94767 0.05233
0.99993 0.00007
0.99662 0.00338
0.37146 0.62854
0.96412 0.03588
0.40263 0.59737
0.19942 0.80058
0.99980 0.00020
0.29076 0.70924
0.30515 0.69485
0.99991 0.00009
0.99971 0.00029
0.38165 0.61835
0.16835 0.83165
0.99999 0.00001
0.99999 0.00001
0.53999 0.46001
0.53999 0.46001
0.53999 0.46001
0.53999 0.46001
1.00000 0.00000
0.99893 0.00107
0.97169 0.02831
0.94404 0.05596
0.65561 0.34439
0.67736 0.32264
0.67516 0.32484
0.57614 0.42386
0.71144 0.28856
0.67869 0.32131
0.99380 0.00620
0.50521 0.49479
0.55471 0.44529
0.47627 0.52373
0.40288 0.59712
0.28522 0.71478
0.30938 0.69062
0.34172 0.65828
0.36713 0.63287
0.86212 0.13788
0.32371 0.67629
0.94093 0.05907
0.49997 0.50003
0.41769 0.58231
0.76764 0.23236
0.90427 0.09573
0.69969 0.30031
0.32025 0.67975
0.26404 0.73596
0.99951 0.00049
0.99972 0.00028
0.69855 0.30145
0.69162 0.30838
0.97549 0.02451
0.32305 0.67695
0.93010 0.06990
0.16179 0.83821
0.84738 0.15262
0.98719 0.01281
0.70585 0.29415
1.00000 0.00000
0.73129 0.26871
1.00000 0.00000
0.69412 0.30588
0.99988 0.00012
0.66867 0.33133
1.00000 0.00000
0.53140 0.46860
0.99988 0.00012
0.66867 0.33133
0.99997 0.00003
0.87487 0.12513
0.99999 0.00001
0.38647 0.61353
0.64504 0.35496
0.79833 0.20167
0.79833 0.20167
0.79833 0.20167
0.79833 0.20167
0.59107 0.40893
0.54181 0.45819
0.36269 0.63731
0.80150 0.19850
0.21584 0.78416
0.62484 0.37516
0.65683 0.34317
0.67212 0.32788
0.82296 0.17704
0.83317 0.16683
0.64696 0.35304
0.56328 0.43672
0.95950 0.04050
0.74437 0.25563
0.22829 0.77171
0.98408 0.01592
0.90388 0.09612
0.86971 0.13029
0.33034 0.66966
0.95024 0.04977
0.99976 0.00024
0.99976 0.00024
0.99936 0.00064
0.99946 0.00054
0.99932 0.00068
0.99995 0.00005
0.80437 0.19563
0.75534 0.24466
0.82835 0.17165
0.78422 0.21578
0.78955 0.21045
0.73814 0.26186
0.74767 0.25233
0.70394 0.29606
0.74767 0.25233
0.70394 0.29606
0.67802 0.32198
0.66923 0.33077
0.72135 0.27865
0.71279 0.28721
0.99883 0.00117
0.99881 0.00119
0.69502 0.30498
0.68636 0.31364
0.72054 0.27946
0.71165 0.28835
0.99895 0.00105
0.99892 0.00108
0.69502 0.30498
0.68636 0.31364
0.99895 0.00105
0.99892 0.00108
0.72054 0.27946
0.71165 0.28835
0.99895 0.00105
0.99892 0.00108
0.61398 0.38602
0.64574 0.35426
0.99304 0.00696
0.62744 0.37256
0.99298 0.00702
0.65238 0.34762
0.99298 0.00702
0.70061 0.29939
0.73714 0.26286
0.84493 0.15507
0.99583 0.00417
0.52577 0.47423
0.55406 0.44594
0.80673 0.19327
0.33836 0.66164
1.00000 0.00000
0.52052 0.47948
0.52052 0.47948
0.96113 0.03887
0.99952 0.00048
0.99920 0.00080
0.93854 0.06146
0.93887 0.06113
0.88631 0.11369
0.85811 0.14190
0.79553 0.20447
0.78481 0.21519
0.70475 0.29525
0.83350 0.16650
0.91465 0.08535
0.96128 0.03872
0.93258 0.06742
0.91619 0.08381
0.96847 0.03153
0.94558 0.05442
0.96847 0.03153
0.94558 0.05442
0.53168 0.46832
0.60252 0.39748
0.58697 0.41303
0.41626 0.58374
0.49124 0.50876
0.48140 0.51860
0.60900 0.39100
0.59565 0.40435
0.52168 0.47832
0.53285 0.46715
0.48551 0.51449
0.55141 0.44859
0.55003 0.44997
0.49277 0.50723
0.26201 0.73799
0.86190 0.13810
0.09487 0.90513
0.89005 0.10995
0.21331 0.78669
0.99255 0.00745
0.98476 0.01524
0.42724 0.57276
0.87149 0.12851
0.50960 0.49040
0.61983 0.38017
0.27902 0.72098
0.55582 0.44418
0.73007 0.26993
0.61888 0.38112
0.34183 0.65817
0.46212 0.53788
0.46212 0.53788
0.10386 0.89614
0.12433 0.87567
0.99982 0.00018
0.11780 0.88220
0.99999 0.00001
0.91571 0.08429
0.99913 0.00087
0.11077 0.88923
0.87218 0.12782
0.99667 0.00333
0.88633 0.11367
0.36838 0.63162
0.98528 0.01472
0.42645 0.57355
0.43284 0.56716
0.93077 0.06923
0.42645 0.57355
0.64681 0.35319
0.79113 0.20887
0.80994 0.19006
0.93284 0.06716
0.57498 0.42502
0.99999 0.00001
0.99992 0.00008
0.99989 0.00011
0.99996 0.00004
0.66100 0.33900
0.63374 0.36626
0.95223 0.04777
0.94971 0.05029
0.66100 0.33900
0.63374 0.36626
0.91906 0.08094
0.91341 0.08659
0.31492 0.68508
0.33041 0.66959
0.91031 0.08969
0.91031 0.08969
1.00000 0.00000
1.00000 0.00000
1.00000 0.00000
1.00000 0.00000
0.99629 0.00371
0.99948 0.00052
0.10316 0.89684
0.85086 0.14914
0.37867 0.62133
0.56317 0.43683
0.93301 0.06699
0.68767 0.31233
0.68767 0.31233
0.68767 0.31233
0.68767 0.31233
0.30495 0.69505
0.30495 0.69505
0.99918 0.00082
0.99918 0.00082
0.30495 0.69505
0.30495 0.69505
0.28418 0.71582
0.93405 0.06595
0.99995 0.00005
0.99998 0.00002
0.89546 0.10454
0.99375 0.00625
0.46085 0.53915
0.48274 0.51726
0.99989 0.00011
0.75855 0.24145
0.96323 0.03677
0.99987 0.00013
0.99907 0.00093
0.99785 0.00215
0.99868 0.00132
0.99073 0.00927
0.99960 0.00040
0.99935 0.00065
0.22187 0.77813
0.27485 0.72515
0.93728 0.06272
0.95775 0.04225
0.10880 0.89120
0.18060 0.81940
0.99998 0.00002
0.16094 0.83906
0.99996 0.00004
0.99957 0.00043
0.99939 0.00061
0.99728 0.00272
0.99733 0.00267
0.70317 0.29683
0.70317 0.29683
0.75754 0.24246
0.92687 0.07313
0.92314 0.07686
0.99346 0.00654
0.97920 0.02080
0.45402 0.54598
0.98761 0.01239
0.60594 0.39406
0.70344 0.29656
0.72399 0.27601
0.51449 0.48551
0.85471 0.14529
0.67737 0.32263
0.34023 0.65977
0.39337 0.60663
0.12474 0.87526
0.10309 0.89691
0.24280 0.75720
0.22800 0.77200
0.96592 0.03408
0.22875 0.77125
0.65941 0.34059
0.83993 0.16007
0.05660 0.94340
0.90359 0.09641
0.99423 0.00577
0.99996 0.00004
0.92183 0.07817
0.61601 0.38399
0.83112 0.16888
0.83243 0.16757
0.87999 0.12001
0.79949 0.20051
0.88321 0.11679
0.64505 0.35495
0.80313 0.19687
0.42080 0.57920
0.57753 0.42247
0.79803 0.20197
0.68869 0.31131
0.68869 0.31131
0.30829 0.69171
0.09598 0.90402
0.11593 0.88407
0.99099 0.00901
0.97644 0.02356
0.50088 0.49912
0.99789 0.00211
0.01962 0.98038
0.05075 0.94925
0.90925 0.09075
0.25136 0.74864
0.99951 0.00049
0.99577 0.00423
0.99766 0.00234
0.12221 0.87779
0.93756 0.06244
0.93736 0.06264
0.96193 0.03807
0.95614 0.04386
0.26449 0.73551
0.25620 0.74380
0.77093 0.22907
0.78503 0.21497
0.61359 0.38641
0.61359 0.38641
0.94216 0.05784
0.94216 0.05784
0.81743 0.18257
0.99757 0.00243
0.96139 0.03861
0.51496 0.48504
0.72239 0.27761
0.98502 0.01498
0.10357 0.89643
1.00000 0.00000
0.99963 0.00037
0.99844 0.00156
0.60479 0.39521
0.99988 0.00012
0.32852 0.67148
0.57710 0.42290
0.99978 0.00022
0.32295 0.67705
0.86222 0.13778
0.32295 0.67705
0.86222 0.13778
0.99991 0.00009
0.99756 0.00244
0.52739 0.47261
0.99715 0.00285
0.34034 0.65966
0.99996 0.00004
0.34034 0.65966
0.99996 0.00004
0.99995 0.00005
0.99999 0.00001
1.00000 0.00000
0.67253 0.32747
0.20771 0.79229
0.43131 0.56869
0.32084 0.67916
0.90435 0.09565
0.98787 0.01213
0.91106 0.08894
0.36537 0.63463
0.95563 0.04437
0.99996 0.00004
0.99897 0.00103
0.99924 0.00076
0.93092 0.06908
0.91205 0.08795
0.91740 0.08260
0.89940 0.10060
0.69238 0.30762
0.64625 0.35375
0.62949 0.37051
0.65218 0.34782
0.60309 0.39691
0.58576 0.41424
0.82393 0.17607
0.52996 0.47004
0.58591 0.41409
0.53334 0.46666
0.58591 0.41409
0.53334 0.46666
0.55182 0.44818
0.57076 0.42924
0.44986 0.55014
0.42827 0.57173
0.04803 0.95197
0.05388 0.94612
0.36605 0.63395
0.92716 0.07284
0.43410 0.56590
0.99990 0.00010
0.95938 0.04062
0.79204 0.20796
0.66566 0.33434
0.75705 0.24295
0.66566 0.33434
0.35930 0.64070
0.30243 0.69757
0.29016 0.70984
0.27231 0.72769
0.35094 0.64906
0.47636 0.52364
0.27376 0.72624
0.18036 0.81964
0.30391 0.69609
0.42876 0.57124
0.99986 0.00014
0.91764 0.08236
0.78895 0.21105
0.54133 0.45867
0.80455 0.19545
0.04788 0.95212
0.30041 0.69959
0.81450 0.18550
0.85524 0.14476
0.28145 0.71855
0.95545 0.04455
0.38204 0.61796
0.95545 0.04455
0.38204 0.61796
0.95545 0.04455
0.38204 0.61796
0.97685 0.02315
0.92629 0.07371
0.75062 0.24938
0.81804 0.18196
0.98447 0.01553
0.84849 0.15151
0.50408 0.49592
0.98777 0.01223
0.99983 0.00017
0.26020 0.73980
0.26020 0.73980
0.26020 0.73980
0.26020 0.73980
0.34068 0.65932
0.56428 0.43572
0.56428 0.43572
0.56428 0.43572
0.56428 0.43572
0.70920 0.29080
0.42766 0.57234
0.41784 0.58216
0.86682 0.13318
0.58395 0.41605
0.99173 0.00827
0.84155 0.15845
0.46906 0.53094
0.90309 0.09691
0.99696 0.00304
0.99989 0.00011
0.91577 0.08423
0.99834 0.00166
0.95141 0.04859
0.90354 0.09646
0.72782 0.27218
0.95141 0.04859
0.90354 0.09646
0.72782 0.27218
0.58602 0.41398
0.99993 0.00007
0.95757 0.04243
0.95168 0.04832
0.90395 0.09605
0.61048 0.38952
0.19691 0.80309
0.38286 0.61714
0.61093 0.38907
0.50960 0.49040
0.99910 0.00090
0.08812 0.91188
0.98728 0.01272
0.99995 0.00005
0.20093 0.79907
0.99839 0.00161
0.99618 0.00382
0.19666 0.80334
0.14476 0.85524
0.14263 0.85737
0.21065 0.78935
0.19894 0.80106
0.92808 0.07192
0.93562 0.06438
1.00000 0.00000
0.99999 0.00001
0.99814 0.00186
0.99753 0.00247
0.99825 0.00175
0.99759 0.00241
0.99987 0.00013
0.44770 0.55230
0.40769 0.59231
0.99533 0.00467
0.28339 0.71661
0.26360 0.73640
0.40657 0.59343
0.36477 0.63523
0.36477 0.63523
0.24313 0.75687
0.92355 0.07645
0.42454 0.57546
0.42454 0.57546
0.31337 0.68663
0.30564 0.69436
0.30564 0.69436
0.32941 0.67059
0.14292 0.85708
0.75948 0.24052
0.46853 0.53147
0.39132 0.60868
0.99793 0.00207
0.36644 0.63356
0.99988 0.00012
0.37351 0.62649
0.81785 0.18215
0.81785 0.18215
0.48557 0.51443
0.99984 0.00016
0.99984 0.00016
0.47801 0.52199
0.38238 0.61762
0.99862 0.00138
0.99862 0.00138
0.20264 0.79736
0.44470 0.55530
0.45225 0.54775
0.99208 0.00792
0.78877 0.21123
0.96530 0.03470
0.22942 0.77058
0.99972 0.00028
0.99972 0.00028
0.94507 0.05493
0.18512 0.81488
0.15649 0.84351
0.24718 0.75282
0.93460 0.06540
0.94130 0.05870
0.99997 0.00003
0.07334 0.92666
0.95801 0.04199
0.99393 0.00607
0.91988 0.08012
0.91988 0.08012
0.83149 0.16851
0.35127 0.64873
0.22458 0.77542
0.18227 0.81773
0.68922 0.31078
0.22458 0.77542
0.20967 0.79033
0.24134 0.75866
0.69019 0.30981
0.88508 0.11492
0.18713 0.81287
0.61437 0.38563
0.73145 0.26855
0.05905 0.94095
0.30203 0.69797
0.29448 0.70552
0.95264 0.04736
0.99997 0.00003
0.97046 0.02954
0.98996 0.01004
0.62033 0.37967
0.11482 0.88518
0.10691 0.89309
0.62033 0.37967
0.11482 0.88518
0.10691 0.89309
0.98900 0.01100
0.99943 0.00057
0.88755 0.11245
0.93378 0.06622
0.96588 0.03412
0.98006 0.01994
0.91087 0.08913
0.93240 0.06760
0.91087 0.08913
0.93240 0.06760
0.03438 0.96562
0.08939 0.91061
0.20459 0.79541
0.81170 0.18830
0.95117 0.04883
0.95117 0.04883
0.87990 0.12010
0.87990 0.12010
0.48116 0.51884
0.48116 0.51884
0.98515 0.01485
0.86509 0.13491
0.64258 0.35742
0.64994 0.35006
0.82642 0.17358
0.25226 0.74774
0.97356 0.02644
0.76556 0.23444
0.96007 0.03993
0.43836 0.56164
0.13593 0.86407
0.99964 0.00036
0.14792 0.85208
0.41523 0.58477
0.16076 0.83924
0.42055 0.57945
0.36872 0.63128
0.98814 0.01186
0.16344 0.83656
0.16344 0.83656
0.52014 0.47986
0.98345 0.01655
0.98989 0.01011
0.97398 0.02602
0.13621 0.86379
0.25845 0.74155
0.97576 0.02424
0.33199 0.66801
0.10020 0.89980
0.40717 0.59283
0.51464 0.48536
0.99961 0.00039
0.51464 0.48536
0.99961 0.00039
0.71022 0.28978
0.99923 0.00077
0.27812 0.72188
0.12831 0.87169
0.99969 0.00031
0.75720 0.24280
0.72186 0.27814
0.99970 0.00030
0.59569 0.40431
0.99444 0.00556
0.69621 0.30379
0.99742 0.00258
0.65371 0.34629
0.99977 0.00023
0.36664 0.63336
0.65371 0.34629
0.99977 0.00023
0.36664 0.63336
0.72376 0.27624
0.99967 0.00033
0.99999 0.00001
0.98405 0.01595
0.70581 0.29419
0.98226 0.01774
0.99769 0.00231
0.99169 0.00831
0.99988 0.00012
0.99966 0.00034
0.99712 0.00288
0.98300 0.01700
0.78617 0.21383
0.99194 0.00806
0.98506 0.01494
0.80637 0.19363
0.70647 0.29353
0.79615 0.20385
0.94188 0.05812
0.88493 0.11507
0.93795 0.06205
0.91381 0.08619
0.46248 0.53752
0.90898 0.09102
0.36147 0.63853
0.63146 0.36854
0.58138 0.41862
0.99995 0.00005
0.94855 0.05145
0.88342 0.11658
0.93544 0.06456
0.94188 0.05812
0.94819 0.05181
0.99876 0.00124
0.85287 0.14713
0.58964 0.41036
0.93067 0.06933
0.99993 0.00007
0.97530 0.02470
0.98489 0.01511
0.99987 0.00013
0.66641 0.33359
0.96619 0.03381
0.91122 0.08878
0.79066 0.20934
0.34233 0.65767
0.19391 0.80609
0.35269 0.64731
0.75278 0.24722
0.81753 0.18247
0.25861 0.74139
0.75278 0.24722
0.75278 0.24722
0.92149 0.07851
0.83557 0.16443
0.54572 0.45428
0.97971 0.02029
0.99941 0.00059
0.95245 0.04755
0.28883 0.71117
0.11850 0.88150
0.95719 0.04281
0.45513 0.54487
0.99883 0.00117
0.27148 0.72852
0.97823 0.02177
0.22703 0.77297
0.30020 0.69980
0.24565 0.75435
0.11923 0.88077
0.11923 0.88077
0.25724 0.74276
0.25724 0.74276
0.13067 0.86933
0.98137 0.01863
0.09501 0.90499
0.14247 0.85753
0.15688 0.84312
0.33924 0.66076
0.27848 0.72152
0.31058 0.68942
0.27038 0.72962
0.33924 0.66076
0.27848 0.72152
0.31058 0.68942
0.27038 0.72962
0.33596 0.66404
0.99996 0.00004
0.97516 0.02484
0.98279 0.01721
0.04567 0.95433
0.45365 0.54635
0.26780 0.73220
0.76704 0.23296
0.69596 0.30404
0.66550 0.33450
0.64163 0.35837
0.79134 0.20866
0.73640 0.26361
0.73640 0.26361
0.79028 0.20972
0.68869 0.31131
0.76237 0.23763
0.79134 0.20866
0.73640 0.26361
0.73640 0.26361
0.79028 0.20972
0.68869 0.31131
0.76237 0.23763
0.79134 0.20866
0.73640 0.26361
0.73640 0.26361
0.79028 0.20972
0.68869 0.31131
0.76237 0.23763
0.80856 0.19144
0.80856 0.19144
0.91579 0.08421
0.94731 0.05269
0.63842 0.36158
0.75634 0.24366
0.88986 0.11014
0.67358 0.32642
0.64412 0.35588
0.85383 0.14617
0.96708 0.03292
0.32747 0.67253
0.97293 0.02707
0.98475 0.01525
0.98475 0.01525
0.87232 0.12768
0.66384 0.33616
0.66384 0.33616
0.99681 0.00319
0.98157 0.01843
0.99998 0.00002
0.99962 0.00038
0.75490 0.24510
0.97207 0.02793
0.97207 0.02793
0.45268 0.54732
0.98417 0.01583
0.34162 0.65838
0.97449 0.02551
0.57931 0.42069
0.99829 0.00171
0.36749 0.63251
0.99319 0.00681
0.47321 0.52679
0.99535 0.00465
0.25014 0.74986
0.23183 0.76817
0.25014 0.74986
0.23183 0.76817
0.13464 0.86536
0.15717 0.84283
0.77659 0.22341
0.53382 0.46618
0.28239 0.71761
0.47064 0.52936
0.49685 0.50315
0.99557 0.00443
0.98771 0.01229
0.99382 0.00618
0.60860 0.39140
0.65258 0.34742
0.99997 0.00003
0.99997 0.00003
0.32537 0.67463
0.38858 0.61142
0.99908 0.00092
0.99996 0.00004
0.99997 0.00003
0.98855 0.01145
0.09028 0.90972
0.09843 0.90157
0.08601 0.91399
0.09392 0.90608
0.76782 0.23218
0.19039 0.80961
0.99432 0.00568
0.17892 0.82108
0.22445 0.77555
0.17892 0.82108
0.12548 0.87452
0.12548 0.87452
0.14176 0.85824
0.21282 0.78718
0.84461 0.15539
0.99995 0.00005
0.84461 0.15539
0.98043 0.01957
0.95867 0.04133
0.99574 0.00426
0.99992 0.00008
0.99992 0.00008
0.99972 0.00028
0.99973 0.00027
0.99192 0.00808
0.99982 0.00018
0.93283 0.06717
0.96667 0.03333
0.01332 0.98668
0.17959 0.82041
0.17959 0.82041
0.09917 0.90083
0.47950 0.52050
0.32413 0.67587
0.47964 0.52036
0.35380 0.64620
0.62354 0.37646
0.75249 0.24751
0.45225 0.54775
0.28518 0.71482
0.54239 0.45761
0.31534 0.68466
0.68794 0.31206
0.54239 0.45761
0.31534 0.68466
0.68794 0.31206
0.70607 0.29393
0.66602 0.33398
0.96544 0.03456
0.97105 0.02895
0.95477 0.04523
0.71914 0.28086
0.72093 0.27907
0.59974 0.40026
0.89188 0.10812
0.07897 0.92103
0.07448 0.92552
0.81838 0.18162
0.54931 0.45069
0.95682 0.04318
0.99724 0.00276
0.99784 0.00216
0.57598 0.42402
0.38343 0.61657
0.47723 0.52277
0.78014 0.21986
0.11672 0.88328
0.54077 0.45923
0.99454 0.00546
0.98911 0.01089
0.41149 0.58851
0.48251 0.51749
0.52441 0.47559
0.99149 0.00851
0.97638 0.02361
0.99999 0.00001
0.67923 0.32077
1.00000 0.00000
0.44531 0.55469
0.44531 0.55469
0.76823 0.23177
0.71203 0.28797
0.27477 0.72523
0.12804 0.87196
0.05909 0.94091
0.25437 0.74563
0.98336 0.01664
0.12579 0.87421
0.33610 0.66390
0.98258 0.01742
0.98258 0.01742
0.82152 0.17848
0.28179 0.71821
0.99029 0.00971
0.94611 0.05389
0.99934 0.00066
0.99407 0.00593
0.99978 0.00022
0.73822 0.26178
0.99052 0.00948
0.91577 0.08423
0.17056 0.82944
0.18070 0.81930
0.23413 0.76587
0.27385 0.72615
0.05315 0.94685
0.04782 0.95218
0.21121 0.78879
0.08100 0.91900
0.66301 0.33699
0.85286 0.14714
0.99997 0.00003
0.28715 0.71285
0.22608 0.77392
0.22901 0.77099
0.86736 0.13264
0.59837 0.40163
0.46457 0.53543
0.38828 0.61172
0.38828 0.61172
0.19127 0.80873
0.19127 0.80873
0.48516 0.51484
0.65798 0.34202
0.38070 0.61930
0.26731 0.73269
0.57990 0.42010
0.38125 0.61875
0.97399 0.02601
0.37303 0.62697
0.19373 0.80627
0.13930 0.86070
0.60029 0.39971
0.60029 0.39971
0.73549 0.26451
0.74438 0.25562
0.60029 0.39971
0.60029 0.39971
0.73549 0.26451
0.74438 0.25562
0.45487 0.54513
0.33595 0.66405
0.29000 0.71000
0.52710 0.47290
0.33595 0.66405
0.29000 0.71000
0.52710 0.47290
0.62965 0.37035
0.62965 0.37035
0.76783 0.23217
0.62965 0.37035
0.62965 0.37035
0.76783 0.23217
0.51571 0.48429
0.52025 0.47975
0.52025 0.47975
0.68913 0.31087
0.52025 0.47975
0.52025 0.47975
0.68913 0.31087
0.87969 0.12031
0.99994 0.00006
0.99506 0.00494
0.99843 0.00157
0.99998 0.00002
0.91825 0.08175
0.57409 0.42591
0.99291 0.00709
0.99640 0.00360
0.92330 0.07670
0.98491 0.01509
0.99001 0.00999
0.63171 0.36829
0.81262 0.18738
0.99921 0.00079
0.45195 0.54805
0.67585 0.32415
0.76985 0.23015
0.88238 0.11762
0.99997 0.00003
0.72499 0.27501
0.87276 0.12724
0.95102 0.04898
0.99938 0.00062
0.91698 0.08302
0.75658 0.24342
0.68180 0.31820
0.99387 0.00613
0.99956 0.00044
0.83383 0.16617
0.65284 0.34716
0.88969 0.11031
0.99852 0.00148
0.05458 0.94542
0.28958 0.71042
0.57527 0.42473
0.85686 0.14314
0.85686 0.14314
0.67338 0.32662
0.99095 0.00905
0.94322 0.05678
0.49079 0.50921
0.60781 0.39219
0.60781 0.39219
0.60781 0.39219
0.61057 0.38943
0.20680 0.79320
0.19653 0.80347
0.18071 0.81929
0.78535 0.21465
0.60625 0.39375
0.60625 0.39375
0.60625 0.39375
0.60625 0.39375
0.35981 0.64019
0.29017 0.70983
0.25789 0.74211
0.67266 0.32734
0.61882 0.38118
0.28741 0.71259
0.99015 0.00985
0.27285 0.72715
0.99909 0.00091
0.96298 0.03702
0.47931 0.52069
0.77774 0.22226
0.77774 0.22226
0.99985 0.00015
0.96184 0.03816
0.29090 0.70910
0.86435 0.13565
0.20956 0.79044
0.15974 0.84026
0.99836 0.00164
0.78814 0.21186
0.99904 0.00096
0.46960 0.53040
0.40250 0.59750
0.74421 0.25579
0.89344 0.10656
0.91682 0.08318
0.96369 0.03631
0.96369 0.03631
0.96538 0.03462
0.96369 0.03631
0.96369 0.03631
0.96538 0.03462
0.86471 0.13529
0.86471 0.13529
0.93947 0.06053
0.21777 0.78223
0.87519 0.12481
0.87519 0.12481
0.87048 0.12952
0.87519 0.12481
0.87519 0.12481
0.87048 0.12952
0.99963 0.00037
0.99978 0.00022
0.98610 0.01390
0.13671 0.86329
0.18874 0.81126
0.99884 0.00116
0.47131 0.52869
0.52428 0.47572
0.94282 0.05718
0.45447 0.54553
0.98340 0.01660
0.99522 0.00478
0.61528 0.38472
0.96162 0.03838
0.99216 0.00784
0.99216 0.00784
0.96162 0.03838
0.96781 0.03219
0.88037 0.11963
0.99041 0.00959
0.84720 0.15280
0.98727 0.01273
0.50359 0.49641
0.99702 0.00298
0.99890 0.00110
0.86259 0.13741
0.86413 0.13587
0.15014 0.84986
0.83237 0.16763
0.96120 0.03880
0.95081 0.04919
0.88025 0.11975
0.75841 0.24159
0.99996 0.00004
0.99961 0.00039
0.99996 0.00004
0.99959 0.00041
0.99999 0.00001
0.99998 0.00002
0.99920 0.00080
0.99920 0.00080
0.69826 0.30174
0.69826 0.30174
0.98611 0.01389
0.98611 0.01389
0.98611 0.01389
0.60015 0.39985
0.60015 0.39985
0.60015 0.39985
0.66675 0.33325
0.47940 0.52060
0.38962 0.61038
0.43285 0.56715
0.99277 0.00723
0.41847 0.58153
0.99277 0.00723
0.41847 0.58153
0.99277 0.00723
0.41847 0.58153
0.53652 0.46348
0.53652 0.46348
0.43796 0.56204
0.46788 0.53212
0.46788 0.53212
0.49521 0.50479
0.54119 0.45881
0.54119 0.45881
0.39770 0.60230
0.99986 0.00014
0.99989 0.00011
