0.05109 0.94891
0.55513 0.44487
0.18548 0.81452
0.16780 0.83220
0.16780 0.83220
0.46259 0.53741
0.81208 0.18792
0.11682 0.88318
0.79492 0.20508
0.35335 0.64665
0.20717 0.79283
0.96691 0.03309
0.15192 0.84808
0.16585 0.83415
0.21270 0.78730
0.26483 0.73517
0.22797 0.77203
0.19827 0.80173
0.19827 0.80173
0.11283 0.88717
0.29228 0.70772
0.39876 0.60124
0.29228 0.70772
0.39876 0.60124
0.37596 0.62404
0.33012 0.66988
0.29176 0.70824
0.35481 0.64519
0.37596 0.62404
0.33012 0.66988
0.29176 0.70824
0.35481 0.64519
0.27446 0.72554
0.12300 0.87700
0.11184 0.88816
0.20682 0.79318
0.75198 0.24802
0.49558 0.50442
0.13980 0.86020
0.14197 0.85803
0.10255 0.89745
0.14089 0.85911
0.16688 0.83312
0.08894 0.91106
0.06531 0.93469
0.17731 0.82269
0.15624 0.84376
0.88824 0.11176
0.88536 0.11464
0.89432 0.10568
0.92231 0.07769
0.86669 0.13331
0.85709 0.14291
0.86669 0.13331
0.90576 0.09424
0.89702 0.10298
0.18574 0.81426
0.39500 0.60500
0.24461 0.75539
0.38913 0.61087
0.98358 0.01642
0.98170 0.01830
0.94934 0.05066
0.94535 0.05465
0.95865 0.04135
0.90128 0.09872
0.73846 0.26154
0.96129 0.03871
0.94098 0.05902
0.93909 0.06091
0.20080 0.79920
0.38066 0.61934
0.71716 0.28284
0.48107 0.51893
0.57009 0.42991
0.81811 0.18189
0.89672 0.10328
0.56419 0.43581
0.56168 0.43832
0.56168 0.43832
0.56168 0.43832
0.56168 0.43832
0.37183 0.62817
0.37183 0.62817
0.63410 0.36590
0.30736 0.69264
0.34057 0.65943
0.34057 0.65943
0.29314 0.70686
0.87400 0.12600
0.62496 0.37504
0.38453 0.61547
0.34721 0.65279
0.58556 0.41444
0.56988 0.43012
0.54274 0.45726
0.57136 0.42864
0.46818 0.53182
0.21143 0.78857
0.38401 0.61599
0.31915 0.68085
0.40922 0.59078
0.19043 0.80957
0.26804 0.73196
0.27973 0.72027
0.18392 0.81608
0.29340 0.70660
0.19118 0.80882
0.99922 0.00078
0.99947 0.00053
0.99924 0.00076
0.99366 0.00634
0.99956 0.00044
0.31774 0.68226
0.14928 0.85072
0.07449 0.92551
0.71816 0.28184
0.45242 0.54758
0.77195 0.22805
0.51402 0.48598
0.06925 0.93075
0.07362 0.92638
0.88594 0.11406
0.99542 0.00458
0.99748 0.00252
0.73588 0.26412
0.31045 0.68955
0.25060 0.74940
0.59250 0.40750
0.60357 0.39643
0.41300 0.58700
0.41300 0.58700
0.15755 0.84245
0.19370 0.80630
0.47409 0.52591
0.80412 0.19588
0.23674 0.76326
0.18804 0.81196
0.30951 0.69049
0.20831 0.79169
0.31155 0.68845
0.20322 0.79678
0.31155 0.68845
0.20322 0.79678
0.29778 0.70222
0.34722 0.65278
0.22995 0.77005
0.31607 0.68393
0.61882 0.38118
0.77052 0.22948
0.54808 0.45192
0.38472 0.61528
0.88019 0.11981
0.15784 0.84216
0.72805 0.27195
0.20777 0.79223
0.98420 0.01580
0.96141 0.03859
0.76223 0.23777
0.96495 0.03505
0.96349 0.03651
0.94929 0.05071
0.95697 0.04303
0.95332 0.04668
0.94929 0.05071
0.91721 0.08279
0.64515 0.35485
0.23680 0.76320
0.28895 0.71105
0.07738 0.92262
0.97158 0.02842
0.93727 0.06273
0.97480 0.02520
0.97152 0.02848
0.23982 0.76018
0.10832 0.89168
0.77464 0.22536
0.28193 0.71807
0.16753 0.83247
0.08399 0.91601
0.12263 0.87737
0.25719 0.74281
0.98886 0.01114
0.27758 0.72242
0.99902 0.00098
0.98971 0.01029
0.99329 0.00671
0.40426 0.59574
0.06697 0.93303
0.10753 0.89247
0.10257 0.89743
0.09462 0.90538
0.09628 0.90372
0.98754 0.01246
0.98754 0.01246
0.13596 0.86404
0.51705 0.48295
0.30575 0.69425
0.81740 0.18260
0.38181 0.61819
0.45404 0.54596
0.75746 0.24254
0.40981 0.59019
0.95117 0.04883
0.56909 0.43091
0.99023 0.00977
0.39692 0.60308
0.45911 0.54089
0.64876 0.35124
0.65200 0.34800
0.09333 0.90667
0.43386 0.56614
0.38411 0.61589
0.38411 0.61589
0.98783 0.01217
0.23390 0.76610
0.99094 0.00906
0.23390 0.76610
0.99959 0.00041
0.26327 0.73673
0.63011 0.36989
0.38698 0.61302
0.34804 0.65196
0.33820 0.66180
0.43299 0.56701
0.99995 0.00005
0.48868 0.51132
0.99943 0.00057
0.99963 0.00037
0.99935 0.00065
0.99930 0.00070
0.99706 0.00294
0.25336 0.74664
0.89789 0.10211
0.79553 0.20447
0.25449 0.74551
0.27978 0.72022
0.35511 0.64489
0.89793 0.10207
0.56753 0.43247
0.96656 0.03344
0.56753 0.43247
0.96656 0.03344
0.10034 0.89966
0.20750 0.79250
0.93429 0.06570
0.15086 0.84914
0.15269 0.84731
0.17027 0.82973
0.14122 0.85878
0.70221 0.29779
0.78180 0.21820
0.96600 0.03400
0.78180 0.21820
0.99022 0.00978
0.86424 0.13576
0.45284 0.54716
0.36808 0.63192
0.95221 0.04779
0.95221 0.04779
0.79016 0.20984
0.79016 0.20984
0.17937 0.82063
0.24623 0.75377
0.77015 0.22985
0.06802 0.93198
0.06797 0.93203
0.19291 0.80709
0.19280 0.80720
0.37459 0.62541
0.37738 0.62262
0.99606 0.00394
0.66595 0.33405
0.48580 0.51420
0.46432 0.53568
0.96727 0.03273
0.51674 0.48326
0.20679 0.79321
0.79491 0.20509
0.66316 0.33684
0.64054 0.35946
0.50980 0.49020
0.64054 0.35946
0.50980 0.49020
0.15370 0.84630
0.91429 0.08571
0.13096 0.86904
0.77476 0.22524
0.77476 0.22524
0.64870 0.35130
0.28292 0.71708
0.41329 0.58671
0.99799 0.00201
1.00000 0.00000
0.86551 0.13449
0.47868 0.52132
0.45410 0.54590
0.99805 0.00195
0.60442 0.39558
0.60442 0.39558
0.99694 0.00306
0.99806 0.00194
0.60442 0.39558
0.60442 0.39558
0.99667 0.00333
0.18286 0.81714
0.17477 0.82523
0.97749 0.02251
0.35756 0.64244
0.72129 0.27871
0.75401 0.24599
0.66671 0.33329
0.70921 0.29079
0.71145 0.28855
0.65084 0.34916
0.92839 0.07161
0.92379 0.07621
0.65278 0.34722
0.65278 0.34722
0.65278 0.34722
0.65278 0.34722
0.47915 0.52085
0.27803 0.72197
0.27803 0.72197
0.69716 0.30284
0.34159 0.65841
0.99585 0.00415
0.61135 0.38865
0.24921 0.75079
0.24921 0.75079
0.15995 0.84005
0.93533 0.06467
0.93140 0.06860
0.26580 0.73420
0.15626 0.84374
0.11914 0.88086
0.17219 0.82781
0.15779 0.84221
0.33043 0.66957
0.33043 0.66957
0.21807 0.78193
0.43372 0.56628
0.34212 0.65788
0.17842 0.82158
0.58718 0.41282
0.78077 0.21923
0.98861 0.01139
0.98954 0.01046
0.09856 0.90144
0.89209 0.10791
0.98595 0.01405
0.98243 0.01757
0.87072 0.12928
0.66352 0.33648
0.95113 0.04887
0.65939 0.34061
0.99166 0.00834
0.98381 0.01619
0.31143 0.68857
0.32828 0.67172
0.92212 0.07788
0.99135 0.00865
0.98322 0.01678
0.30804 0.69196
0.16694 0.83306
0.06736 0.93264
0.06979 0.93021
0.62944 0.37056
0.26863 0.73137
0.98786 0.01214
0.92077 0.07923
0.39755 0.60245
0.39755 0.60245
0.71139 0.28861
0.19653 0.80347
0.59718 0.40282
0.92108 0.07892
0.15116 0.84884
0.92964 0.07036
0.91345 0.08655
0.74394 0.25606
0.98680 0.01320
0.71999 0.28001
0.98275 0.01725
0.53381 0.46619
0.53381 0.46619
0.41207 0.58793
0.41207 0.58793
0.88131 0.11869
0.85921 0.14079
0.97196 0.02804
0.94095 0.05905
0.94308 0.05692
0.59398 0.40602
0.08490 0.91510
0.80997 0.19003
0.17301 0.82699
0.80997 0.19003
0.17301 0.82699
0.83276 0.16724
0.22302 0.77698
0.85743 0.14257
0.21751 0.78249
0.62186 0.37814
0.20978 0.79022
0.59596 0.40404
0.87646 0.12354
0.83129 0.16871
0.85802 0.14198
0.96723 0.03277
0.75178 0.24822
0.27514 0.72486
0.51422 0.48578
0.73114 0.26886
0.26198 0.73802
0.49810 0.50190
0.99665 0.00335
0.99614 0.00386
0.55419 0.44581
0.34706 0.65294
0.54721 0.45279
0.99575 0.00425
0.99975 0.00025
0.99975 0.00025
0.90055 0.09945
0.90055 0.09945
0.98704 0.01296
0.99340 0.00660
0.99340 0.00660
0.99712 0.00288
0.61587 0.38413
0.71309 0.28691
0.71309 0.28691
0.97766 0.02234
0.97822 0.02178
0.71593 0.28407
0.75839 0.24161
0.76423 0.23577
0.99857 0.00143
0.99857 0.00143
0.80807 0.19193
0.80807 0.19193
0.99615 0.00385
0.31339 0.68661
0.37433 0.62567
0.25074 0.74926
0.45991 0.54009
0.34171 0.65829
0.85557 0.14443
0.22732 0.77268
0.99845 0.00155
0.87443 0.12557
0.52401 0.47599
0.80430 0.19570
0.25106 0.74894
0.99828 0.00172
0.98575 0.01425
0.16541 0.83459
0.79077 0.20923
0.99371 0.00629
0.99706 0.00294
0.17192 0.82808
0.17335 0.82665
0.18189 0.81811
0.18338 0.81662
0.99868 0.00132
0.99783 0.00217
0.99906 0.00094
0.48437 0.51563
0.74390 0.25610
0.96604 0.03396
0.88115 0.11885
0.25006 0.74994
0.78117 0.21883
0.76623 0.23377
0.72466 0.27534
0.95782 0.04218
0.98839 0.01161
0.99581 0.00419
0.99734 0.00266
0.76709 0.23291
0.76709 0.23291
0.99734 0.00266
0.52409 0.47591
0.41003 0.58997
0.68340 0.31660
0.61383 0.38617
0.14993 0.85007
0.59196 0.40804
0.31346 0.68654
0.33576 0.66424
0.85701 0.14299
0.12727 0.87273
0.12521 0.87479
0.13385 0.86615
0.99137 0.00863
0.96129 0.03871
0.93650 0.06350
0.97313 0.02687
0.41803 0.58197
0.83574 0.16426
0.38622 0.61378
0.80689 0.19311
0.98742 0.01258
0.95058 0.04942
0.92311 0.07689
0.99603 0.00397
0.95695 0.04305
0.88820 0.11180
0.67437 0.32563
0.47416 0.52584
0.97565 0.02435
0.99533 0.00467
0.99728 0.00272
0.97492 0.02508
0.52669 0.47331
0.38900 0.61100
0.77793 0.22207
0.48282 0.51718
0.95837 0.04163
0.65301 0.34699
0.25052 0.74948
0.51881 0.48119
0.33209 0.66791
0.52956 0.47044
0.45365 0.54635
0.69412 0.30588
0.35275 0.64725
0.59259 0.40741
0.87803 0.12197
0.30276 0.69724
0.30511 0.69489
0.61591 0.38409
0.57239 0.42761
0.99326 0.00674
0.55827 0.44173
0.99670 0.00330
0.56385 0.43615
0.51994 0.48006
0.99366 0.00634
0.50575 0.49425
0.99671 0.00329
0.97699 0.02301
0.37825 0.62175
0.95948 0.04052
0.35142 0.64858
0.93658 0.06342
0.31781 0.68219
0.26409 0.73591
0.52510 0.47490
0.98869 0.01131
0.97813 0.02187
0.99991 0.00009
0.31506 0.68494
0.94777 0.05223
0.32836 0.67164
0.93160 0.06840
0.32836 0.67164
0.93160 0.06840
0.92545 0.07455
0.99999 0.00001
0.83933 0.16067
0.93527 0.06473
0.96694 0.03306
0.73682 0.26318
0.58394 0.41606
0.22502 0.77498
0.28086 0.71914
0.99786 0.00214
0.79427 0.20573
0.40461 0.59539
0.35879 0.64121
0.53185 0.46815
0.15554 0.84446
0.57856 0.42144
0.67836 0.32164
0.71060 0.28940
0.25326 0.74674
0.87702 0.12298
0.99967 0.00033
0.72678 0.27322
0.64295 0.35705
0.83714 0.16286
0.93781 0.06219
0.79534 0.20466
0.08860 0.91140
0.75676 0.24324
0.05828 0.94172
0.09550 0.90450
0.68282 0.31718
0.19163 0.80837
0.63508 0.36492
0.99944 0.00056
0.52977 0.47023
0.99961 0.00039
0.30247 0.69753
0.99949 0.00051
0.41016 0.58984
0.83192 0.16808
0.99089 0.00911
0.99809 0.00191
0.99554 0.00446
0.95571 0.04429
0.97804 0.02196
0.32481 0.67519
0.78639 0.21361
0.69766 0.30234
0.76869 0.23131
0.68889 0.31111
0.96584 0.03416
0.81356 0.18644
0.82993 0.17007
0.36167 0.63833
0.87943 0.12057
0.99998 0.00002
0.31449 0.68551
0.81320 0.18680
0.22722 0.77278
0.64428 0.35572
0.98530 0.01470
0.36710 0.63290
0.79578 0.20422
0.99330 0.00670
0.40091 0.59909
0.88145 0.11855
0.24614 0.75386
0.76625 0.23375
0.18506 0.81494
0.33681 0.66319
0.26917 0.73083
0.07095 0.92905
0.82615 0.17385
0.81964 0.18036
0.81777 0.18223
0.82676 0.17324
0.95983 0.04017
0.59064 0.40936
0.98997 0.01003
0.21375 0.78625
0.97630 0.02370
0.99861 0.00139
0.97656 0.02344
0.80077 0.19923
0.80430 0.19570
0.80430 0.19570
0.17428 0.82572
0.26347 0.73653
0.27982 0.72018
0.22739 0.77261
0.22101 0.77899
0.99976 0.00024
0.51484 0.48516
0.15034 0.84966
0.76104 0.23896
0.16690 0.83310
0.25445 0.74555
0.21393 0.78607
0.24561 0.75439
0.20534 0.79466
0.23186 0.76814
0.19411 0.80589
0.67304 0.32696
0.65516 0.34484
0.30913 0.69087
0.26016 0.73984
0.61017 0.38983
0.22625 0.77375
0.34801 0.65199
0.12009 0.87991
0.61191 0.38809
0.61191 0.38809
0.93252 0.06748
0.93252 0.06748
0.71894 0.28106
0.71894 0.28106
0.96606 0.03394
0.96606 0.03394
0.93432 0.06568
0.93432 0.06568
0.60517 0.39483
0.60517 0.39483
0.67622 0.32378
0.79735 0.20265
0.65711 0.34289
0.20863 0.79137
0.18007 0.81993
0.13192 0.86808
0.85989 0.14011
0.15556 0.84444
0.99924 0.00076
0.89928 0.10072
0.95643 0.04357
0.82881 0.17119
0.91751 0.08249
0.24091 0.75909
0.26262 0.73738
0.26262 0.73738
0.90396 0.09604
0.90424 0.09576
0.89448 0.10552
0.94597 0.05403
0.94625 0.05375
0.93946 0.06054
0.63952 0.36048
0.65212 0.34788
0.56045 0.43955
0.55754 0.44246
0.56879 0.43121
0.99752 0.00248
0.99819 0.00181
0.27221 0.72779
0.82907 0.17093
0.88962 0.11038
0.83263 0.16737
0.48625 0.51375
0.48967 0.51033
0.48967 0.51033
0.48625 0.51375
0.82327 0.17673
0.80725 0.19275
0.31385 0.68615
0.60658 0.39342
0.99932 0.00068
0.54089 0.45911
0.99900 0.00100
0.77761 0.22239
0.77761 0.22239
0.75154 0.24846
0.23903 0.76097
0.26196 0.73804
0.42293 0.57707
0.60035 0.39965
0.81142 0.18858
0.53178 0.46822
0.64852 0.35148
0.78244 0.21756
0.15352 0.84648
0.19513 0.80487
0.15108 0.84892
0.24698 0.75302
0.66479 0.33521
0.82079 0.17921
0.13784 0.86216
0.19665 0.80335
0.66479 0.33521
0.82079 0.17921
0.13784 0.86216
0.19665 0.80335
0.50249 0.49751
0.64746 0.35254
0.85399 0.14601
0.90212 0.09788
0.89249 0.10751
0.95808 0.04192
0.16418 0.83582
0.25749 0.74251
0.39750 0.60250
0.18791 0.81209
0.22376 0.77624
0.18791 0.81209
0.22376 0.77624
0.57943 0.42057
0.57943 0.42057
0.57943 0.42057
0.57943 0.42057
0.62643 0.37357
0.86361 0.13639
0.33639 0.66361
0.29260 0.70740
0.15920 0.84080
0.15524 0.84476
0.16205 0.83795
0.18479 0.81521
0.17812 0.82188
0.43478 0.56522
0.29876 0.70124
0.35178 0.64822
0.23118 0.76882
0.97712 0.02288
0.24938 0.75062
0.83500 0.16500
0.81945 0.18055
0.99943 0.00057
0.80122 0.19878
0.87212 0.12788
0.15737 0.84263
0.94555 0.05445
0.99767 0.00233
0.93706 0.06294
0.28961 0.71039
0.12351 0.87649
0.33961 0.66039
0.96080 0.03920
0.92199 0.07801
0.40840 0.59160
0.92467 0.07533
0.34110 0.65890
0.98975 0.01025
0.28308 0.71692
0.54043 0.45957
0.22112 0.77888
0.99890 0.00110
0.65261 0.34739
0.68299 0.31701
0.98195 0.01805
0.47297 0.52703
0.37454 0.62546
0.37454 0.62546
0.66237 0.33763
0.88410 0.11590
0.34662 0.65338
0.29458 0.70542
0.63957 0.36043
0.30779 0.69221
0.21929 0.78071
0.57885 0.42115
0.57172 0.42828
0.45360 0.54640
0.99794 0.00206
0.99808 0.00192
0.34824 0.65176
0.95415 0.04585
0.95507 0.04493
0.99836 0.00164
0.71591 0.28409
0.45047 0.54953
0.91924 0.08076
0.21545 0.78455
0.25287 0.74713
0.30586 0.69414
0.97661 0.02339
0.95254 0.04746
0.25287 0.74713
0.30586 0.69414
0.27293 0.72707
0.27293 0.72707
0.49104 0.50896
0.39558 0.60442
0.26174 0.73826
0.10368 0.89632
0.29492 0.70508
0.26166 0.73834
0.35608 0.64392
0.32506 0.67494
0.92416 0.07584
0.19452 0.80548
0.54244 0.45756
0.99947 0.00053
0.99932 0.00068
0.87918 0.12082
0.99299 0.00701
0.98314 0.01686
0.99889 0.00111
0.99689 0.00311
0.99689 0.00311
0.39686 0.60314
0.44743 0.55257
0.43241 0.56759
0.49162 0.50838
0.99721 0.00279
0.48142 0.51858
0.62128 0.37872
0.49033 0.50967
0.54523 0.45477
0.39198 0.60802
0.35476 0.64524
0.90991 0.09009
0.49761 0.50239
0.39534 0.60466
0.30559 0.69441
0.30559 0.69441
0.71462 0.28538
0.71462 0.28538
0.33195 0.66805
0.33195 0.66805
0.83642 0.16358
0.85135 0.14865
0.27702 0.72298
0.51584 0.48416
0.51584 0.48416
0.90450 0.09550
0.90450 0.09550
0.72645 0.27355
0.72645 0.27355
0.35959 0.64041
0.68233 0.31767
0.33455 0.66545
0.13646 0.86354
0.25358 0.74642
0.79019 0.20981
0.71265 0.28735
0.56009 0.43991
0.66418 0.33582
0.50434 0.49566
0.69175 0.30825
0.79814 0.20186
0.79814 0.20186
0.85031 0.14969
0.32193 0.67807
0.16059 0.83941
0.98048 0.01952
0.32695 0.67305
0.33601 0.66399
0.99693 0.00307
0.99674 0.00326
0.99677 0.00323
0.98230 0.01770
0.99944 0.00056
0.99944 0.00056
0.57993 0.42007
0.30090 0.69910
0.92412 0.07588
0.21998 0.78002
0.15751 0.84249
0.39058 0.60942
0.86797 0.13203
0.95108 0.04892
0.94049 0.05951
0.95108 0.04892
0.94049 0.05951
0.88911 0.11089
0.36378 0.63622
0.30985 0.69015
0.47815 0.52185
0.78121 0.21879
0.57810 0.42190
0.84244 0.15756
0.79299 0.20701
0.44187 0.55813
0.92947 0.07053
0.91017 0.08983
0.82771 0.17229
0.90710 0.09290
0.67868 0.32132
0.15184 0.84816
0.15707 0.84293
0.16362 0.83638
0.15476 0.84524
0.99945 0.00055
0.23911 0.76089
0.24315 0.75685
0.24315 0.75685
0.32077 0.67923
0.93096 0.06904
0.54767 0.45233
0.54655 0.45345
0.82093 0.17907
0.36135 0.63865
0.17459 0.82541
0.14052 0.85948
0.81081 0.18919
0.99898 0.00102
0.99831 0.00169
0.52234 0.47766
0.69394 0.30606
0.18838 0.81162
0.51132 0.48868
0.73058 0.26942
0.21383 0.78617
0.76490 0.23510
0.11577 0.88423
0.39952 0.60048
0.12938 0.87062
0.25856 0.74144
0.95488 0.04512
0.07618 0.92382
0.22561 0.77439
0.08721 0.91279
0.77790 0.22210
0.90434 0.09566
0.99383 0.00617
0.99993 0.00007
0.89905 0.10095
0.89905 0.10095
0.84661 0.15339
0.58081 0.41919
0.58473 0.41527
0.58081 0.41919
0.56740 0.43260
0.58081 0.41919
0.58081 0.41919
0.58473 0.41527
0.58081 0.41919
0.56740 0.43260
0.58081 0.41919
0.58081 0.41919
0.58473 0.41527
0.58081 0.41919
0.56740 0.43260
0.58081 0.41919
0.93300 0.06700
0.97948 0.02052
0.32572 0.67428
0.96248 0.03752
0.78695 0.21305
0.30730 0.69270
0.32119 0.67881
0.15900 0.84100
0.99880 0.00120
0.28544 0.71456
0.37094 0.62906
0.34991 0.65009
0.97140 0.02860
0.92491 0.07509
0.19620 0.80380
0.96163 0.03837
0.89601 0.10399
0.96163 0.03837
0.89601 0.10399
0.32081 0.67919
0.95685 0.04315
0.21157 0.78843
0.47738 0.52262
0.99827 0.00173
0.84805 0.15195
0.47738 0.52262
0.99821 0.00179
0.84556 0.15444
0.62588 0.37412
0.94849 0.05151
0.84042 0.15958
0.62588 0.37412
0.94849 0.05151
0.84042 0.15958
0.27815 0.72185
0.27815 0.72185
0.27815 0.72185
0.27815 0.72185
0.20958 0.79042
0.24935 0.75065
0.75999 0.24001
0.18354 0.81646
0.08972 0.91028
0.22193 0.77807
0.23966 0.76034
0.15174 0.84826
0.16648 0.83352
0.70855 0.29145
0.86348 0.13652
0.83247 0.16753
0.14619 0.85381
0.17800 0.82200
0.19933 0.80067
0.22333 0.77667
0.14619 0.85381
0.17800 0.82200
0.19933 0.80067
0.43844 0.56156
0.18584 0.81416
0.20801 0.79199
0.30864 0.69136
0.69651 0.30349
0.87860 0.12140
0.83351 0.16649
0.10291 0.89709
0.93509 0.06491
0.90605 0.09395
0.51637 0.48363
0.87267 0.12733
0.98939 0.01061
0.98939 0.01061
0.90916 0.09084
0.53967 0.46033
0.99973 0.00027
0.99622 0.00378
0.99893 0.00107
0.98270 0.01730
0.89839 0.10161
0.14754 0.85246
0.18790 0.81210
0.65239 0.34761
0.15939 0.84061
0.59220 0.40780
0.14029 0.85971
0.18615 0.81385
0.73638 0.26362
0.16706 0.83294
0.17912 0.82088
0.74993 0.25007
0.15527 0.84473
0.95440 0.04560
0.99346 0.00654
0.98561 0.01439
0.98952 0.01048
0.99944 0.00056
0.99351 0.00649
0.86075 0.13925
0.43321 0.56679
0.99191 0.00809
0.99742 0.00258
0.90408 0.09592
0.15904 0.84096
0.70791 0.29209
0.96842 0.03158
0.69572 0.30428
0.62405 0.37595
0.32512 0.67488
0.32512 0.67488
0.29612 0.70388
0.31715 0.68285
0.95807 0.04193
0.42252 0.57748
0.91161 0.08839
0.91161 0.08839
0.17816 0.82184
0.99497 0.00503
0.97867 0.02133
0.45249 0.54751
0.50608 0.49392
0.99831 0.00169
0.99334 0.00666
0.99878 0.00122
0.42450 0.57550
0.89652 0.10348
0.32590 0.67410
0.32325 0.67675
0.24606 0.75394
0.91863 0.08137
0.42497 0.57503
0.46402 0.53598
0.92482 0.07518
0.33352 0.66648
0.38871 0.61129
0.97592 0.02408
0.96784 0.03216
0.49671 0.50329
0.20056 0.79944
0.26588 0.73412
0.15732 0.84268
0.96189 0.03811
0.37492 0.62508
0.94754 0.05246
0.29774 0.70226
0.90629 0.09371
0.90629 0.09371
0.99989 0.00011
0.90629 0.09371
0.99989 0.00011
0.52040 0.47960
0.30596 0.69404
0.60445 0.39555
0.47163 0.52837
0.26116 0.73884
0.26116 0.73884
0.26116 0.73884
0.48120 0.51880
0.48120 0.51880
0.06977 0.93023
0.10540 0.89460
0.99753 0.00247
0.99731 0.00269
0.98324 0.01676
0.54498 0.45502
0.80142 0.19858
0.95273 0.04727
0.86329 0.13671
0.56803 0.43197
0.98250 0.01750
0.94526 0.05474
0.80029 0.19971
0.99808 0.00192
0.09871 0.90129
0.15230 0.84770
0.35475 0.64525
0.64167 0.35833
0.35475 0.64525
0.64167 0.35833
0.35475 0.64525
0.64167 0.35833
0.35475 0.64525
0.64167 0.35833
0.99997 0.00003
0.97356 0.02644
0.99997 0.00003
0.97771 0.02229
0.58107 0.41893
0.25537 0.74463
0.57602 0.42398
0.23088 0.76912
0.97886 0.02114
0.39787 0.60213
0.99642 0.00358
0.99929 0.00071
0.99671 0.00329
0.37389 0.62611
0.99938 0.00062
0.07893 0.92107
0.15506 0.84494
0.99968 0.00032
0.99925 0.00075
0.99968 0.00032
0.99968 0.00032
0.99945 0.00055
0.99979 0.00021
0.38483 0.61517
0.38483 0.61517
0.38483 0.61517
0.25688 0.74312
0.11798 0.88202
0.91531 0.08469
0.25490 0.74510
0.26720 0.73280
0.40713 0.59287
0.40713 0.59287
0.30568 0.69432
0.99803 0.00197
0.48322 0.51678
0.83387 0.16613
0.89512 0.10488
0.85031 0.14969
0.04311 0.95689
0.82816 0.17184
0.92671 0.07329
0.90341 0.09659
0.39995 0.60005
0.58097 0.41903
0.53374 0.46626
0.82816 0.17184
0.92671 0.07329
0.90341 0.09659
0.36270 0.63730
0.54278 0.45722
0.78872 0.21128
0.62274 0.37726
0.18853 0.81147
0.41944 0.58056
0.26053 0.73947
0.14450 0.85550
0.30068 0.69932
0.77708 0.22292
0.89429 0.10571
0.47304 0.52696
0.16302 0.83698
0.99370 0.00630
0.28209 0.71791
0.25882 0.74118
0.23233 0.76767
0.13890 0.86110
0.05522 0.94478
0.35491 0.64509
0.38418 0.61582
0.66690 0.33310
0.36723 0.63277
0.98132 0.01868
0.35359 0.64641
0.63710 0.36290
0.41547 0.58453
0.74311 0.25689
0.86314 0.13686
0.86314 0.13686
0.38660 0.61340
0.97658 0.02342
0.98973 0.01027
0.52470 0.47530
0.52470 0.47530
0.36138 0.63862
0.22313 0.77687
0.95202 0.04798
0.95958 0.04042
0.93047 0.06953
0.09071 0.90929
0.81685 0.18315
0.88306 0.11694
0.99999 0.00001
0.08378 0.91622
0.06994 0.93006
0.06830 0.93170
0.17485 0.82515
0.17062 0.82938
0.50834 0.49166
0.14520 0.85480
0.14238 0.85762
0.02553 0.97447
0.14621 0.85379
0.69683 0.30317
0.11334 0.88666
0.42742 0.57258
0.92884 0.07116
0.99993 0.00007
0.58082 0.41918
0.70519 0.29481
0.65562 0.34438
0.62700 0.37300
0.62700 0.37300
0.99928 0.00072
0.67495 0.32505
0.99908 0.00092
0.55574 0.44426
0.66469 0.33531
0.63559 0.36441
0.45566 0.54434
0.96669 0.03331
0.87037 0.12963
0.87602 0.12398
0.99874 0.00126
0.81839 0.18161
0.99779 0.00221
0.99513 0.00487
0.73648 0.26352
0.99301 0.00699
0.11608 0.88392
0.71751 0.28249
0.12861 0.87139
0.80362 0.19638
0.91524 0.08476
0.95783 0.04217
0.99351 0.00649
0.19539 0.80461
0.72671 0.27329
0.99658 0.00342
0.27859 0.72141
0.83290 0.16710
0.16823 0.83177
0.53586 0.46414
0.18421 0.81579
0.09410 0.90590
0.11489 0.88511
0.13261 0.86739
0.99435 0.00565
0.78373 0.21627
0.99909 0.00091
0.81334 0.18666
0.83934 0.16066
0.99694 0.00306
0.99775 0.00225
0.62219 0.37781
0.62219 0.37781
0.99052 0.00948
0.99052 0.00948
0.62219 0.37781
0.62219 0.37781
0.62219 0.37781
0.62219 0.37781
0.81950 0.18050
0.90681 0.09319
0.90681 0.09319
0.64496 0.35504
0.84789 0.15211
0.99934 0.00066
0.99841 0.00159
0.13450 0.86550
0.13459 0.86541
0.99949 0.00051
0.99942 0.00058
0.99942 0.00058
0.99850 0.00150
0.99373 0.00627
0.97882 0.02118
0.97882 0.02118
0.14365 0.85635
0.95345 0.04655
0.21379 0.78621
0.68450 0.31550
0.13055 0.86945
0.10933 0.89067
0.29168 0.70832
0.20606 0.79394
0.98851 0.01149
0.97161 0.02839
0.53463 0.46537
0.53463 0.46537
0.04935 0.95065
0.99850 0.00150
0.89453 0.10547
0.28042 0.71958
0.24596 0.75404
0.34809 0.65191
0.68860 0.31140
0.74261 0.25739
0.73700 0.26300
0.80694 0.19306
0.74624 0.25376
0.72315 0.27685
0.19502 0.80498
0.23586 0.76414
0.16509 0.83491
0.18913 0.81087
0.14086 0.85914
0.51440 0.48560
0.18751 0.81249
0.71190 0.28810
0.77237 0.22763
0.85406 0.14594
0.27022 0.72978
0.69788 0.30212
0.69788 0.30212
0.07982 0.92018
0.25012 0.74988
0.72707 0.27293
0.35662 0.64338
0.90361 0.09639
0.41256 0.58744
0.41256 0.58744
0.41256 0.58744
0.41256 0.58744
0.12504 0.87496
0.12310 0.87690
0.09533 0.90467
0.14107 0.85893
0.99062 0.00938
0.13995 0.86005
0.86130 0.13870
0.70772 0.29228
0.80542 0.19458
0.80542 0.19458
0.94463 0.05537
0.99240 0.00760
0.99431 0.00569
0.99431 0.00569
0.94144 0.05856
0.94144 0.05856
0.35741 0.64259
0.37170 0.62830
0.81717 0.18283
0.81717 0.18283
0.99998 0.00002
0.99686 0.00314
0.99686 0.00314
0.99946 0.00054
0.99562 0.00438
0.21168 0.78832
0.99947 0.00053
0.90254 0.09746
0.96761 0.03239
0.96700 0.03300
0.97114 0.02886
0.96014 0.03986
0.99903 0.00097
0.99511 0.00489
0.99882 0.00118
0.99882 0.00118
0.10547 0.89453
0.09504 0.90496
0.99217 0.00783
0.46795 0.53205
0.72907 0.27093
0.55036 0.44964
0.31906 0.68094
0.46696 0.53304
0.96107 0.03893
0.13067 0.86933
0.48881 0.51119
0.14821 0.85179
0.99190 0.00810
0.46696 0.53304
0.96107 0.03893
0.13067 0.86933
0.93285 0.06715
0.49924 0.50076
0.49754 0.50246
0.87374 0.12626
0.99219 0.00781
0.79378 0.20622
0.35750 0.64250
0.35750 0.64250
0.76816 0.23184
0.76335 0.23665
0.39662 0.60338
0.39662 0.60338
0.74159 0.25841
0.75724 0.24276
0.28163 0.71837
0.37980 0.62020
0.19174 0.80826
0.37980 0.62020
0.18431 0.81569
0.18998 0.81002
0.18431 0.81569
0.18431 0.81569
0.18998 0.81002
0.18431 0.81569
0.92670 0.07330
0.82619 0.17381
0.38587 0.61413
0.24349 0.75651
0.99556 0.00444
0.99707 0.00293
0.38905 0.61095
0.36279 0.63721
0.38663 0.61337
0.36035 0.63965
0.99807 0.00193
0.37385 0.62615
0.16144 0.83856
0.18894 0.81106
0.89750 0.10250
0.49784 0.50216
0.24710 0.75290
0.21882 0.78118
0.31487 0.68513
0.32257 0.67743
0.80553 0.19447
0.74235 0.25765
0.69105 0.30895
0.55501 0.44499
0.55711 0.44289
0.25772 0.74228
0.20357 0.79643
0.27321 0.72679
0.25780 0.74220
0.35408 0.64592
0.99481 0.00519
0.42415 0.57585
0.42415 0.57585
0.06439 0.93561
0.98900 0.01100
0.98077 0.01923
0.98083 0.01917
0.98731 0.01269
0.98712 0.01288
0.13628 0.86372
0.31614 0.68386
0.86485 0.13515
0.58760 0.41240
0.23680 0.76320
0.28278 0.71722
0.23455 0.76545
0.76475 0.23525
0.37682 0.62318
0.45157 0.54843
0.36963 0.63037
0.16737 0.83263
0.19825 0.80175
0.16828 0.83172
0.97755 0.02245
0.97755 0.02245
0.15310 0.84690
0.15310 0.84690
0.61082 0.38918
0.74232 0.25768
0.82142 0.17858
0.09100 0.90900
0.92006 0.07994
0.42929 0.57071
0.50878 0.49122
0.42761 0.57239
0.59630 0.40370
0.29942 0.70058
0.96164 0.03836
0.96090 0.03910
0.49110 0.50890
0.17328 0.82672
0.24539 0.75461
0.27491 0.72509
0.28237 0.71763
0.15829 0.84171
0.94765 0.05235
0.98380 0.01620
0.50212 0.49788
0.50212 0.49788
0.43274 0.56726
0.55077 0.44923
0.99892 0.00108
0.99856 0.00144
0.99828 0.00172
0.99999 0.00001
0.99851 0.00149
0.82688 0.17312
0.99756 0.00244
0.86289 0.13711
0.99790 0.00210
0.99854 0.00146
0.98640 0.01360
0.99832 0.00168
0.80823 0.19177
0.84672 0.15328
0.99964 0.00036
0.98834 0.01166
0.98505 0.01495
0.99133 0.00867
0.50525 0.49475
0.47611 0.52389
0.94214 0.05786
0.93818 0.06182
0.30281 0.69719
0.86109 0.13891
0.24144 0.75856
0.18851 0.81149
0.99615 0.00385
0.27541 0.72459
0.85936 0.14064
0.38987 0.61013
0.91098 0.08902
0.84011 0.15989
0.91048 0.08952
0.86390 0.13610
0.99750 0.00250
0.99847 0.00153
0.99280 0.00720
0.34547 0.65453
0.40310 0.59690
0.24453 0.75547
0.84921 0.15079
0.78638 0.21362
0.02630 0.97370
0.15924 0.84076
0.13759 0.86241
0.30782 0.69218
0.07631 0.92369
0.31997 0.68003
0.85600 0.14400
0.84019 0.15981
0.83636 0.16364
0.09248 0.90752
0.32575 0.67425
0.99430 0.00570
0.60972 0.39028
0.22007 0.77993
0.91722 0.08278
0.99922 0.00078
0.56416 0.43584
0.18500 0.81500
0.41874 0.58126
0.99312 0.00688
0.41874 0.58126
0.99312 0.00688
0.41874 0.58126
0.99312 0.00688
0.98716 0.01284
0.51490 0.48510
0.09490 0.90510
0.80388 0.19612
0.18131 0.81869
0.17739 0.82261
0.17685 0.82315
0.23130 0.76870
0.63163 0.36837
0.17864 0.82136
0.77231 0.22769
0.93384 0.06616
0.59973 0.40027
0.93384 0.06616
0.51000 0.49000
0.66995 0.33005
0.26060 0.73940
0.29381 0.70619
0.78630 0.21370
0.90869 0.09131
0.23081 0.76919
0.16883 0.83117
0.38625 0.61375
0.99379 0.00621
0.98358 0.01642
0.49979 0.50021
0.44978 0.55022
0.44978 0.55022
0.52216 0.47784
0.95637 0.04363
0.47004 0.52996
0.98943 0.01057
0.97333 0.02667
0.19641 0.80359
0.14284 0.85716
0.14179 0.85821
0.26608 0.73392
0.20158 0.79842
0.63682 0.36318
0.71675 0.28325
0.66608 0.33392
0.19264 0.80736
0.58417 0.41583
0.67629 0.32371
0.16391 0.83609
0.68197 0.31803
0.68197 0.31803
0.98924 0.01076
0.33792 0.66208
0.33792 0.66208
0.46776 0.53224
0.15573 0.84427
0.62656 0.37344
0.95664 0.04336
0.95368 0.04632
0.98293 0.01707
0.89838 0.10162
0.98785 0.01215
0.81866 0.18134
0.14060 0.85940
0.99933 0.00067
0.99922 0.00078
0.90533 0.09467
0.89446 0.10554
0.99321 0.00679
0.99786 0.00214
0.72010 0.27990
0.71925 0.28075
0.80879 0.19121
0.79575 0.20425
0.86725 0.13275
0.98234 0.01766
0.92852 0.07148
0.93409 0.06591
0.93565 0.06435
0.96059 0.03941
0.94964 0.05036
0.95897 0.04103
0.96766 0.03234
0.96866 0.03134
0.95755 0.04245
0.21434 0.78566
0.19527 0.80473
0.21271 0.78729
0.23954 0.76046
0.17311 0.82689
0.16731 0.83269
0.20990 0.79010
0.38331 0.61669
0.99036 0.00964
0.99977 0.00023
0.99972 0.00028
0.99929 0.00071
0.60268 0.39732
0.54264 0.45736
0.35821 0.64179
0.99674 0.00326
0.99994 0.00006
0.20693 0.79307
0.97640 0.02360
0.12357 0.87643
0.12555 0.87445
0.65922 0.34078
0.88975 0.11025
0.55449 0.44551
0.97543 0.02457
0.97763 0.02237
0.87290 0.12710
0.52641 0.47359
0.34897 0.65103
0.36840 0.63160
0.89354 0.10646
0.99905 0.00095
0.38267 0.61733
0.40282 0.59718
0.95652 0.04348
0.86969 0.13031
0.85393 0.14607
0.30380 0.69620
0.27334 0.72666
0.99974 0.00026
0.15441 0.84559
0.99983 0.00017
0.34084 0.65916
0.97638 0.02362
0.27879 0.72121
0.96247 0.03753
0.99971 0.00029
0.99976 0.00024
0.13949 0.86051
0.19751 0.80249
0.66701 0.33299
0.20116 0.79884
0.13437 0.86563
0.14316 0.85684
0.28356 0.71644
0.30398 0.69602
0.69885 0.30115
0.75883 0.24117
0.48803 0.51197
0.19450 0.80550
0.21643 0.78357
0.08162 0.91838
0.57960 0.42040
0.18429 0.81571
0.99915 0.00085
0.31492 0.68508
0.33916 0.66084
0.34427 0.65573
0.19307 0.80693
0.86459 0.13541
0.24475 0.75525
0.38714 0.61286
0.31050 0.68950
0.99240 0.00760
0.99853 0.00147
0.17461 0.82539
0.28859 0.71141
0.45001 0.54999
0.60441 0.39559
0.60441 0.39559
0.63965 0.36035
0.67426 0.32574
0.63965 0.36035
0.69251 0.30749
0.67189 0.32811
0.98830 0.01170
0.98545 0.01455
0.58428 0.41572
0.54793 0.45207
0.73135 0.26865
0.78224 0.21776
0.88216 0.11784
0.99972 0.00028
0.77037 0.22963
0.77037 0.22963
0.88216 0.11784
0.99972 0.00028
0.77037 0.22963
0.77037 0.22963
0.88216 0.11784
0.99972 0.00028
0.77037 0.22963
0.77037 0.22963
0.88216 0.11784
0.99972 0.00028
0.77037 0.22963
0.22573 0.77427
0.25356 0.74644
0.76941 0.23059
0.55010 0.44990
0.99744 0.00256
0.67311 0.32689
0.99790 0.00210
0.79001 0.20999
0.35481 0.64519
0.31689 0.68311
0.29498 0.70502
0.78232 0.21768
0.78232 0.21768
0.29498 0.70502
0.31348 0.68652
0.93789 0.06211
0.77647 0.22353
0.42228 0.57772
0.42228 0.57772
0.48911 0.51089
0.46169 0.53831
0.85468 0.14532
0.85468 0.14532
0.68278 0.31722
0.49646 0.50354
0.87748 0.12252
0.31897 0.68103
0.31897 0.68103
0.27016 0.72984
0.99946 0.00054
0.99946 0.00054
0.31186 0.68814
0.31897 0.68103
0.31897 0.68103
0.27016 0.72984
0.39428 0.60572
0.36851 0.63149
0.20550 0.79450
0.27913 0.72087
0.73506 0.26494
0.21052 0.78948
0.17556 0.82444
0.17556 0.82444
0.85784 0.14216
0.16946 0.83054
0.25318 0.74682
0.33211 0.66789
0.83657 0.16343
0.92030 0.07970
0.99513 0.00487
0.99843 0.00157
0.19963 0.80037
0.26686 0.73314
0.14979 0.85021
0.28715 0.71285
0.32325 0.67675
0.24913 0.75087
0.80286 0.19714
0.57688 0.42312
0.20780 0.79220
0.40061 0.59939
0.12808 0.87192
0.15333 0.84667
0.84752 0.15248
0.37967 0.62033
0.65632 0.34368
0.68250 0.31750
0.99918 0.00082
0.93760 0.06240
0.96432 0.03568
0.99404 0.00596
0.87602 0.12398
0.49973 0.50027
0.08776 0.91224
0.83355 0.16645
0.41328 0.58672
0.09783 0.90217
0.10235 0.89765
0.15828 0.84172
0.17797 0.82203
0.94265 0.05735
0.28693 0.71307
0.94269 0.05731
0.98755 0.01245
0.97550 0.02450
0.77421 0.22579
0.87857 0.12143
0.76577 0.23423
0.80948 0.19052
0.86675 0.13325
0.95757 0.04243
0.97161 0.02839
0.99180 0.00820
0.15949 0.84051
0.99844 0.00156
0.98497 0.01503
0.85189 0.14811
0.55879 0.44121
0.85694 0.14306
0.98799 0.01201
0.85189 0.14811
0.55879 0.44121
0.99931 0.00069
0.99928 0.00072
0.99931 0.00069
0.99928 0.00072
0.63212 0.36788
0.76932 0.23068
0.71676 0.28324
0.67437 0.32563
0.71590 0.28410
0.67437 0.32563
0.89478 0.10522
0.95095 0.04905
0.53408 0.46592
0.61827 0.38173
0.53408 0.46592
0.61827 0.38173
0.53408 0.46592
0.61827 0.38173
0.57631 0.42369
0.37190 0.62810
0.17807 0.82193
0.17807 0.82193
0.24172 0.75828
0.39900 0.60100
0.40944 0.59056
0.29842 0.70158
0.26529 0.73471
0.36150 0.63850
0.80668 0.19332
0.44003 0.55997
0.27502 0.72498
0.48785 0.51215
0.84293 0.15707
0.98036 0.01964
0.69030 0.30970
0.95960 0.04040
0.91464 0.08536
0.91464 0.08536
0.98532 0.01468
0.82220 0.17780
0.81247 0.18753
0.99844 0.00156
0.99949 0.00051
0.99953 0.00047
0.99885 0.00115
0.99578 0.00422
0.99966 0.00034
0.14748 0.85252
0.18670 0.81330
0.14878 0.85122
0.70113 0.29887
0.21395 0.78605
0.94492 0.05508
0.96279 0.03721
0.47377 0.52623
0.36870 0.63130
0.38208 0.61792
0.30694 0.69306
0.30217 0.69783
0.48328 0.51672
0.99072 0.00928
0.29392 0.70608
0.86492 0.13508
0.18811 0.81189
0.19050 0.80950
0.14206 0.85794
0.55832 0.44168
0.34924 0.65076
0.90800 0.09200
0.59611 0.40389
0.59611 0.40389
0.45154 0.54846
0.45154 0.54846
0.99853 0.00147
0.99853 0.00147
0.45154 0.54846
0.45154 0.54846
0.59825 0.40175
0.62574 0.37426
0.43484 0.56516
0.56954 0.43046
0.40968 0.59032
0.99996 0.00004
0.66894 0.33106
0.81583 0.18417
0.86582 0.13418
0.86582 0.13418
0.39465 0.60535
0.39465 0.60535
0.47296 0.52704
0.47296 0.52704
0.39465 0.60535
0.39465 0.60535
0.47296 0.52704
0.50213 0.49787
0.99653 0.00347
0.23167 0.76833
0.23167 0.76833
0.34474 0.65526
0.25462 0.74538
0.15702 0.84298
0.54934 0.45066
0.73187 0.26813
0.55495 0.44505
0.55495 0.44505
0.15245 0.84755
0.18746 0.81254
0.98456 0.01544
0.99270 0.00730
0.94612 0.05388
0.99853 0.00147
0.25787 0.74213
0.10651 0.89349
0.22366 0.77634
0.99254 0.00746
0.75759 0.24241
0.71518 0.28482
0.65774 0.34226
0.77391 0.22609
0.78984 0.21016
0.67395 0.32605
0.16504 0.83496
0.47877 0.52123
0.47877 0.52123
0.47220 0.52780
0.47220 0.52780
0.35451 0.64549
0.35451 0.64549
0.35458 0.64542
0.35458 0.64542
0.46709 0.53291
0.47535 0.52465
0.99991 0.00009
0.50917 0.49083
0.51985 0.48015
0.99888 0.00112
0.98854 0.01146
0.95164 0.04836
0.84551 0.15449
0.54092 0.45908
0.98764 0.01236
0.98764 0.01236
0.67810 0.32190
0.67526 0.32474
0.67149 0.32851
0.69168 0.30832
0.73672 0.26328
0.57206 0.42794
0.58178 0.41822
0.85788 0.14212
0.99981 0.00019
0.99986 0.00014
0.99839 0.00161
0.96691 0.03309
0.99971 0.00029
0.86700 0.13300
0.33278 0.66722
0.96691 0.03309
0.99971 0.00029
0.99868 0.00132
0.99868 0.00132
0.99574 0.00426
1.00000 0.00000
0.11170 0.88830
0.32692 0.67308
0.63674 0.36326
0.26610 0.73390
0.99712 0.00288
0.30164 0.69836
0.99766 0.00234
0.97698 0.02302
0.11434 0.88566
0.09906 0.90094
0.24368 0.75632
0.20229 0.79771
0.87139 0.12861
0.23197 0.76803
0.99586 0.00414
0.36553 0.63447
0.84446 0.15554
0.27776 0.72224
0.72530 0.27470
0.89599 0.10401
0.90412 0.09588
0.64547 0.35453
0.62104 0.37896
0.82017 0.17983
0.30649 0.69351
0.07568 0.92432
0.07497 0.92503
0.08390 0.91610
0.08311 0.91689
0.23675 0.76325
0.21516 0.78484
0.28403 0.71597
0.25832 0.74168
0.29558 0.70442
0.26992 0.73008
0.17261 0.82739
0.16858 0.83142
0.15608 0.84392
0.30177 0.69823
0.30620 0.69380
0.94060 0.05940
0.65232 0.34768
0.33308 0.66692
0.30308 0.69692
0.26018 0.73982
0.26619 0.73381
0.26018 0.73982
0.23989 0.76011
0.23989 0.76011
0.25250 0.74750
0.18294 0.81706
0.21235 0.78765
0.41380 0.58620
0.10965 0.89035
0.99552 0.00448
0.43116 0.56884
0.99768 0.00232
0.52742 0.47258
0.99385 0.00615
0.97082 0.02918
0.99860 0.00140
0.95480 0.04520
0.99780 0.00220
0.52742 0.47258
0.99385 0.00615
0.29840 0.70160
0.76648 0.23352
0.58677 0.41323
0.96072 0.03928
0.98004 0.01996
0.96608 0.03392
0.97210 0.02790
0.92936 0.07064
0.93725 0.06275
0.90889 0.09111
0.92165 0.07835
0.32953 0.67047
0.16446 0.83554
0.21706 0.78294
0.99338 0.00662
0.25708 0.74292
0.45327 0.54673
0.05268 0.94732
0.84345 0.15655
0.17600 0.82400
0.75526 0.24474
0.14062 0.85938
0.10155 0.89845
0.79338 0.20662
0.94081 0.05919
0.19364 0.80636
0.17603 0.82397
0.30304 0.69696
0.09911 0.90089
0.13986 0.86014
0.15904 0.84096
0.14336 0.85664
0.14998 0.85002
0.16700 0.83300
0.16729 0.83271
0.18868 0.81132
0.48817 0.51183
0.51189 0.48811
0.48817 0.51183
0.52205 0.47795
0.48417 0.51583
0.18093 0.81907
0.10766 0.89234
0.11023 0.88977
0.99786 0.00214
0.99646 0.00354
0.80940 0.19060
0.99771 0.00229
0.19786 0.80214
0.25269 0.74731
0.43631 0.56369
0.75217 0.24783
0.94193 0.05807
0.31916 0.68084
0.25138 0.74862
0.91759 0.08241
0.68396 0.31604
0.29517 0.70483
0.99680 0.00320
0.97153 0.02847
0.30378 0.69622
0.25401 0.74599
0.98911 0.01089
0.13268 0.86731
0.25691 0.74309
0.22449 0.77551
0.84541 0.15459
0.41692 0.58308
0.99990 0.00010
0.11224 0.88776
0.17006 0.82994
0.29392 0.70608
0.52582 0.47418
0.26705 0.73295
0.98970 0.01030
0.10015 0.89985
0.46212 0.53788
0.19613 0.80387
0.22249 0.77751
0.68782 0.31218
0.99269 0.00731
0.87746 0.12254
0.92562 0.07438
0.98103 0.01897
0.56443 0.43557
0.17274 0.82726
0.06507 0.93493
0.55998 0.44002
0.48713 0.51287
0.74194 0.25806
0.99912 0.00088
0.55325 0.44675
0.29327 0.70673
0.19736 0.80264
0.54688 0.45312
0.78539 0.21461
0.16403 0.83597
0.16298 0.83702
0.99971 0.00029
0.19662 0.80338
0.98197 0.01803
0.20173 0.79827
0.64261 0.35739
0.85695 0.14305
0.29811 0.70189
0.27529 0.72471
0.97456 0.02544
0.31110 0.68890
0.60250 0.39750
0.83441 0.16559
0.71122 0.28878
0.68538 0.31462
0.62571 0.37429
0.96879 0.03121
0.99959 0.00041
0.99998 0.00002
0.99938 0.00062
0.46225 0.53775
0.52589 0.47411
0.38680 0.61320
0.42277 0.57723
0.53647 0.46353
0.29092 0.70908
0.41661 0.58339
0.25654 0.74346
0.36959 0.63041
0.11568 0.88432
0.85915 0.14085
0.33504 0.66496
0.63707 0.36293
0.13340 0.86660
0.27625 0.72375
0.85141 0.14859
0.76573 0.23427
0.58633 0.41367
0.76407 0.23593
0.77190 0.22810
0.60823 0.39177
0.35577 0.64423
0.25300 0.74700
0.33396 0.66604
0.34455 0.65544
0.59193 0.40807
0.76573 0.23427
0.58633 0.41367
0.76407 0.23593
0.77190 0.22810
0.60823 0.39177
0.88863 0.11137
0.95846 0.04154
0.93766 0.06234
0.88921 0.11079
0.76137 0.23863
0.52448 0.47552
0.88863 0.11137
0.95846 0.04154
0.93766 0.06234
0.88170 0.11830
0.76137 0.23863
0.52448 0.47552
0.90635 0.09365
0.90808 0.09192
0.91022 0.08978
0.58530 0.41470
0.16761 0.83239
0.15977 0.84023
0.15933 0.84067
0.86202 0.13798
0.99568 0.00432
0.20967 0.79033
0.18617 0.81383
0.62917 0.37083
0.95047 0.04953
0.19611 0.80389
0.18677 0.81323
0.99949 0.00051
0.33098 0.66902
0.99873 0.00127
0.99724 0.00276
0.51504 0.48496
0.33113 0.66887
0.75743 0.24257
0.68032 0.31968
0.12671 0.87329
0.23653 0.76347
0.62817 0.37183
0.29900 0.70100
0.17499 0.82501
0.16866 0.83134
0.16748 0.83252
0.95311 0.04689
0.96984 0.03016
0.99996 0.00004
0.99954 0.00046
0.49685 0.50315
0.56105 0.43895
0.78574 0.21426
0.84043 0.15957
0.78574 0.21426
0.84043 0.15957
0.32308 0.67692
0.36658 0.63342
0.93650 0.06350
0.93650 0.06350
0.87947 0.12053
0.87947 0.12053
0.55123 0.44877
0.55123 0.44877
0.17864 0.82136
0.35775 0.64225
0.17857 0.82143
0.31911 0.68089
0.96962 0.03038
0.88119 0.11881
0.15481 0.84519
0.39271 0.60729
0.19591 0.80409
0.99031 0.00969
0.98058 0.01942
0.99130 0.00870
0.66231 0.33769
0.66231 0.33769
0.75210 0.24790
0.75210 0.24790
0.40172 0.59828
0.40172 0.59828
0.94824 0.05176
0.94824 0.05176
0.71977 0.28023
0.71977 0.28023
0.99810 0.00190
0.10810 0.89190
0.33950 0.66050
0.67848 0.32152
0.62068 0.37932
0.52056 0.47944
0.64552 0.35448
0.30167 0.69833
0.31167 0.68833
0.26183 0.73817
0.30167 0.69833
0.75952 0.24048
0.68916 0.31084
0.77933 0.22067
0.75395 0.24605
0.71015 0.28985
0.49549 0.50451
0.99867 0.00133
0.69813 0.30187
0.89186 0.10814
0.98676 0.01324
0.83426 0.16574
0.98676 0.01324
0.89230 0.10770
0.83426 0.16574
0.34199 0.65801
0.68541 0.31459
0.65599 0.34401
0.26320 0.73680
0.49323 0.50677
0.75461 0.24539
0.18616 0.81384
0.65730 0.34270
0.15843 0.84157
0.20504 0.79496
0.07327 0.92673
0.42470 0.57530
0.78128 0.21872
0.89598 0.10402
0.57000 0.43000
0.85556 0.14444
0.54302 0.45698
0.99946 0.00054
0.48902 0.51098
0.94187 0.05812
0.05771 0.94229
0.22746 0.77254
0.96966 0.03034
0.23963 0.76037
0.21122 0.78878
0.23963 0.76037
0.21122 0.78878
0.90529 0.09471
0.82973 0.17027
0.41305 0.58695
0.59761 0.40239
0.98504 0.01496
0.94517 0.05483
0.34499 0.65501
0.99185 0.00815
0.99361 0.00639
0.29999 0.70001
0.97847 0.02153
0.99815 0.00185
0.96525 0.03475
0.96302 0.03698
0.55259 0.44741
0.99769 0.00231
0.98565 0.01435
0.99871 0.00129
0.61020 0.38980
0.99970 0.00030
0.99958 0.00042
0.36737 0.63263
0.32376 0.67624
0.07738 0.92262
0.58222 0.41778
0.45786 0.54214
0.97143 0.02857
0.95431 0.04569
0.33793 0.66207
0.57037 0.42963
0.99987 0.00013
0.99996 0.00004
0.99996 0.00004
0.85440 0.14560
0.85440 0.14560
0.61797 0.38203
0.99841 0.00159
0.38023 0.61977
0.89586 0.10414
0.38023 0.61977
0.89586 0.10414
0.48547 0.51453
0.48248 0.51752
0.99355 0.00645
0.58157 0.41843
0.67156 0.32844
0.67033 0.32967
0.78466 0.21534
0.35921 0.64079
0.38408 0.61592
0.75089 0.24911
0.72656 0.27344
0.73036 0.26964
0.27516 0.72484
0.89936 0.10064
0.29763 0.70237
0.91493 0.08507
0.89980 0.10020
0.12492 0.87508
0.14761 0.85239
0.99984 0.00016
0.15693 0.84307
0.99928 0.00072
0.99642 0.00358
0.99694 0.00306
0.99867 0.00133
0.99997 0.00003
0.85265 0.14735
0.30693 0.69307
0.76658 0.23342
0.70528 0.29472
0.72669 0.27331
0.82908 0.17092
0.21551 0.78449
0.98502 0.01498
0.17889 0.82111
0.21551 0.78449
0.71297 0.28703
0.21551 0.78449
0.98502 0.01498
0.17889 0.82111
0.21551 0.78449
0.71297 0.28703
0.99816 0.00184
0.66000 0.34000
0.99816 0.00184
0.79438 0.20562
0.15303 0.84697
0.98962 0.01038
0.99252 0.00748
0.93847 0.06153
0.97673 0.02327
0.18289 0.81711
0.22008 0.77992
0.99704 0.00296
0.99655 0.00345
0.81136 0.18864
0.97407 0.02593
0.23039 0.76961
0.99236 0.00764
0.85915 0.14085
0.98485 0.01515
0.44847 0.55153
0.99612 0.00388
0.82704 0.17296
0.99588 0.00412
0.86742 0.13258
0.98644 0.01356
0.99880 0.00120
0.99790 0.00210
0.99933 0.00067
0.99882 0.00118
0.99915 0.00085
0.99790 0.00210
0.93910 0.06090
0.95135 0.04865
0.92224 0.07776
0.94395 0.05605
0.90793 0.09207
0.85386 0.14614
0.99175 0.00825
0.41753 0.58247
0.98746 0.01254
0.86307 0.13693
0.99283 0.00717
0.83000 0.17000
0.99101 0.00899
0.55933 0.44067
0.41677 0.58323
0.37839 0.62161
0.99998 0.00002
0.81592 0.18408
0.14338 0.85662
0.72818 0.27182
0.54485 0.45515
0.68710 0.31290
0.98174 0.01826
0.50275 0.49725
0.98242 0.01758
0.68905 0.31095
0.56886 0.43114
0.71965 0.28035
0.51320 0.48680
0.68293 0.31707
0.79560 0.20440
0.12293 0.87707
0.58838 0.41162
0.75139 0.24861
0.79609 0.20391
0.63459 0.36541
0.90364 0.09636
0.96192 0.03808
0.80497 0.19503
0.44058 0.55942
0.83709 0.16291
0.81411 0.18589
0.93820 0.06180
0.09739 0.90261
0.38199 0.61801
0.44256 0.55744
0.44294 0.55706
0.50492 0.49508
0.38197 0.61803
0.44256 0.55744
0.22289 0.77711
0.21565 0.78435
0.21565 0.78435
0.21565 0.78435
0.21565 0.78435
0.15785 0.84215
0.13656 0.86344
0.22699 0.77301
0.26290 0.73710
0.25419 0.74581
0.30157 0.69843
0.32168 0.67832
0.32168 0.67832
0.25877 0.74123
0.21238 0.78762
0.33421 0.66579
0.38305 0.61695
0.33549 0.66451
0.33011 0.66989
0.38305 0.61695
0.33549 0.66451
0.41304 0.58696
0.55579 0.44421
0.48649 0.51351
0.48489 0.51511
0.44387 0.55613
0.20625 0.79375
0.18452 0.81548
0.21910 0.78090
0.40937 0.59063
0.12409 0.87591
0.08120 0.91880
0.54547 0.45453
0.57202 0.42798
0.18641 0.81359
0.45340 0.54660
0.15305 0.84695
0.47986 0.52014
0.47986 0.52014
0.51135 0.48865
0.51135 0.48865
0.13546 0.86454
0.13546 0.86454
0.33777 0.66223
0.33777 0.66223
0.13546 0.86454
0.13546 0.86454
0.11932 0.88068
0.95407 0.04593
0.94408 0.05592
0.51041 0.48959
0.47511 0.52489
0.47275 0.52725
0.52221 0.47779
0.50460 0.49540
0.99971 0.00029
0.99986 0.00014
0.98242 0.01758
0.97720 0.02280
0.98655 0.01345
0.90773 0.09227
0.95698 0.04302
0.94360 0.05640
0.94360 0.05640
0.63355 0.36645
0.47247 0.52753
0.71902 0.28098
0.75275 0.24725
0.67207 0.32793
0.90181 0.09819
0.90181 0.09819
0.91213 0.08787
0.41064 0.58936
0.41510 0.58490
0.78744 0.21256
0.99676 0.00324
0.99985 0.00015
0.77539 0.22461
0.78319 0.21681
0.64361 0.35639
0.73688 0.26312
0.73892 0.26108
0.81843 0.18157
0.80450 0.19550
0.84777 0.15223
0.83584 0.16416
0.50951 0.49049
0.32327 0.67673
0.91941 0.08059
0.42996 0.57004
0.17318 0.82682
0.30667 0.69333
0.23717 0.76283
0.98818 0.01182
0.28611 0.71389
0.99607 0.00393
0.96294 0.03706
0.96113 0.03887
0.98102 0.01898
0.20502 0.79498
0.99579 0.00421
0.99579 0.00421
0.99578 0.00422
0.99578 0.00422
0.99826 0.00174
0.99826 0.00174
0.98008 0.01992
0.98008 0.01992
0.99579 0.00421
0.99579 0.00421
0.82422 0.17578
0.96960 0.03040
0.15144 0.84856
0.67345 0.32655
0.25354 0.74646
0.81941 0.18059
0.31576 0.68424
0.99188 0.00812
0.15793 0.84207
0.61864 0.38136
0.25041 0.74959
0.74448 0.25552
0.97015 0.02985
0.88618 0.11382
0.75479 0.24521
0.30919 0.69081
0.45677 0.54323
0.87577 0.12423
0.29687 0.70313
0.99861 0.00139
0.99861 0.00139
0.99893 0.00107
0.65075 0.34925
0.65075 0.34925
0.65075 0.34925
0.65075 0.34925
0.65075 0.34925
0.65075 0.34925
0.22470 0.77530
0.67406 0.32594
0.99822 0.00178
0.94672 0.05328
0.99778 0.00222
0.99993 0.00007
0.99926 0.00074
0.10232 0.89768
0.58015 0.41985
0.34700 0.65300
0.53633 0.46367
0.71291 0.28709
0.71291 0.28709
0.22195 0.77805
0.14401 0.85599
0.86785 0.13215
0.47179 0.52821
0.99932 0.00068
0.99941 0.00059
0.93478 0.06522
0.87253 0.12747
0.44340 0.55660
0.33655 0.66345
0.28724 0.71276
0.30328 0.69672
0.19010 0.80990
0.13488 0.86512
0.73559 0.26441
0.13488 0.86512
0.73559 0.26441
0.39549 0.60451
0.32974 0.67026
0.24736 0.75264
0.29241 0.70759
0.27367 0.72633
0.39549 0.60451
0.45820 0.54180
0.39549 0.60451
0.32974 0.67026
0.24736 0.75264
0.29241 0.70759
0.27367 0.72633
0.39549 0.60451
0.45820 0.54180
0.39549 0.60451
0.32974 0.67026
0.24736 0.75264
0.29241 0.70759
0.27367 0.72633
0.39549 0.60451
0.45820 0.54180
0.96347 0.03653
0.47826 0.52174
0.87860 0.12140
0.46484 0.53516
0.72650 0.27350
0.24046 0.75954
0.85325 0.14675
0.04375 0.95625
0.25816 0.74184
0.99976 0.00024
0.23074 0.76926
0.15250 0.84750
0.77081 0.22919
0.85384 0.14616
0.70969 0.29031
0.66994 0.33006
0.60938 0.39062
0.03135 0.96865
0.16876 0.83124
0.12448 0.87552
0.23280 0.76720
0.96714 0.03286
0.19077 0.80923
0.10684 0.89316
0.16055 0.83945
0.62066 0.37934
0.33835 0.66165
0.10962 0.89038
0.10962 0.89038
0.48043 0.51957
0.48043 0.51957
0.18885 0.81115
0.44304 0.55696
0.26594 0.73406
0.25609 0.74391
0.19002 0.80998
0.73025 0.26975
0.99537 0.00463
0.28577 0.71423
0.75637 0.24363
0.77632 0.22368
0.36205 0.63795
0.99830 0.00170
0.86458 0.13542
0.99624 0.00376
0.75310 0.24690
0.10917 0.89083
0.33214 0.66786
0.32039 0.67961
0.99976 0.00024
0.78368 0.21632
0.94374 0.05626
0.57661 0.42339
0.57465 0.42535
0.80848 0.19152
0.60107 0.39893
0.32727 0.67273
0.29102 0.70898
0.71975 0.28025
0.59359 0.40641
0.53963 0.46037
0.69520 0.30480
0.23021 0.76979
0.22760 0.77240
0.28245 0.71755
0.24568 0.75432
0.50190 0.49810
0.43601 0.56399
0.41264 0.58736
0.29863 0.70137
0.90332 0.09668
0.22520 0.77480
0.99977 0.00023
0.92272 0.07728
0.58488 0.41512
0.99836 0.00164
0.99868 0.00132
0.57745 0.42255
0.99941 0.00059
0.15427 0.84573
0.97457 0.02543
0.96344 0.03656
0.39440 0.60560
0.34660 0.65340
0.97457 0.02543
0.96344 0.03656
0.39440 0.60560
0.34660 0.65340
0.99979 0.00021
0.99968 0.00032
0.48582 0.51418
0.44039 0.55961
0.48582 0.51418
0.44039 0.55961
0.97663 0.02337
0.50596 0.49404
0.99025 0.00975
0.68525 0.31475
0.99979 0.00021
0.99968 0.00032
0.17224 0.82776
0.12260 0.87740
0.51580 0.48420
0.11232 0.88768
0.63853 0.36147
0.63853 0.36147
0.96501 0.03499
0.96501 0.03499
0.96501 0.03499
0.96501 0.03499
0.37741 0.62259
0.39201 0.60799
0.67444 0.32556
0.27656 0.72344
0.38720 0.61280
0.25932 0.74068
0.10698 0.89302
0.23062 0.76938
0.18504 0.81496
0.20206 0.79794
0.41548 0.58452
0.34483 0.65517
0.34483 0.65517
0.63034 0.36966
0.19019 0.80981
0.82908 0.17092
0.82908 0.17092
0.82103 0.17897
0.82103 0.17897
0.42435 0.57565
0.42690 0.57310
0.31697 0.68303
0.31930 0.68070
0.98915 0.01085
0.98897 0.01103
0.98846 0.01154
0.98827 0.01173
0.42435 0.57565
0.42690 0.57310
0.52323 0.47677
0.99163 0.00837
0.41581 0.58419
0.93076 0.06924
0.96498 0.03502
0.99856 0.00144
0.48135 0.51865
0.54439 0.45561
0.99198 0.00802
0.58361 0.41639
0.64741 0.35259
0.73482 0.26518
0.28487 0.71513
0.37872 0.62128
0.61930 0.38070
0.84287 0.15713
0.99987 0.00013
0.56525 0.43475
0.98068 0.01932
0.36254 0.63746
0.45076 0.54924
0.99905 0.00095
0.69273 0.30727
0.34916 0.65084
0.29201 0.70799
0.29201 0.70799
0.29201 0.70799
0.29201 0.70799
0.15603 0.84397
0.75162 0.24838
0.15603 0.84397
0.75162 0.24838
0.50454 0.49546
0.63660 0.36340
0.65557 0.34443
0.82316 0.17684
0.27213 0.72787
0.22224 0.77776
0.16602 0.83398
0.19361 0.80639
0.18125 0.81875
0.27213 0.72787
0.32572 0.67428
0.17028 0.82972
0.18555 0.81445
0.15770 0.84230
0.27213 0.72787
0.22224 0.77776
0.16602 0.83398
0.19361 0.80639
0.18125 0.81875
0.27213 0.72787
0.32572 0.67428
0.17028 0.82972
0.18555 0.81445
0.15770 0.84230
0.27213 0.72787
0.22224 0.77776
0.16602 0.83398
0.19361 0.80639
0.18125 0.81875
0.27213 0.72787
0.32572 0.67428
0.17028 0.82972
0.18555 0.81445
0.15770 0.84230
0.19362 0.80638
0.16145 0.83855
0.23767 0.76233
0.33627 0.66373
0.32659 0.67341
0.86052 0.13948
0.19398 0.80602
0.64088 0.35912
0.21413 0.78587
0.18016 0.81984
0.64088 0.35912
0.21413 0.78587
0.64088 0.35912
0.21413 0.78587
0.18016 0.81984
0.64088 0.35912
0.21413 0.78587
0.43898 0.56102
0.43898 0.56102
0.99963 0.00037
0.43898 0.56102
0.43898 0.56102
0.43898 0.56102
0.99963 0.00037
0.43898 0.56102
0.87394 0.12606
0.87394 0.12606
0.51003 0.48997
0.92383 0.07617
0.51003 0.48997
0.50985 0.49015
0.94126 0.05874
0.66568 0.33432
0.68276 0.31724
0.64277 0.35723
0.67149 0.32851
0.67807 0.32193
0.52591 0.47409
0.43969 0.56031
0.72790 0.27210
0.82667 0.17333
0.80195 0.19805
0.95401 0.04599
0.96029 0.03971
0.26859 0.73141
0.26360 0.73640
0.11843 0.88157
0.25432 0.74568
0.29549 0.70451
0.99980 0.00020
0.86954 0.13046
0.99932 0.00068
0.83152 0.16848
0.83152 0.16848
0.55674 0.44326
0.55674 0.44326
0.43810 0.56190
0.43810 0.56190
0.46695 0.53305
0.46695 0.53305
0.90372 0.09628
0.95077 0.04923
0.99864 0.00136
0.99967 0.00033
0.99891 0.00109
0.90115 0.09885
0.99677 0.00323
0.91051 0.08949
0.64185 0.35815
0.93091 0.06909
0.95296 0.04704
0.58081 0.41919
0.99900 0.00100
0.99857 0.00143
0.96526 0.03474
0.97537 0.02463
0.99794 0.00206
0.99587 0.00413
0.97898 0.02102
0.89302 0.10698
0.95494 0.04506
0.92402 0.07598
0.97295 0.02705
0.63781 0.36219
0.56017 0.43983
0.95091 0.04909
0.99910 0.00090
0.93071 0.06929
0.83344 0.16656
0.94334 0.05666
0.92703 0.07297
0.92426 0.07574
0.43789 0.56211
0.29869 0.70131
0.73737 0.26263
0.09174 0.90826
0.39425 0.60576
0.19787 0.80213
0.20496 0.79504
0.91788 0.08212
0.97988 0.02012
0.30622 0.69378
0.92553 0.07447
0.75544 0.24456
0.92980 0.07020
0.30404 0.69596
0.77589 0.22411
0.35465 0.64535
0.97897 0.02103
0.99820 0.00180
0.80613 0.19387
0.99746 0.00254
0.71610 0.28390
0.99733 0.00267
0.65043 0.34957
0.99915 0.00085
0.82794 0.17206
0.99803 0.00197
0.99493 0.00507
0.99460 0.00540
0.99981 0.00019
0.99934 0.00066
0.99928 0.00072
0.57492 0.42508
0.74877 0.25123
0.12548 0.87452
0.19530 0.80470
0.78789 0.21211
0.96782 0.03218
0.29200 0.70800
0.25955 0.74045
0.94898 0.05102
0.57375 0.42625
0.87822 0.12178
0.55168 0.44832
0.93400 0.06600
0.79393 0.20607
0.86826 0.13174
0.40458 0.59542
0.99868 0.00132
0.32670 0.67330
0.35524 0.64476
0.41176 0.58824
0.32670 0.67330
0.35524 0.64476
0.41176 0.58824
0.50248 0.49752
0.16858 0.83142
0.22528 0.77472
0.22528 0.77472
0.41204 0.58796
0.20470 0.79530
0.20847 0.79153
0.25791 0.74209
0.41364 0.58636
0.32185 0.67815
0.41345 0.58655
0.32136 0.67864
0.32795 0.67205
0.30325 0.69675
0.30484 0.69516
0.38091 0.61909
0.14071 0.85929
0.32005 0.67995
0.20492 0.79508
0.15502 0.84498
0.17122 0.82878
0.65631 0.34369
0.23293 0.76707
0.29680 0.70320
0.33776 0.66224
0.57335 0.42665
0.89271 0.10729
0.12394 0.87606
0.72051 0.27949
0.72465 0.27535
0.18616 0.81384
0.90152 0.09848
0.96986 0.03014
0.97161 0.02839
0.10944 0.89056
0.99612 0.00388
0.99612 0.00388
0.54877 0.45123
0.54877 0.45123
0.54877 0.45123
0.54877 0.45123
0.99529 0.00471
0.99529 0.00471
0.99888 0.00112
0.99888 0.00112
0.98402 0.01598
0.95619 0.04381
0.99057 0.00943
0.93359 0.06641
0.31095 0.68905
0.16548 0.83452
0.31074 0.68926
0.34635 0.65365
0.09187 0.90813
0.95445 0.04555
0.96628 0.03372
0.92382 0.07618
0.94367 0.05633
0.95395 0.04605
0.78322 0.21678
0.96532 0.03468
0.82809 0.17191
0.96532 0.03468
0.82809 0.17191
0.88925 0.11075
0.91118 0.08882
0.15458 0.84542
0.11997 0.88003
0.14393 0.85607
0.11337 0.88663
0.11514 0.88486
0.06039 0.93961
0.23172 0.76828
0.06967 0.93033
0.17744 0.82256
0.17744 0.82256
0.93572 0.06428
0.89912 0.10088
0.98634 0.01366
0.77338 0.22662
0.99635 0.00365
0.68220 0.31780
0.96135 0.03865
0.97491 0.02509
0.97491 0.02509
0.97491 0.02509
0.73725 0.26275
0.25182 0.74818
0.65725 0.34275
0.95883 0.04117
0.93867 0.06133
0.99869 0.00131
0.98902 0.01098
0.99650 0.00350
0.99483 0.00517
0.30324 0.69676
0.29819 0.70181
0.85610 0.14390
0.99769 0.00231
0.99666 0.00334
0.99739 0.00261
0.99670 0.00330
0.99944 0.00056
0.99922 0.00078
0.99863 0.00137
0.33343 0.66657
0.99940 0.00060
0.39818 0.60182
0.41955 0.58045
0.28290 0.71710
0.62147 0.37853
0.29787 0.70213
0.98714 0.01286
0.62847 0.37153
0.16492 0.83508
0.99636 0.00364
0.79211 0.20789
0.99636 0.00364
0.79211 0.20789
0.87745 0.12255
0.93264 0.06736
0.38527 0.61473
0.37657 0.62343
0.38527 0.61473
0.40409 0.59591
0.38527 0.61473
0.37657 0.62343
0.38527 0.61473
0.40409 0.59591
0.30862 0.69138
0.31686 0.68314
0.15253 0.84747
0.15618 0.84382
0.20254 0.79746
0.20790 0.79210
0.26991 0.73009
0.36314 0.63686
0.57022 0.42978
0.35720 0.64280
0.34537 0.65463
0.16139 0.83861
0.80215 0.19785
0.94969 0.05031
0.97222 0.02778
0.97608 0.02392
0.97841 0.02159
0.80270 0.19730
0.98583 0.01417
0.98809 0.01191
0.72168 0.27832
0.97448 0.02552
0.79865 0.20135
0.89170 0.10830
0.92516 0.07484
0.90740 0.09260
0.94159 0.05841
0.94056 0.05944
0.77633 0.22367
0.71984 0.28016
0.95937 0.04063
0.69887 0.30113
0.98407 0.01593
0.69887 0.30113
0.98407 0.01593
0.97422 0.02578
0.20724 0.79276
0.67700 0.32300
0.67700 0.32300
0.26043 0.73957
0.39081 0.60919
0.40343 0.59657
0.30301 0.69699
0.40467 0.59533
0.53037 0.46963
0.44824 0.55176
0.54046 0.45954
0.42987 0.57013
0.58792 0.41208
0.09576 0.90424
0.10045 0.89955
0.64937 0.35063
0.61411 0.38589
0.18174 0.81826
0.99655 0.00345
0.14852 0.85148
0.98512 0.01488
0.16087 0.83913
0.46664 0.53336
0.98934 0.01066
0.46664 0.53336
0.50077 0.49923
0.09338 0.90662
0.27124 0.72876
0.98732 0.01268
0.88812 0.11188
0.99935 0.00065
0.86515 0.13485
0.99975 0.00025
0.60318 0.39682
0.54232 0.45768
0.94330 0.05670
0.13570 0.86430
0.13570 0.86430
0.67202 0.32798
0.67202 0.32798
0.23317 0.76683
0.23317 0.76683
0.99977 0.00023
0.12182 0.87818
0.47082 0.52918
0.97259 0.02741
0.70470 0.29530
0.70470 0.29530
0.23795 0.76205
0.23795 0.76205
0.15035 0.84965
0.15035 0.84965
0.94113 0.05887
0.94113 0.05887
0.21876 0.78124
0.21876 0.78124
0.40189 0.59811
0.40189 0.59811
0.21876 0.78124
0.21876 0.78124
0.94113 0.05887
0.94113 0.05887
0.40189 0.59811
0.40189 0.59811
0.52754 0.47246
0.73360 0.26640
0.71720 0.28280
0.88235 0.11765
0.69195 0.30805
0.43069 0.56931
0.59981 0.40019
0.89295 0.10705
0.86573 0.13427
0.70620 0.29380
0.18951 0.81049
0.20329 0.79671
0.86626 0.13374
0.86118 0.13882
0.99990 0.00010
0.74074 0.25926
0.73421 0.26579
0.28927 0.71073
0.52214 0.47786
0.99975 0.00025
0.12098 0.87902
0.50814 0.49186
0.39838 0.60162
0.39838 0.60162
0.54975 0.45025
0.55415 0.44585
0.99451 0.00549
0.64488 0.35512
0.73821 0.26179
0.54550 0.45450
0.99451 0.00549
0.64488 0.35512
0.94316 0.05684
0.27248 0.72752
0.14604 0.85396
0.98916 0.01084
0.32149 0.67851
0.27347 0.72653
0.44290 0.55710
0.37799 0.62201
0.45859 0.54141
0.68413 0.31587
0.52342 0.47658
0.48271 0.51729
0.42450 0.57550
0.22199 0.77801
0.71847 0.28153
0.85090 0.14910
0.97087 0.02913
0.27929 0.72071
0.20117 0.79883
0.82491 0.17509
0.83410 0.16590
0.26117 0.73883
0.68232 0.31768
0.36504 0.63496
0.09723 0.90277
0.44315 0.55685
0.81450 0.18550
0.44700 0.55300
0.14841 0.85159
0.91334 0.08666
0.85850 0.14150
0.85850 0.14150
0.97070 0.02930
0.42650 0.57350
0.50613 0.49387
0.97070 0.02930
0.42650 0.57350
0.50613 0.49387
0.82456 0.17544
0.93217 0.06783
0.94764 0.05236
0.99457 0.00543
0.99621 0.00379
0.99385 0.00615
0.42651 0.57349
0.99400 0.00600
0.22722 0.77278
0.90659 0.09341
0.28266 0.71734
0.16586 0.83414
0.53795 0.46205
0.23136 0.76864
0.60551 0.39449
0.99988 0.00012
0.98813 0.01187
0.97599 0.02402
0.50056 0.49944
0.99478 0.00522
0.99688 0.00312
0.99737 0.00263
0.90376 0.09624
0.84615 0.15385
0.90536 0.09464
0.99963 0.00037
0.99515 0.00485
0.33366 0.66634
0.96292 0.03708
0.40282 0.59718
0.24464 0.75536
0.99891 0.00109
0.28933 0.71067
0.21388 0.78612
0.99953 0.00047
0.99902 0.00098
0.33716 0.66284
0.19670 0.80330
0.99996 0.00004
0.99996 0.00004
0.35768 0.64232
0.35768 0.64232
0.35768 0.64232
0.35768 0.64232
0.99996 0.00004
0.98944 0.01056
0.93953 0.06047
0.87941 0.12059
0.46636 0.53364
0.50188 0.49812
0.59689 0.40311
0.55564 0.44436
0.68382 0.31618
0.58993 0.41007
0.97617 0.02383
0.34814 0.65186
0.45875 0.54125
0.33003 0.66997
0.30569 0.69431
0.24230 0.75770
0.25113 0.74887
0.27200 0.72800
0.09867 0.90133
0.77154 0.22846
0.30056 0.69944
0.84854 0.15146
0.38332 0.61668
0.17558 0.82442
0.71000 0.29000
0.84858 0.15142
0.27580 0.72420
0.22833 0.77167
0.20819 0.79181
0.99406 0.00594
0.99647 0.00353
0.52139 0.47861
0.52005 0.47995
0.95682 0.04318
0.32010 0.67990
0.81006 0.18994
0.28041 0.71959
0.79415 0.20585
0.95205 0.04795
0.66167 0.33833
0.99997 0.00003
0.66568 0.33432
0.99996 0.00004
0.61970 0.38030
0.99919 0.00081
0.61517 0.38483
0.99994 0.00006
0.53368 0.46632
0.99919 0.00081
0.61517 0.38483
0.99973 0.00027
0.81008 0.18992
0.99991 0.00009
0.45679 0.54321
0.50908 0.49092
0.65973 0.34027
0.65973 0.34027
0.65973 0.34027
0.65973 0.34027
0.51077 0.48923
0.46015 0.53985
0.39727 0.60273
0.69541 0.30459
0.29739 0.70261
0.58218 0.41782
0.58578 0.41422
0.61456 0.38544
0.72093 0.27907
0.72297 0.27703
0.57990 0.42010
0.54520 0.45480
0.87673 0.12327
0.64956 0.35044
0.31668 0.68332
0.97417 0.02583
0.83835 0.16165
0.65509 0.34491
0.27204 0.72796
0.82781 0.17219
0.99719 0.00281
0.99719 0.00281
0.99808 0.00192
0.99788 0.00212
0.99797 0.00203
0.99851 0.00149
0.74415 0.25585
0.69855 0.30145
0.76633 0.23367
0.72369 0.27631
0.75099 0.24901
0.70643 0.29357
0.49917 0.50083
0.47701 0.52299
0.49917 0.50083
0.47701 0.52299
0.64388 0.35612
0.64081 0.35919
0.68065 0.31935
0.67748 0.32252
0.99777 0.00223
0.99776 0.00224
0.65783 0.34217
0.65478 0.34522
0.67949 0.32051
0.67619 0.32381
0.99793 0.00207
0.99792 0.00208
0.65783 0.34217
0.65478 0.34522
0.99793 0.00207
0.99792 0.00208
0.67949 0.32051
0.67619 0.32381
0.99793 0.00207
0.99792 0.00208
0.54137 0.45863
0.56612 0.43387
0.98537 0.01463
0.54532 0.45468
0.98518 0.01482
0.56507 0.43493
0.98518 0.01482
0.66374 0.33626
0.69082 0.30918
0.76292 0.23708
0.99628 0.00372
0.33724 0.66276
0.35206 0.64794
0.61364 0.38636
0.19009 0.80991
0.99999 0.00001
0.42938 0.57062
0.42938 0.57062
0.88684 0.11316
0.99529 0.00471
0.99391 0.00609
0.89526 0.10474
0.89475 0.10525
0.78366 0.21634
0.75121 0.24879
0.70376 0.29624
0.72941 0.27059
0.68014 0.31986
0.76979 0.23021
0.86151 0.13849
0.90943 0.09057
0.88008 0.11992
0.83814 0.16186
0.90793 0.09207
0.87835 0.12165
0.90793 0.09207
0.87835 0.12165
0.45872 0.54128
0.47745 0.52255
0.49368 0.50632
0.41849 0.58151
0.43438 0.56562
0.46006 0.53994
0.48769 0.51231
0.50993 0.49007
0.27926 0.72074
0.30786 0.69214
0.42347 0.57653
0.43775 0.56225
0.46281 0.53719
0.42613 0.57387
0.29496 0.70504
0.86046 0.13954
0.09023 0.90977
0.85820 0.14180
0.14475 0.85525
0.98458 0.01542
0.95463 0.04537
0.42106 0.57894
0.82297 0.17703
0.51999 0.48001
0.57519 0.42481
0.18581 0.81419
0.42839 0.57161
0.51856 0.48144
0.24519 0.75481
0.42660 0.57340
0.49887 0.50113
0.49887 0.50113
0.11932 0.88068
0.10959 0.89041
0.99938 0.00062
0.13818 0.86182
0.99978 0.00022
0.65823 0.34177
0.99534 0.00466
0.11066 0.88934
0.71938 0.28062
0.98726 0.01274
0.68483 0.31517
0.25846 0.74154
0.91663 0.08337
0.36135 0.63866
0.34939 0.65061
0.89174 0.10826
0.36135 0.63866
0.57690 0.42310
0.70061 0.29939
0.68049 0.31951
0.68007 0.31993
0.17981 0.82019
0.99992 0.00008
0.99952 0.00048
0.99927 0.00073
0.99973 0.00027
0.47701 0.52299
0.46018 0.53982
0.89960 0.10040
0.89863 0.10137
0.47701 0.52299
0.46018 0.53982
0.89874 0.10126
0.89805 0.10195
0.34135 0.65865
0.35051 0.64949
0.80946 0.19054
0.80946 0.19054
0.99996 0.00004
0.99996 0.00004
0.99996 0.00004
0.99996 0.00004
0.99043 0.00957
0.99732 0.00268
0.12607 0.87393
0.79723 0.20277
0.30605 0.69395
0.51248 0.48752
0.89322 0.10678
0.53727 0.46273
0.53727 0.46273
0.53727 0.46273
0.53727 0.46273
0.26152 0.73848
0.26152 0.73848
0.99725 0.00275
0.99725 0.00275
0.26152 0.73848
0.26152 0.73848
0.28091 0.71909
0.92012 0.07988
0.99944 0.00056
0.99966 0.00034
0.85325 0.14675
0.98158 0.01842
0.49543 0.50457
0.49645 0.50355
0.99944 0.00056
0.65684 0.34316
0.92209 0.07791
0.99933 0.00067
0.99413 0.00587
0.97207 0.02793
0.98756 0.01244
0.96029 0.03971
0.99644 0.00356
0.99707 0.00293
0.26946 0.73054
0.31343 0.68657
0.91296 0.08704
0.93560 0.06440
0.10922 0.89078
0.17355 0.82645
0.99889 0.00111
0.16926 0.83074
0.99864 0.00136
0.99788 0.00212
0.99488 0.00512
0.97678 0.02322
0.99537 0.00463
0.36767 0.63233
0.36767 0.63233
0.62730 0.37270
0.70878 0.29122
0.69410 0.30590
0.97915 0.02085
0.96440 0.03560
0.32908 0.67092
0.95217 0.04783
0.54870 0.45130
0.62369 0.37631
0.68092 0.31908
0.53724 0.46276
0.80433 0.19567
0.66325 0.33675
0.23877 0.76123
0.40323 0.59677
0.15562 0.84438
0.12910 0.87090
0.21191 0.78809
0.14256 0.85744
0.96684 0.03316
0.22355 0.77645
0.51270 0.48730
0.50813 0.49187
0.08167 0.91833
0.83471 0.16529
0.96613 0.03387
0.99903 0.00097
0.85826 0.14174
0.68395 0.31605
0.87330 0.12670
0.87214 0.12786
0.85975 0.14025
0.83594 0.16406
0.86397 0.13603
0.61844 0.38156
0.73541 0.26459
0.38823 0.61177
0.49241 0.50759
0.77937 0.22063
0.69503 0.30497
0.69503 0.30497
0.37257 0.62743
0.11605 0.88395
0.15043 0.84957
0.98821 0.01179
0.98238 0.01762
0.20820 0.79180
0.99615 0.00385
0.03853 0.96147
0.09804 0.90196
0.88088 0.11912
0.31004 0.68996
0.99486 0.00514
0.99044 0.00956
0.99447 0.00553
0.11825 0.88175
0.84608 0.15392
0.84605 0.15395
0.88977 0.11023
0.88189 0.11811
0.26469 0.73531
0.25827 0.74173
0.60756 0.39244
0.62266 0.37734
0.63271 0.36729
0.63271 0.36729
0.87180 0.12820
0.87180 0.12820
0.65090 0.34910
0.99105 0.00895
0.83864 0.16136
0.39296 0.60704
0.72129 0.27871
0.98193 0.01807
0.12016 0.87984
0.99995 0.00005
0.99770 0.00230
0.99449 0.00551
0.38898 0.61102
0.99907 0.00093
0.31520 0.68480
0.37405 0.62595
0.99938 0.00062
0.27071 0.72929
0.77837 0.22163
0.27071 0.72929
0.77837 0.22163
0.99938 0.00062
0.99486 0.00514
0.34859 0.65141
0.99158 0.00842
0.27108 0.72892
0.99983 0.00017
0.27108 0.72892
0.99983 0.00017
0.99977 0.00023
0.99988 0.00012
0.99992 0.00008
0.52374 0.47626
0.18126 0.81874
0.26066 0.73934
0.25708 0.74292
0.80208 0.19792
0.94716 0.05284
0.84976 0.15024
0.32539 0.67461
0.88643 0.11357
0.99947 0.00053
0.99611 0.00389
0.99690 0.00310
0.85194 0.14806
0.84126 0.15874
0.81562 0.18438
0.80578 0.19422
0.64402 0.35598
0.60813 0.39187
0.59623 0.40377
0.63084 0.36916
0.59431 0.40569
0.58245 0.41755
0.79242 0.20758
0.46551 0.53449
0.50522 0.49478
0.48621 0.51379
0.50522 0.49478
0.48621 0.51379
0.36571 0.63429
0.37752 0.62248
0.21230 0.78770
0.39795 0.60205
0.09309 0.90691
0.09853 0.90147
0.42784 0.57216
0.86679 0.13321
0.41739 0.58261
0.99958 0.00042
0.93236 0.06764
0.59647 0.40353
0.68407 0.31593
0.70558 0.29442
0.68407 0.31593
0.31931 0.68069
0.28478 0.71522
0.28944 0.71056
0.27184 0.72816
0.31369 0.68631
0.55353 0.44647
0.25468 0.74532
0.21226 0.78774
0.26781 0.73219
0.46252 0.53748
0.99961 0.00039
0.89461 0.10539
0.61329 0.38671
0.54047 0.45953
0.66678 0.33322
0.08260 0.91740
0.41484 0.58516
0.82940 0.17060
0.87740 0.12260
0.37634 0.62366
0.94167 0.05833
0.39623 0.60377
0.94167 0.05833
0.39623 0.60377
0.94167 0.05833
0.39623 0.60377
0.95727 0.04273
0.88447 0.11553
0.73902 0.26098
0.80734 0.19266
0.98045 0.01955
0.82316 0.17684
0.39906 0.60094
0.97254 0.02746
0.99665 0.00335
0.26659 0.73341
0.26659 0.73341
0.26659 0.73341
0.26659 0.73341
0.31484 0.68516
0.55437 0.44563
0.55437 0.44563
0.55437 0.44563
0.55437 0.44563
0.64590 0.35410
0.42344 0.57656
0.41382 0.58618
0.86418 0.13582
0.51291 0.48709
0.98911 0.01089
0.81623 0.18377
0.46182 0.53818
0.89435 0.10565
0.99646 0.00354
0.99971 0.00029
0.89360 0.10640
0.99779 0.00221
0.91091 0.08909
0.76813 0.23187
0.61494 0.38506
0.91091 0.08909
0.76813 0.23187
0.61494 0.38506
0.47289 0.52711
0.99975 0.00025
0.90368 0.09632
0.90355 0.09645
0.80027 0.19973
0.66353 0.33647
0.28612 0.71388
0.39368 0.60632
0.53300 0.46700
0.48903 0.51097
0.99791 0.00209
0.14817 0.85183
0.96637 0.03363
0.99948 0.00052
0.20850 0.79150
0.98555 0.01445
0.98766 0.01234
0.21569 0.78431
0.18841 0.81159
0.18190 0.81810
0.22276 0.77724
0.21371 0.78629
0.83431 0.16569
0.86521 0.13479
0.99994 0.00006
0.99993 0.00007
0.99528 0.00472
0.99508 0.00492
0.99531 0.00469
0.99510 0.00490
0.99920 0.00080
0.39391 0.60609
0.37871 0.62129
0.98802 0.01198
0.32893 0.67107
0.32153 0.67847
0.27452 0.72548
0.25426 0.74574
0.25426 0.74574
0.24813 0.75187
0.85887 0.14113
0.23456 0.76544
0.23456 0.76544
0.30593 0.69407
0.30275 0.69725
0.30275 0.69725
0.28407 0.71593
0.16258 0.83742
0.68250 0.31750
0.45661 0.54339
0.38577 0.61423
0.99710 0.00290
0.37356 0.62644
0.99940 0.00060
0.37766 0.62234
0.78003 0.21997
0.78003 0.21997
0.45714 0.54286
0.99886 0.00114
0.99886 0.00114
0.45446 0.54554
0.32440 0.67560
0.99651 0.00349
0.99651 0.00349
0.22849 0.77151
0.42598 0.57402
0.42985 0.57015
0.99021 0.00979
0.69821 0.30179
0.94840 0.05160
0.35032 0.64968
0.99776 0.00224
0.99776 0.00224
0.93160 0.06840
0.26248 0.73752
0.23592 0.76408
0.31196 0.68804
0.92517 0.07483
0.91723 0.08277
0.99974 0.00026
0.10906 0.89094
0.84913 0.15087
0.94565 0.05435
0.86143 0.13857
0.86143 0.13857
0.68745 0.31255
0.15219 0.84781
0.28854 0.71146
0.22644 0.77356
0.71631 0.28369
0.28854 0.71146
0.20763 0.79237
0.20794 0.79206
0.55337 0.44663
0.73930 0.26070
0.17554 0.82446
0.63742 0.36258
0.70162 0.29838
0.08644 0.91356
0.39819 0.60181
0.30036 0.69964
0.85760 0.14240
0.99962 0.00038
0.85709 0.14291
0.91420 0.08580
0.66359 0.33641
0.17466 0.82534
0.16587 0.83413
0.66359 0.33641
0.17466 0.82534
0.16587 0.83413
0.95727 0.04273
0.99097 0.00903
0.82079 0.17921
0.88013 0.11987
0.90497 0.09503
0.91840 0.08160
0.83490 0.16510
0.86551 0.13449
0.83490 0.16510
0.86551 0.13449
0.04237 0.95763
0.12320 0.87680
0.19358 0.80642
0.61124 0.38876
0.86958 0.13042
0.86958 0.13042
0.79647 0.20353
0.79647 0.20353
0.33977 0.66023
0.33977 0.66023
0.94651 0.05349
0.66618 0.33382
0.58544 0.41456
0.56108 0.43892
0.75357 0.24643
0.25443 0.74557
0.95825 0.04175
0.73786 0.26214
0.94101 0.05899
0.43889 0.56111
0.11778 0.88222
0.99664 0.00336
0.17630 0.82370
0.38706 0.61294
0.21755 0.78245
0.31490 0.68510
0.22123 0.77877
0.97500 0.02500
0.13199 0.86801
0.13199 0.86801
0.52577 0.47423
0.97221 0.02779
0.97903 0.02097
0.95701 0.04299
0.19913 0.80087
0.28843 0.71157
0.92601 0.07399
0.32894 0.67106
0.08776 0.91224
0.43176 0.56824
0.59546 0.40454
0.99928 0.00072
0.59546 0.40454
0.99928 0.00072
0.71374 0.28626
0.99844 0.00156
0.35066 0.64934
0.22362 0.77638
0.99925 0.00075
0.67034 0.32966
0.62577 0.37423
0.99832 0.00168
0.56160 0.43840
0.98853 0.01147
0.61674 0.38326
0.99722 0.00278
0.48572 0.51428
0.99881 0.00119
0.32247 0.67753
0.48572 0.51428
0.99881 0.00119
0.32247 0.67753
0.71751 0.28249
0.99821 0.00179
0.99988 0.00012
0.94366 0.05634
0.64082 0.35918
0.94205 0.05795
0.99030 0.00970
0.96127 0.03873
0.99803 0.00197
0.99716 0.00284
0.98946 0.01054
0.93127 0.06873
0.51124 0.48876
0.95165 0.04835
0.92370 0.07630
0.67020 0.32980
0.58590 0.41410
0.66153 0.33847
0.89659 0.10341
0.83629 0.16371
0.89142 0.10858
0.86717 0.13283
0.40781 0.59219
0.86155 0.13845
0.32714 0.67286
0.64015 0.35985
0.46045 0.53955
0.99968 0.00032
0.88916 0.11084
0.82385 0.17615
0.88487 0.11513
0.84009 0.15991
0.84722 0.15278
0.99584 0.00416
0.52249 0.47751
0.34507 0.65493
0.83347 0.16653
0.99971 0.00029
0.93079 0.06921
0.95176 0.04824
0.99959 0.00041
0.51700 0.48300
0.93087 0.06913
0.79865 0.20135
0.60687 0.39313
0.21760 0.78240
0.13727 0.86273
0.48822 0.51178
0.73523 0.26477
0.78460 0.21540
0.30331 0.69669
0.73523 0.26477
0.73523 0.26477
0.82704 0.17296
0.74099 0.25901
0.31738 0.68262
0.89266 0.10734
0.99670 0.00330
0.89119 0.10881
0.18636 0.81364
0.12960 0.87040
0.85281 0.14719
0.30140 0.69860
0.99719 0.00281
0.27045 0.72955
0.96695 0.03305
0.26220 0.73780
0.28913 0.71087
0.27599 0.72401
0.17441 0.82559
0.17441 0.82559
0.30846 0.69154
0.30846 0.69154
0.06764 0.93236
0.90898 0.09102
0.14257 0.85743
0.17550 0.82450
0.17208 0.82792
0.31154 0.68846
0.28454 0.71546
0.29900 0.70100
0.28319 0.71681
0.31154 0.68846
0.28454 0.71546
0.29900 0.70100
0.28319 0.71681
0.29851 0.70149
0.99960 0.00040
0.87076 0.12924
0.86346 0.13654
0.09805 0.90195
0.34820 0.65180
0.16897 0.83103
0.49033 0.50967
0.55013 0.44987
0.72748 0.27252
0.69289 0.30711
0.79232 0.20768
0.75012 0.24988
0.75012 0.24988
0.79084 0.20916
0.63418 0.36582
0.77070 0.22930
0.79232 0.20768
0.75012 0.24988
0.75012 0.24988
0.79084 0.20916
0.63418 0.36582
0.77070 0.22930
0.79232 0.20768
0.75012 0.24988
0.75012 0.24988
0.79084 0.20916
0.63418 0.36582
0.77070 0.22930
0.80028 0.19972
0.80028 0.19972
0.86468 0.13532
0.87801 0.12199
0.43260 0.56740
0.66971 0.33029
0.77467 0.22533
0.69161 0.30839
0.66610 0.33390
0.71068 0.28932
0.83015 0.16985
0.17936 0.82064
0.92815 0.07185
0.95372 0.04628
0.95372 0.04628
0.82255 0.17745
0.57649 0.42351
0.57649 0.42351
0.96662 0.03338
0.93670 0.06330
0.99979 0.00021
0.99818 0.00182
0.49005 0.50995
0.87257 0.12743
0.87257 0.12743
0.29520 0.70480
0.95991 0.04009
0.24426 0.75574
0.94612 0.05388
0.50873 0.49127
0.99533 0.00467
0.25706 0.74294
0.98837 0.01163
0.30188 0.69812
0.99079 0.00921
0.17195 0.82805
0.17002 0.82998
0.17195 0.82805
0.17002 0.82998
0.14267 0.85733
0.19256 0.80744
0.62883 0.37117
0.49749 0.50251
0.26235 0.73765
0.25218 0.74782
0.39444 0.60556
0.97730 0.02270
0.95606 0.04394
0.98113 0.01887
0.31580 0.68420
0.32397 0.67603
0.99981 0.00019
0.99983 0.00017
0.27408 0.72592
0.31816 0.68184
0.99550 0.00450
0.99946 0.00054
0.99977 0.00023
0.97102 0.02898
0.13694 0.86306
0.14073 0.85927
0.12569 0.87431
0.12879 0.87121
0.74413 0.25587
0.22968 0.77032
0.95909 0.04091
0.17760 0.82240
0.18421 0.81579
0.17760 0.82240
0.16920 0.83080
0.16920 0.83080
0.17384 0.82616
0.17798 0.82202
0.68692 0.31308
0.99965 0.00035
0.68692 0.31308
0.97075 0.02925
0.90495 0.09505
0.99199 0.00801
0.99947 0.00053
0.99939 0.00061
0.99836 0.00164
0.99816 0.00184
0.97329 0.02671
0.99902 0.00098
0.85748 0.14252
0.88857 0.11143
0.02372 0.97628
0.17982 0.82018
0.17982 0.82018
0.13324 0.86676
0.33779 0.66221
0.33942 0.66058
0.44886 0.55114
0.30321 0.69679
0.47483 0.52517
0.56608 0.43392
0.38749 0.61251
0.24680 0.75320
0.49302 0.50698
0.34822 0.65178
0.59279 0.40721
0.49302 0.50698
0.34822 0.65178
0.59279 0.40721
0.62876 0.37124
0.58620 0.41380
0.86002 0.13998
0.84810 0.15190
0.75115 0.24885
0.56802 0.43198
0.56065 0.43935
0.48578 0.51422
0.81628 0.18372
0.09683 0.90317
0.08986 0.91014
0.80557 0.19443
0.42116 0.57884
0.93224 0.06776
0.99124 0.00876
0.99066 0.00934
0.40333 0.59667
0.40823 0.59177
0.41673 0.58327
0.60533 0.39467
0.11215 0.88785
0.48665 0.51335
0.96785 0.03215
0.96234 0.03766
0.26568 0.73432
0.35000 0.65000
0.43010 0.56990
0.96647 0.03353
0.93893 0.06107
0.99989 0.00011
0.44904 0.55096
0.99997 0.00003
0.35329 0.64671
0.35329 0.64671
0.50027 0.49973
0.41748 0.58252
0.12728 0.87272
0.16892 0.83108
0.08871 0.91129
0.14447 0.85553
0.96819 0.03181
0.13161 0.86839
0.34325 0.65675
0.97764 0.02236
0.97764 0.02236
0.79198 0.20802
0.32000 0.68000
0.97965 0.02035
0.93555 0.06445
0.99829 0.00171
0.99244 0.00756
0.99895 0.00105
0.58867 0.41133
0.96726 0.03274
0.76816 0.23184
0.16564 0.83436
0.16955 0.83045
0.18846 0.81154
0.20392 0.79608
0.09297 0.90703
0.08884 0.91116
0.18641 0.81359
0.09804 0.90196
0.53648 0.46352
0.78593 0.21407
0.99956 0.00044
0.29894 0.70106
0.17752 0.82248
0.18994 0.81006
0.79632 0.20368
0.59350 0.40650
0.37390 0.62610
0.43226 0.56774
0.43226 0.56774
0.18124 0.81876
0.18124 0.81876
0.29648 0.70352
0.58330 0.41670
0.20182 0.79818
0.23059 0.76941
0.48324 0.51676
0.42190 0.57810
0.90858 0.09142
0.26692 0.73308
0.14824 0.85176
0.12355 0.87645
0.48843 0.51157
0.48843 0.51157
0.59622 0.40378
0.60162 0.39838
0.48843 0.51157
0.48843 0.51157
0.59622 0.40378
0.60162 0.39838
0.37862 0.62138
0.28738 0.71262
0.27063 0.72937
0.40305 0.59695
0.28738 0.71262
0.27063 0.72937
0.40305 0.59695
0.47907 0.52093
0.47907 0.52093
0.59043 0.40957
0.47907 0.52093
0.47907 0.52093
0.59043 0.40957
0.29067 0.70933
0.43409 0.56591
0.43409 0.56591
0.55603 0.44397
0.43409 0.56591
0.43409 0.56591
0.55603 0.44397
0.84494 0.15506
0.99972 0.00028
0.99339 0.00661
0.99684 0.00316
0.99986 0.00014
0.86884 0.13116
0.56968 0.43032
0.98994 0.01006
0.99335 0.00665
0.89551 0.10449
0.97224 0.02776
0.98007 0.01993
0.48042 0.51958
0.63569 0.36431
0.99695 0.00305
0.38648 0.61352
0.54313 0.45687
0.56569 0.43431
0.64293 0.35707
0.99971 0.00029
0.51344 0.48656
0.63651 0.36349
0.89714 0.10286
0.99725 0.00275
0.85414 0.14586
0.53140 0.46860
0.49212 0.50788
0.98232 0.01768
0.99768 0.00232
0.82358 0.17642
0.58060 0.41940
0.86860 0.13140
0.99619 0.00381
0.06854 0.93146
0.18939 0.81061
0.47231 0.52769
0.81067 0.18933
0.81067 0.18933
0.45894 0.54106
0.94947 0.05053
0.87649 0.12351
0.42634 0.57366
0.48388 0.51612
0.48388 0.51612
0.48388 0.51612
0.49918 0.50082
0.21709 0.78291
0.18585 0.81415
0.18100 0.81900
0.69465 0.30535
0.45441 0.54559
0.45441 0.54559
0.45441 0.54559
0.45441 0.54559
0.32280 0.67720
0.22148 0.77852
0.20198 0.79802
0.50945 0.49055
0.46700 0.53300
0.17020 0.82980
0.93822 0.06178
0.17753 0.82247
0.99294 0.00706
0.81886 0.18114
0.24398 0.75602
0.77326 0.22674
0.77326 0.22674
0.99903 0.00097
0.91175 0.08825
0.24506 0.75494
0.81940 0.18060
0.21622 0.78378
0.11630 0.88370
0.99531 0.00469
0.62063 0.37937
0.99694 0.00306
0.25927 0.74073
0.23488 0.76512
0.54973 0.45027
0.60319 0.39681
0.90542 0.09458
0.92993 0.07007
0.92993 0.07007
0.92383 0.07617
0.92993 0.07007
0.92993 0.07007
0.92383 0.07617
0.77505 0.22495
0.77505 0.22495
0.90213 0.09787
0.25344 0.74656
0.82931 0.17069
0.82931 0.17069
0.83852 0.16148
0.82931 0.17069
0.82931 0.17069
0.83852 0.16148
0.99811 0.00189
0.99751 0.00249
0.97830 0.02170
0.18218 0.81782
0.21367 0.78633
0.98923 0.01077
0.35569 0.64431
0.36829 0.63171
0.88194 0.11806
0.48482 0.51518
0.93004 0.06996
0.96500 0.03500
0.62515 0.37485
0.88947 0.11053
0.96931 0.03069
0.96931 0.03069
0.88947 0.11053
0.93078 0.06922
0.86019 0.13981
0.98465 0.01535
0.82239 0.17761
0.96535 0.03465
0.37821 0.62179
0.99263 0.00737
0.99133 0.00867
0.86614 0.13386
0.77957 0.22043
0.20946 0.79054
0.75975 0.24025
0.92656 0.07344
0.77869 0.22131
0.66328 0.33672
0.49833 0.50167
0.99969 0.00031
0.99776 0.00224
0.99971 0.00029
0.99828 0.00172
0.99997 0.00003
0.99994 0.00006
0.99712 0.00288
0.99712 0.00288
0.68476 0.31524
0.68476 0.31524
0.96019 0.03981
0.96019 0.03981
0.96019 0.03981
0.59885 0.40115
0.59885 0.40115
0.59885 0.40115
0.61796 0.38204
0.51521 0.48479
0.34640 0.65360
0.35365 0.64635
0.98868 0.01132
0.38660 0.61340
0.98868 0.01132
0.38660 0.61340
0.98868 0.01132
0.38660 0.61340
0.39378 0.60622
0.39378 0.60622
0.31457 0.68543
0.31390 0.68610
0.31390 0.68610
0.29758 0.70242
0.30055 0.69945
0.30055 0.69945
0.31829 0.68171
0.99862 0.00138
0.99930 0.00070
