0.57562 0.42438
0.61482 0.38518
0.59838 0.40162
0.59178 0.40822
0.59178 0.40822
0.59510 0.40490
0.60433 0.39567
0.60650 0.39350
0.60887 0.39113
0.58736 0.41264
0.59954 0.40046
0.59854 0.40146
0.62503 0.37497
0.62890 0.37110
0.61198 0.38802
0.62153 0.37847
0.62379 0.37621
0.63738 0.36262
0.63738 0.36262
0.61679 0.38321
0.63265 0.36735
0.63715 0.36285
0.63265 0.36735
0.63715 0.36285
0.61897 0.38103
0.61566 0.38434
0.60271 0.39729
0.61727 0.38273
0.61897 0.38103
0.61566 0.38434
0.60271 0.39729
0.61727 0.38273
0.62382 0.37618
0.62467 0.37533
0.61701 0.38299
0.59197 0.40803
0.60794 0.39206
0.60075 0.39925
0.62198 0.37802
0.63116 0.36884
0.60547 0.39453
0.60490 0.39510
0.61719 0.38281
0.63488 0.36512
0.61601 0.38399
0.61226 0.38774
0.59514 0.40486
0.61994 0.38006
0.62183 0.37817
0.59436 0.40564
0.59724 0.40276
0.63915 0.36085
0.64027 0.35973
0.63915 0.36085
0.60801 0.39199
0.60889 0.39111
0.60191 0.39809
0.58845 0.41155
0.59982 0.40018
0.63270 0.36730
0.65721 0.34279
0.65501 0.34499
0.64703 0.35297
0.64499 0.35501
0.64549 0.35451
0.63771 0.36229
0.59420 0.40580
0.61720 0.38280
0.61051 0.38949
0.60997 0.39003
0.59596 0.40404
0.60187 0.39813
0.62353 0.37647
0.61442 0.38558
0.62218 0.37782
0.63141 0.36859
0.61418 0.38582
0.61530 0.38470
0.61872 0.38128
0.61872 0.38128
0.61872 0.38128
0.61872 0.38128
0.63517 0.36483
0.63517 0.36483
0.62959 0.37041
0.59736 0.40264
0.59489 0.40511
0.59489 0.40511
0.60957 0.39043
0.60630 0.39370
0.60940 0.39060
0.60600 0.39400
0.60881 0.39119
0.63692 0.36308
0.63444 0.36556
0.63677 0.36323
0.63571 0.36429
0.61984 0.38016
0.62524 0.37476
0.60228 0.39772
0.60082 0.39918
0.62390 0.37610
0.61416 0.38584
0.60148 0.39852
0.60237 0.39763
0.60122 0.39878
0.62220 0.37780
0.61594 0.38406
0.62202 0.37798
0.62265 0.37735
0.62075 0.37925
0.62145 0.37855
0.62812 0.37188
0.61496 0.38504
0.56150 0.43850
0.59434 0.40566
0.59278 0.40722
0.59788 0.40212
0.59402 0.40598
0.59904 0.40096
0.58927 0.41073
0.59626 0.40374
0.59270 0.40730
0.63449 0.36551
0.63540 0.36460
0.63386 0.36614
0.58262 0.41738
0.61613 0.38387
0.60662 0.39338
0.60341 0.39659
0.63157 0.36843
0.63157 0.36843
0.58675 0.41325
0.59678 0.40322
0.58946 0.41054
0.60406 0.39594
0.63078 0.36922
0.60418 0.39582
0.64677 0.35323
0.62623 0.37377
0.65016 0.34984
0.62894 0.37106
0.65016 0.34984
0.62894 0.37106
0.63928 0.36072
0.63715 0.36285
0.61741 0.38259
0.62170 0.37830
0.61791 0.38209
0.61448 0.38552
0.61081 0.38919
0.60075 0.39925
0.62170 0.37830
0.61161 0.38839
0.59526 0.40474
0.58719 0.41281
0.63115 0.36885
0.63499 0.36501
0.63353 0.36647
0.63540 0.36460
0.63644 0.36356
0.62878 0.37122
0.63323 0.36677
0.62919 0.37081
0.62878 0.37122
0.62020 0.37980
0.58473 0.41527
0.60893 0.39107
0.61111 0.38889
0.61619 0.38381
0.65432 0.34568
0.64930 0.35070
0.65303 0.34697
0.65244 0.34756
0.61711 0.38289
0.63990 0.36010
0.62048 0.37952
0.61305 0.38695
0.59076 0.40924
0.60327 0.39673
0.59871 0.40129
0.62219 0.37781
0.62402 0.37598
0.62388 0.37612
0.62615 0.37385
0.61848 0.38152
0.63693 0.36307
0.59711 0.40289
0.59227 0.40773
0.58846 0.41154
0.62869 0.37131
0.62918 0.37082
0.60911 0.39089
0.63720 0.36280
0.63720 0.36280
0.58947 0.41053
0.62681 0.37319
0.61957 0.38043
0.64379 0.35621
0.64233 0.35767
0.59394 0.40606
0.62678 0.37322
0.60721 0.39279
0.60536 0.39464
0.60335 0.39665
0.60131 0.39869
0.61077 0.38923
0.60434 0.39566
0.60145 0.39855
0.61787 0.38213
0.61900 0.38100
0.62041 0.37959
0.62381 0.37619
0.62381 0.37619
0.62350 0.37650
0.62585 0.37415
0.62411 0.37589
0.62585 0.37415
0.62311 0.37689
0.61236 0.38764
0.62955 0.37045
0.62449 0.37551
0.58807 0.41193
0.63829 0.36171
0.66185 0.33815
0.67076 0.32924
0.66259 0.33741
0.63157 0.36843
0.61826 0.38174
0.61578 0.38422
0.61534 0.38466
0.61668 0.38332
0.60702 0.39298
0.64310 0.35690
0.63411 0.36589
0.63165 0.36835
0.63648 0.36352
0.62988 0.37012
0.60811 0.39189
0.61952 0.38048
0.63077 0.36923
0.61952 0.38048
0.63077 0.36923
0.56966 0.43034
0.56432 0.43568
0.61595 0.38405
0.61681 0.38319
0.64058 0.35942
0.63664 0.36336
0.62835 0.37165
0.62820 0.37180
0.64576 0.35424
0.64674 0.35326
0.64576 0.35424
0.63579 0.36421
0.63627 0.36373
0.65213 0.34787
0.64242 0.35758
0.62830 0.37170
0.62830 0.37170
0.62867 0.37133
0.62867 0.37133
0.58214 0.41786
0.60485 0.39515
0.63125 0.36875
0.61904 0.38096
0.62538 0.37462
0.61688 0.38312
0.62321 0.37679
0.63110 0.36890
0.63786 0.36214
0.63287 0.36713
0.61720 0.38280
0.60301 0.39699
0.60147 0.39853
0.63593 0.36407
0.61720 0.38280
0.62089 0.37911
0.62606 0.37394
0.62054 0.37946
0.63827 0.36173
0.63251 0.36749
0.63827 0.36173
0.63251 0.36749
0.63191 0.36809
0.60898 0.39102
0.63560 0.36440
0.61892 0.38108
0.61892 0.38108
0.61348 0.38652
0.61479 0.38521
0.62038 0.37962
0.62046 0.37954
0.64075 0.35925
0.59378 0.40622
0.59216 0.40784
0.59287 0.40713
0.63851 0.36149
0.63586 0.36414
0.63586 0.36414
0.63391 0.36609
0.63918 0.36082
0.63586 0.36414
0.63586 0.36414
0.63276 0.36724
0.55956 0.44044
0.57622 0.42378
0.59419 0.40581
0.60201 0.39799
0.60053 0.39947
0.60678 0.39322
0.62114 0.37886
0.63406 0.36594
0.63313 0.36687
0.63172 0.36828
0.62274 0.37726
0.62430 0.37570
0.63787 0.36213
0.63787 0.36213
0.63787 0.36213
0.63787 0.36213
0.61099 0.38901
0.58240 0.41760
0.58240 0.41760
0.63160 0.36840
0.59921 0.40079
0.62305 0.37695
0.63915 0.36085
0.60842 0.39158
0.60842 0.39158
0.63683 0.36317
0.64189 0.35811
0.64391 0.35609
0.61850 0.38150
0.60649 0.39351
0.58194 0.41806
0.61665 0.38335
0.60355 0.39645
0.59351 0.40649
0.59351 0.40649
0.61471 0.38529
0.59570 0.40430
0.61903 0.38097
0.60244 0.39756
0.61727 0.38273
0.63015 0.36985
0.61133 0.38867
0.62301 0.37699
0.60900 0.39100
0.59415 0.40585
0.62412 0.37588
0.60873 0.39127
0.59634 0.40366
0.61169 0.38831
0.61861 0.38139
0.61635 0.38365
0.63031 0.36969
0.62464 0.37536
0.61438 0.38562
0.61411 0.38589
0.61295 0.38705
0.62719 0.37281
0.62150 0.37850
0.61125 0.38875
0.62280 0.37720
0.59156 0.40844
0.59245 0.40754
0.61723 0.38277
0.60793 0.39207
0.62833 0.37167
0.61931 0.38069
0.65043 0.34957
0.65043 0.34957
0.61008 0.38992
0.57340 0.42660
0.58054 0.41946
0.60670 0.39330
0.61873 0.38127
0.62833 0.37167
0.62845 0.37155
0.64262 0.35738
0.64117 0.35883
0.64277 0.35723
0.64132 0.35868
0.64245 0.35755
0.64245 0.35755
0.63902 0.36098
0.63902 0.36098
0.63214 0.36786
0.63222 0.36778
0.62016 0.37984
0.59085 0.40915
0.60791 0.39209
0.58244 0.41756
0.58112 0.41888
0.59013 0.40987
0.58862 0.41138
0.59013 0.40987
0.58862 0.41138
0.62331 0.37669
0.59624 0.40376
0.61899 0.38101
0.58543 0.41457
0.59083 0.40917
0.58640 0.41360
0.59182 0.40818
0.60075 0.39925
0.61469 0.38531
0.60220 0.39780
0.61648 0.38352
0.61231 0.38769
0.60486 0.39514
0.63613 0.36387
0.61351 0.38649
0.60606 0.39394
0.63727 0.36273
0.61411 0.38589
0.61524 0.38476
0.63914 0.36086
0.63418 0.36582
0.64363 0.35637
0.64612 0.35388
0.66197 0.33803
0.66197 0.33803
0.65141 0.34859
0.65141 0.34859
0.61208 0.38792
0.61800 0.38200
0.61800 0.38200
0.60960 0.39040
0.60355 0.39645
0.60954 0.39046
0.60954 0.39046
0.60076 0.39924
0.60962 0.39038
0.61747 0.38253
0.62157 0.37843
0.62100 0.37900
0.64893 0.35107
0.64893 0.35107
0.63932 0.36068
0.63932 0.36068
0.61134 0.38866
0.62707 0.37293
0.62333 0.37667
0.62343 0.37657
0.62104 0.37896
0.62157 0.37843
0.63043 0.36957
0.61602 0.38398
0.62203 0.37797
0.68707 0.31293
0.59473 0.40527
0.62382 0.37618
0.62264 0.37736
0.62818 0.37182
0.62101 0.37899
0.62172 0.37828
0.63644 0.36356
0.63377 0.36623
0.63834 0.36166
0.58068 0.41932
0.58232 0.41768
0.58034 0.41966
0.58198 0.41802
0.61685 0.38315
0.61210 0.38790
0.61914 0.38086
0.61275 0.38725
0.61115 0.38885
0.62011 0.37989
0.63475 0.36525
0.63052 0.36948
0.59856 0.40144
0.59628 0.40372
0.61977 0.38023
0.63358 0.36642
0.62066 0.37934
0.63445 0.36555
0.63512 0.36488
0.63341 0.36659
0.63341 0.36659
0.63512 0.36488
0.62972 0.37028
0.62727 0.37273
0.60112 0.39888
0.60077 0.39923
0.55982 0.44018
0.61580 0.38420
0.62130 0.37870
0.61693 0.38307
0.62707 0.37293
0.59963 0.40037
0.59412 0.40588
0.60099 0.39901
0.59563 0.40437
0.61963 0.38037
0.61638 0.38362
0.58995 0.41005
0.61215 0.38785
0.61076 0.38924
0.61633 0.38367
0.61470 0.38530
0.59328 0.40672
0.62400 0.37600
0.62059 0.37941
0.59924 0.40076
0.59916 0.40084
0.58549 0.41451
0.60239 0.39761
0.60545 0.39455
0.64897 0.35103
0.63122 0.36878
0.62536 0.37464
0.64096 0.35904
0.60557 0.39443
0.60330 0.39670
0.64190 0.35810
0.60346 0.39654
0.60181 0.39819
0.61040 0.38960
0.60402 0.39598
0.60344 0.39656
0.61065 0.38935
0.60395 0.39605
0.60105 0.39895
0.61090 0.38910
0.60924 0.39076
0.59733 0.40267
0.65202 0.34798
0.63294 0.36706
0.63469 0.36531
0.62360 0.37640
0.61465 0.38535
0.62582 0.37418
0.62919 0.37081
0.64143 0.35857
0.61979 0.38021
0.61105 0.38895
0.62174 0.37826
0.62516 0.37484
0.63716 0.36284
0.60651 0.39349
0.60087 0.39913
0.60101 0.39899
0.60045 0.39955
0.60056 0.39944
0.61626 0.38374
0.61133 0.38867
0.64334 0.35666
0.64376 0.35624
0.64821 0.35179
0.64791 0.35209
0.63859 0.36141
0.63526 0.36474
0.62731 0.37269
0.63057 0.36943
0.62731 0.37269
0.63057 0.36943
0.63276 0.36724
0.63507 0.36493
0.60092 0.39908
0.61014 0.38986
0.61546 0.38454
0.59128 0.40872
0.60871 0.39129
0.63156 0.36844
0.63468 0.36532
0.63665 0.36335
0.63910 0.36090
0.59870 0.40130
0.58998 0.41002
0.60474 0.39526
0.60504 0.39496
0.61487 0.38513
0.62142 0.37858
0.62187 0.37813
0.62605 0.37395
0.66547 0.33453
0.60886 0.39114
0.60439 0.39561
0.59915 0.40085
0.60891 0.39109
0.61695 0.38305
0.60848 0.39152
0.58680 0.41320
0.60564 0.39436
0.58436 0.41564
0.60091 0.39909
0.65693 0.34307
0.57812 0.42188
0.58364 0.41636
0.63250 0.36750
0.61841 0.38159
0.63662 0.36338
0.62639 0.37361
0.62937 0.37063
0.62101 0.37899
0.61211 0.38789
0.62006 0.37994
0.62789 0.37211
0.63044 0.36956
0.63744 0.36256
0.60457 0.39543
0.61406 0.38594
0.61896 0.38104
0.60362 0.39638
0.60645 0.39355
0.61128 0.38872
0.61203 0.38797
0.62981 0.37019
0.63053 0.36947
0.60679 0.39321
0.66744 0.33256
0.65003 0.34997
0.63843 0.36157
0.62091 0.37909
0.60144 0.39856
0.61635 0.38365
0.62441 0.37559
0.60415 0.39585
0.61902 0.38098
0.62697 0.37303
0.60694 0.39306
0.62661 0.37339
0.60426 0.39573
0.62391 0.37609
0.61831 0.38169
0.62124 0.37876
0.58311 0.41689
0.57889 0.42111
0.59019 0.40981
0.58667 0.41333
0.60900 0.39100
0.58376 0.41624
0.60501 0.39499
0.58021 0.41979
0.61329 0.38672
0.63512 0.36488
0.62019 0.37981
0.63283 0.36717
0.61561 0.38439
0.58165 0.41835
0.58515 0.41485
0.58515 0.41485
0.62609 0.37391
0.60247 0.39753
0.61540 0.38460
0.62833 0.37167
0.62936 0.37064
0.64264 0.35736
0.57697 0.42303
0.58056 0.41944
0.61402 0.38598
0.61690 0.38310
0.63844 0.36156
0.64134 0.35866
0.63848 0.36152
0.64138 0.35862
0.63764 0.36236
0.64053 0.35947
0.64152 0.35848
0.64432 0.35568
0.64604 0.35396
0.64908 0.35092
0.59886 0.40114
0.60146 0.39854
0.58571 0.41429
0.58617 0.41383
0.61038 0.38962
0.61038 0.38962
0.61830 0.38170
0.61830 0.38170
0.62042 0.37958
0.62042 0.37958
0.62367 0.37633
0.62367 0.37633
0.61958 0.38042
0.61958 0.38042
0.61653 0.38347
0.61653 0.38347
0.59080 0.40920
0.62143 0.37857
0.61306 0.38694
0.62240 0.37760
0.61421 0.38579
0.59482 0.40518
0.60946 0.39054
0.60412 0.39588
0.61976 0.38024
0.63064 0.36936
0.62825 0.37175
0.61846 0.38154
0.60596 0.39404
0.62184 0.37816
0.61990 0.38010
0.61990 0.38010
0.63754 0.36246
0.63856 0.36144
0.63866 0.36134
0.65227 0.34773
0.65338 0.34662
0.65347 0.34653
0.63961 0.36039
0.63431 0.36569
0.60914 0.39086
0.61512 0.38488
0.61042 0.38958
0.63895 0.36105
0.64326 0.35674
0.62900 0.37100
0.63796 0.36204
0.65430 0.34570
0.63925 0.36075
0.60079 0.39921
0.59664 0.40336
0.59664 0.40336
0.60079 0.39921
0.60634 0.39366
0.62648 0.37352
0.62058 0.37942
0.63739 0.36261
0.63845 0.36155
0.63439 0.36561
0.63533 0.36467
0.63469 0.36531
0.63469 0.36531
0.61669 0.38331
0.60933 0.39067
0.60171 0.39829
0.58565 0.41435
0.59452 0.40548
0.61054 0.38946
0.58098 0.41902
0.59439 0.40561
0.59145 0.40855
0.59513 0.40487
0.59226 0.40774
0.60141 0.39859
0.59482 0.40518
0.63050 0.36950
0.62654 0.37346
0.63084 0.36916
0.62698 0.37302
0.63050 0.36950
0.62654 0.37346
0.63084 0.36916
0.62698 0.37302
0.63437 0.36563
0.63052 0.36948
0.64610 0.35390
0.61609 0.38391
0.64910 0.35090
0.64470 0.35530
0.62872 0.37128
0.63221 0.36779
0.61176 0.38824
0.63873 0.36127
0.64575 0.35425
0.63873 0.36127
0.64575 0.35425
0.60649 0.39351
0.60649 0.39351
0.60649 0.39351
0.60649 0.39351
0.61739 0.38261
0.60077 0.39923
0.59281 0.40719
0.63824 0.36176
0.59757 0.40243
0.59800 0.40200
0.59487 0.40513
0.58683 0.41317
0.60624 0.39376
0.60475 0.39525
0.59660 0.40340
0.59613 0.40387
0.58820 0.41180
0.63069 0.36931
0.61330 0.38670
0.62140 0.37860
0.62948 0.37052
0.62734 0.37266
0.61750 0.38250
0.63259 0.36741
0.59883 0.40117
0.65751 0.34249
0.65027 0.34973
0.62196 0.37804
0.61234 0.38766
0.60177 0.39823
0.59560 0.40440
0.60559 0.39441
0.63272 0.36728
0.64098 0.35902
0.62696 0.37304
0.63408 0.36592
0.62771 0.37229
0.61697 0.38303
0.62405 0.37595
0.60350 0.39650
0.62909 0.37091
0.61597 0.38403
0.60504 0.39496
0.62876 0.37124
0.59783 0.40217
0.60815 0.39185
0.60815 0.39185
0.62324 0.37676
0.62692 0.37308
0.62510 0.37490
0.62628 0.37372
0.60779 0.39221
0.60650 0.39350
0.60079 0.39921
0.63585 0.36415
0.63600 0.36400
0.62913 0.37087
0.64133 0.35867
0.64107 0.35893
0.63005 0.36995
0.64993 0.35007
0.64957 0.35043
0.64398 0.35602
0.58770 0.41230
0.58706 0.41294
0.61119 0.38881
0.60447 0.39553
0.60220 0.39780
0.60398 0.39602
0.61002 0.38998
0.61071 0.38929
0.60220 0.39780
0.60398 0.39602
0.60604 0.39396
0.60604 0.39396
0.59306 0.40694
0.59920 0.40080
0.60705 0.39295
0.61083 0.38917
0.61162 0.38838
0.61083 0.38917
0.58657 0.41343
0.58475 0.41525
0.60327 0.39673
0.58243 0.41757
0.63512 0.36488
0.63995 0.36005
0.64054 0.35946
0.59883 0.40117
0.60902 0.39098
0.61732 0.38268
0.61022 0.38978
0.62568 0.37432
0.62568 0.37432
0.59663 0.40337
0.61617 0.38383
0.61517 0.38483
0.60683 0.39317
0.60446 0.39554
0.63382 0.36618
0.63045 0.36955
0.62659 0.37341
0.61103 0.38897
0.64988 0.35012
0.64939 0.35061
0.65954 0.34046
0.66193 0.33807
0.65128 0.34872
0.61377 0.38623
0.61377 0.38623
0.62182 0.37818
0.62182 0.37818
0.61411 0.38589
0.61411 0.38589
0.62297 0.37703
0.62809 0.37191
0.60079 0.39921
0.60852 0.39148
0.60852 0.39148
0.59906 0.40094
0.59906 0.40094
0.60576 0.39424
0.60576 0.39424
0.63372 0.36628
0.63285 0.36715
0.61549 0.38451
0.59114 0.40886
0.59189 0.40811
0.59407 0.40593
0.64836 0.35164
0.63116 0.36884
0.64243 0.35757
0.58833 0.41167
0.62158 0.37842
0.62410 0.37590
0.62410 0.37590
0.64386 0.35614
0.63485 0.36515
0.59900 0.40100
0.60807 0.39193
0.62203 0.37797
0.62215 0.37785
0.60545 0.39455
0.62070 0.37930
0.62082 0.37918
0.60992 0.39008
0.62644 0.37356
0.62655 0.37345
0.64323 0.35677
0.64030 0.35970
0.63348 0.36652
0.63425 0.36575
0.62410 0.37590
0.59210 0.40790
0.59181 0.40819
0.60023 0.39977
0.59879 0.40121
0.60023 0.39977
0.59879 0.40121
0.62232 0.37768
0.61064 0.38936
0.61646 0.38354
0.60608 0.39392
0.56515 0.43485
0.60594 0.39406
0.60019 0.39981
0.58130 0.41870
0.62451 0.37549
0.63535 0.36465
0.62114 0.37886
0.59133 0.40867
0.61739 0.38261
0.65180 0.34820
0.64614 0.35386
0.61571 0.38429
0.61216 0.38784
0.58228 0.41772
0.62223 0.37777
0.61890 0.38110
0.61536 0.38464
0.61536 0.38464
0.60934 0.39066
0.65424 0.34576
0.59902 0.40098
0.59590 0.40410
0.59932 0.40068
0.59855 0.40145
0.60961 0.39039
0.60760 0.39240
0.61801 0.38199
0.61695 0.38305
0.61207 0.38793
0.59890 0.40110
0.57627 0.42373
0.62711 0.37289
0.61178 0.38822
0.62348 0.37652
0.64455 0.35545
0.62720 0.37280
0.62477 0.37523
0.59911 0.40089
0.55819 0.44181
0.60390 0.39610
0.60497 0.39503
0.57320 0.42680
0.59119 0.40881
0.60329 0.39671
0.58443 0.41557
0.58658 0.41342
0.61606 0.38394
0.61378 0.38622
0.60049 0.39951
0.60049 0.39951
0.63902 0.36098
0.60788 0.39212
0.60644 0.39356
0.60788 0.39212
0.60597 0.39403
0.60788 0.39212
0.60788 0.39212
0.60644 0.39356
0.60788 0.39212
0.60597 0.39403
0.60788 0.39212
0.60788 0.39212
0.60644 0.39356
0.60788 0.39212
0.60597 0.39403
0.60788 0.39212
0.59897 0.40103
0.59586 0.40414
0.64256 0.35744
0.64240 0.35760
0.58908 0.41092
0.64093 0.35907
0.64191 0.35809
0.58658 0.41342
0.63469 0.36531
0.63827 0.36173
0.60607 0.39393
0.60201 0.39799
0.60673 0.39327
0.60254 0.39746
0.60207 0.39793
0.61352 0.38648
0.60522 0.39478
0.61352 0.38648
0.60522 0.39478
0.61318 0.38682
0.59964 0.40036
0.59460 0.40540
0.61283 0.38717
0.61027 0.38973
0.61406 0.38594
0.61283 0.38717
0.61049 0.38951
0.61344 0.38656
0.61237 0.38763
0.60841 0.39159
0.61335 0.38665
0.61237 0.38763
0.60841 0.39159
0.61335 0.38665
0.62361 0.37639
0.62361 0.37639
0.62361 0.37639
0.62361 0.37639
0.57944 0.42056
0.60939 0.39061
0.60330 0.39670
0.59706 0.40294
0.64963 0.35037
0.61252 0.38748
0.61530 0.38470
0.60419 0.39581
0.60236 0.39764
0.64881 0.35119
0.65147 0.34853
0.64682 0.35318
0.64454 0.35546
0.64535 0.35465
0.65125 0.34875
0.65065 0.34935
0.64454 0.35546
0.64535 0.35465
0.65125 0.34875
0.60602 0.39398
0.59899 0.40101
0.60416 0.39584
0.61851 0.38149
0.62311 0.37689
0.62558 0.37442
0.62128 0.37872
0.60706 0.39294
0.60465 0.39535
0.58492 0.41508
0.61177 0.38823
0.60967 0.39033
0.62383 0.37617
0.62383 0.37617
0.63524 0.36476
0.62954 0.37046
0.63095 0.36905
0.62379 0.37621
0.64047 0.35953
0.61982 0.38018
0.63685 0.36315
0.58239 0.41761
0.60972 0.39028
0.58710 0.41290
0.60205 0.39795
0.59060 0.40940
0.59553 0.40447
0.61319 0.38681
0.59929 0.40071
0.58492 0.41508
0.63494 0.36506
0.62216 0.37784
0.62547 0.37453
0.60015 0.39985
0.60854 0.39146
0.59494 0.40506
0.60346 0.39654
0.64396 0.35604
0.63576 0.36424
0.59582 0.40418
0.62105 0.37895
0.59188 0.40812
0.61212 0.38788
0.60124 0.39876
0.61774 0.38226
0.62025 0.37975
0.63011 0.36989
0.62153 0.37847
0.61585 0.38415
0.61027 0.38973
0.61027 0.38973
0.60866 0.39134
0.60612 0.39388
0.60790 0.39210
0.61599 0.38401
0.62352 0.37648
0.62352 0.37648
0.62594 0.37406
0.63200 0.36800
0.62912 0.37088
0.61785 0.38215
0.62546 0.37454
0.62044 0.37956
0.62708 0.37292
0.62942 0.37058
0.61025 0.38975
0.58401 0.41599
0.61204 0.38796
0.61960 0.38040
0.61732 0.38268
0.58985 0.41015
0.61092 0.38908
0.61599 0.38401
0.60712 0.39288
0.61160 0.38840
0.61141 0.38859
0.61723 0.38277
0.61446 0.38554
0.61878 0.38122
0.56898 0.43102
0.61010 0.38990
0.59823 0.40177
0.63490 0.36510
0.63519 0.36481
0.64747 0.35253
0.63640 0.36360
0.64588 0.35412
0.64588 0.35412
0.65109 0.34891
0.64588 0.35412
0.65109 0.34891
0.64463 0.35537
0.58190 0.41810
0.61162 0.38838
0.60631 0.39369
0.63190 0.36810
0.63190 0.36810
0.63190 0.36810
0.61348 0.38652
0.61348 0.38652
0.64008 0.35992
0.62568 0.37432
0.65241 0.34759
0.61614 0.38386
0.60487 0.39513
0.62213 0.37787
0.58259 0.41741
0.61224 0.38776
0.58724 0.41276
0.59364 0.40636
0.62466 0.37534
0.60945 0.39055
0.58485 0.41515
0.63645 0.36355
0.61866 0.38134
0.59054 0.40946
0.61938 0.38062
0.63404 0.36596
0.61938 0.38062
0.63404 0.36596
0.61938 0.38062
0.63404 0.36596
0.61938 0.38062
0.63404 0.36596
0.64850 0.35150
0.66564 0.33436
0.64850 0.35150
0.66308 0.33692
0.64436 0.35564
0.63327 0.36673
0.64526 0.35474
0.60516 0.39484
0.60254 0.39746
0.64725 0.35275
0.63611 0.36389
0.64578 0.35422
0.63153 0.36847
0.64759 0.35241
0.63810 0.36190
0.59972 0.40028
0.62014 0.37986
0.64520 0.35480
0.63656 0.36344
0.64486 0.35514
0.64486 0.35514
0.64685 0.35315
0.65575 0.34425
0.62914 0.37086
0.62914 0.37086
0.62914 0.37086
0.62155 0.37845
0.58669 0.41331
0.63365 0.36635
0.60403 0.39597
0.62480 0.37520
0.64739 0.35261
0.64739 0.35261
0.63868 0.36132
0.65003 0.34997
0.61070 0.38930
0.58091 0.41909
0.60094 0.39906
0.61778 0.38222
0.60422 0.39578
0.62042 0.37958
0.62539 0.37461
0.62032 0.37968
0.61567 0.38433
0.62058 0.37942
0.61552 0.38448
0.62042 0.37958
0.62539 0.37461
0.62032 0.37968
0.64696 0.35304
0.60060 0.39940
0.60642 0.39358
0.59568 0.40432
0.59604 0.40396
0.60178 0.39822
0.59123 0.40877
0.60358 0.39642
0.62684 0.37316
0.62761 0.37239
0.63528 0.36472
0.63332 0.36668
0.60175 0.39825
0.60565 0.39435
0.61179 0.38821
0.61222 0.38778
0.60483 0.39517
0.59699 0.40301
0.56291 0.43709
0.61014 0.38986
0.60770 0.39230
0.62333 0.37667
0.60604 0.39396
0.62368 0.37632
0.60249 0.39751
0.61820 0.38180
0.63332 0.36668
0.64816 0.35184
0.62128 0.37872
0.62128 0.37872
0.63332 0.36668
0.62594 0.37406
0.63923 0.36077
0.63424 0.36576
0.63424 0.36576
0.59552 0.40448
0.59086 0.40914
0.64311 0.35689
0.64490 0.35510
0.63926 0.36074
0.63407 0.36593
0.59908 0.40092
0.63074 0.36926
0.62284 0.37716
0.56564 0.43436
0.57329 0.42671
0.61216 0.38784
0.55179 0.44821
0.55572 0.44428
0.59262 0.40738
0.59349 0.40651
0.60486 0.39514
0.56330 0.43670
0.59957 0.40043
0.60012 0.39988
0.57333 0.42667
0.59177 0.40823
0.62931 0.37069
0.64348 0.35652
0.59914 0.40086
0.63586 0.36414
0.63337 0.36663
0.62255 0.37745
0.62255 0.37745
0.62297 0.37703
0.62490 0.37510
0.61901 0.38099
0.61376 0.38624
0.62380 0.37620
0.62356 0.37644
0.59087 0.40913
0.58856 0.41144
0.58428 0.41572
0.64141 0.35859
0.64953 0.35047
0.63572 0.36428
0.64363 0.35637
0.63162 0.36838
0.62480 0.37520
0.62285 0.37715
0.61081 0.38919
0.60114 0.39886
0.61877 0.38123
0.60939 0.39061
0.63466 0.36534
0.64488 0.35512
0.63599 0.36401
0.60637 0.39363
0.62670 0.37330
0.64567 0.35433
0.61610 0.38390
0.63652 0.36348
0.59443 0.40557
0.59703 0.40297
0.60046 0.39954
0.62812 0.37188
0.62298 0.37702
0.60560 0.39440
0.65508 0.34492
0.64683 0.35317
0.62604 0.37396
0.63559 0.36441
0.62636 0.37364
0.61701 0.38299
0.60775 0.39225
0.61364 0.38636
0.61364 0.38636
0.59937 0.40063
0.59937 0.40063
0.61364 0.38636
0.61364 0.38636
0.61364 0.38636
0.61364 0.38636
0.62522 0.37478
0.64241 0.35759
0.64241 0.35759
0.60107 0.39893
0.63847 0.36153
0.67913 0.32087
0.62903 0.37097
0.61352 0.38648
0.61810 0.38190
0.66328 0.33672
0.66130 0.33870
0.66130 0.33870
0.64568 0.35432
0.62622 0.37378
0.58868 0.41132
0.58868 0.41132
0.62355 0.37645
0.61898 0.38102
0.58565 0.41435
0.57877 0.42123
0.58547 0.41453
0.62471 0.37529
0.59935 0.40065
0.58558 0.41442
0.60656 0.39344
0.60347 0.39653
0.61401 0.38599
0.61401 0.38599
0.57801 0.42199
0.62487 0.37513
0.62761 0.37239
0.61876 0.38124
0.59512 0.40488
0.62429 0.37571
0.65391 0.34609
0.65374 0.34626
0.65846 0.34154
0.65543 0.34457
0.65070 0.34930
0.64912 0.35088
0.60515 0.39485
0.61099 0.38901
0.60042 0.39958
0.60628 0.39372
0.59949 0.40051
0.60701 0.39299
0.59006 0.40994
0.58254 0.41746
0.57629 0.42371
0.58650 0.41350
0.59280 0.40720
0.58931 0.41069
0.58931 0.41069
0.60337 0.39663
0.57895 0.42105
0.58200 0.41800
0.62522 0.37478
0.64192 0.35808
0.62162 0.37838
0.62162 0.37838
0.62162 0.37838
0.62162 0.37838
0.59392 0.40608
0.58282 0.41718
0.60588 0.39412
0.61559 0.38440
0.60968 0.39032
0.60381 0.39619
0.61064 0.38936
0.62649 0.37351
0.62387 0.37613
0.62387 0.37613
0.60425 0.39575
0.61561 0.38439
0.62272 0.37728
0.62272 0.37728
0.63306 0.36694
0.63306 0.36694
0.61490 0.38510
0.60790 0.39210
0.61713 0.38287
0.61713 0.38287
0.66017 0.33983
0.60987 0.39013
0.60987 0.39013
0.63476 0.36524
0.63182 0.36818
0.60801 0.39199
0.64255 0.35745
0.59328 0.40672
0.61458 0.38542
0.61546 0.38454
0.61238 0.38762
0.61364 0.38636
0.62143 0.37857
0.61903 0.38097
0.62771 0.37229
0.62771 0.37229
0.60161 0.39839
0.60214 0.39786
0.63150 0.36850
0.62998 0.37002
0.64595 0.35405
0.63854 0.36146
0.57332 0.42668
0.60590 0.39410
0.59832 0.40168
0.60467 0.39533
0.60779 0.39221
0.59975 0.40025
0.60817 0.39183
0.60590 0.39410
0.59832 0.40168
0.60467 0.39533
0.64885 0.35115
0.65596 0.34404
0.65589 0.34411
0.64473 0.35527
0.65211 0.34789
0.64343 0.35657
0.64155 0.35845
0.64155 0.35845
0.62003 0.37997
0.62110 0.37890
0.61960 0.38040
0.61960 0.38040
0.63344 0.36656
0.63789 0.36211
0.63627 0.36373
0.60985 0.39015
0.61528 0.38472
0.60985 0.39015
0.60805 0.39195
0.61525 0.38475
0.60805 0.39195
0.60805 0.39195
0.61525 0.38475
0.60805 0.39195
0.64733 0.35267
0.63718 0.36282
0.64782 0.35218
0.63733 0.36267
0.63347 0.36653
0.63316 0.36684
0.62402 0.37598
0.62400 0.37600
0.62396 0.37604
0.62394 0.37606
0.63966 0.36034
0.63014 0.36986
0.58406 0.41594
0.58720 0.41280
0.59268 0.40732
0.61407 0.38593
0.59579 0.40421
0.59531 0.40469
0.62528 0.37472
0.62268 0.37732
0.62706 0.37294
0.62513 0.37487
0.62454 0.37546
0.59388 0.40612
0.59170 0.40830
0.60482 0.39518
0.60009 0.39991
0.58727 0.41273
0.58505 0.41495
0.62477 0.37523
0.62728 0.37272
0.61922 0.38078
0.61922 0.38078
0.58852 0.41148
0.61363 0.38637
0.61072 0.38928
0.62776 0.37224
0.62069 0.37931
0.61813 0.38187
0.61392 0.38608
0.61816 0.38184
0.60425 0.39575
0.60139 0.39861
0.59874 0.40126
0.59877 0.40123
0.59885 0.40115
0.62678 0.37322
0.62375 0.37625
0.62378 0.37622
0.62388 0.37612
0.62646 0.37354
0.62653 0.37347
0.62660 0.37340
0.64053 0.35947
0.64053 0.35947
0.62780 0.37220
0.62780 0.37220
0.60807 0.39193
0.61486 0.38514
0.61986 0.38014
0.56942 0.43058
0.59536 0.40464
0.60346 0.39654
0.60770 0.39230
0.58912 0.41088
0.59620 0.40380
0.60175 0.39825
0.62709 0.37291
0.63054 0.36946
0.56791 0.43209
0.56607 0.43393
0.66589 0.33411
0.66880 0.33120
0.55212 0.44788
0.58067 0.41933
0.57944 0.42056
0.59843 0.40157
0.60692 0.39308
0.60692 0.39308
0.62486 0.37514
0.62040 0.37960
0.62538 0.37462
0.62402 0.37598
0.62508 0.37492
0.63897 0.36103
0.62491 0.37509
0.63013 0.36987
0.62196 0.37804
0.63125 0.36875
0.63620 0.36380
0.63937 0.36063
0.62804 0.37196
0.63580 0.36420
0.62872 0.37128
0.60182 0.39818
0.62078 0.37922
0.60726 0.39274
0.60018 0.39982
0.60578 0.39422
0.61559 0.38441
0.62473 0.37527
0.64143 0.35857
0.64217 0.35783
0.63057 0.36943
0.62513 0.37487
0.61813 0.38187
0.60815 0.39185
0.62742 0.37258
0.62359 0.37641
0.63230 0.36770
0.62456 0.37544
0.65590 0.34410
0.65339 0.34661
0.64441 0.35559
0.64673 0.35327
0.62160 0.37840
0.62581 0.37419
0.61568 0.38432
0.62587 0.37413
0.63001 0.36999
0.62004 0.37996
0.62792 0.37208
0.63314 0.36686
0.55752 0.44248
0.64875 0.35125
0.65057 0.34943
0.59411 0.40589
0.58103 0.41897
0.60166 0.39834
0.61343 0.38657
0.60072 0.39928
0.60057 0.39943
0.61757 0.38243
0.61929 0.38071
0.62611 0.37389
0.62460 0.37540
0.61700 0.38300
0.62003 0.37997
0.65141 0.34859
0.61284 0.38716
0.61157 0.38843
0.59639 0.40361
0.60193 0.39807
0.59639 0.40361
0.60193 0.39807
0.59639 0.40361
0.60193 0.39807
0.59670 0.40330
0.60068 0.39932
0.64496 0.35504
0.65108 0.34892
0.60899 0.39101
0.60903 0.39097
0.60938 0.39062
0.57269 0.42731
0.56991 0.43009
0.63632 0.36368
0.63246 0.36754
0.61030 0.38970
0.60494 0.39506
0.61030 0.38970
0.57548 0.42452
0.61293 0.38707
0.61602 0.38398
0.61443 0.38557
0.62163 0.37837
0.62208 0.37792
0.62451 0.37549
0.60158 0.39842
0.64382 0.35618
0.64052 0.35948
0.63951 0.36049
0.63225 0.36775
0.62376 0.37624
0.62376 0.37624
0.62945 0.37055
0.63025 0.36975
0.62288 0.37712
0.61921 0.38079
0.62602 0.37398
0.60078 0.39922
0.59961 0.40039
0.60701 0.39299
0.63060 0.36940
0.62837 0.37163
0.62975 0.37025
0.63264 0.36736
0.62912 0.37088
0.62689 0.37311
0.62902 0.37098
0.63181 0.36819
0.62539 0.37461
0.61330 0.38670
0.61330 0.38670
0.62680 0.37320
0.61717 0.38283
0.61717 0.38283
0.62581 0.37419
0.59517 0.40483
0.61961 0.38039
0.61372 0.38628
0.62979 0.37021
0.63478 0.36522
0.64789 0.35211
0.64674 0.35326
0.57182 0.42818
0.59352 0.40648
0.65499 0.34501
0.65539 0.34461
0.65652 0.34348
0.65689 0.34311
0.63475 0.36525
0.64796 0.35204
0.62685 0.37315
0.63870 0.36130
0.63197 0.36803
0.63061 0.36939
0.62834 0.37166
0.67313 0.32687
0.66120 0.33880
0.65396 0.34604
0.65866 0.34134
0.66020 0.33980
0.65408 0.34592
0.66550 0.33450
0.66361 0.33639
0.65734 0.34266
0.64193 0.35807
0.65530 0.34470
0.64910 0.35090
0.66067 0.33933
0.65876 0.34124
0.65292 0.34708
0.63724 0.36276
0.65902 0.34098
0.63262 0.36738
0.62061 0.37939
0.64067 0.35933
0.64163 0.35837
0.63647 0.36353
0.65057 0.34943
0.65149 0.34851
0.64674 0.35326
0.60644 0.39356
0.64804 0.35196
0.62020 0.37980
0.61319 0.38681
0.59993 0.40007
0.60063 0.39937
0.60365 0.39635
0.62152 0.37848
0.61810 0.38190
0.60588 0.39412
0.60200 0.39800
0.62252 0.37748
0.61974 0.38026
0.60619 0.39381
0.60241 0.39759
0.62329 0.37671
0.62327 0.37673
0.60695 0.39305
0.60318 0.39682
0.59231 0.40769
0.58352 0.41648
0.61134 0.38866
0.60701 0.39299
0.62363 0.37637
0.63310 0.36690
0.61716 0.38284
0.62626 0.37374
0.62161 0.37839
0.64246 0.35754
0.61735 0.38265
0.63763 0.36237
0.64477 0.35523
0.65223 0.34777
0.60674 0.39326
0.58644 0.41356
0.59480 0.40520
0.60945 0.39055
0.61230 0.38770
0.61468 0.38532
0.59278 0.40722
0.61201 0.38799
0.65056 0.34944
0.64553 0.35447
0.64040 0.35960
0.60455 0.39545
0.60672 0.39328
0.57150 0.42850
0.57858 0.42142
0.60936 0.39064
0.61959 0.38041
0.58647 0.41353
0.60778 0.39222
0.61584 0.38416
0.59797 0.40203
0.61970 0.38030
0.59003 0.40997
0.60590 0.39410
0.57842 0.42158
0.59924 0.40076
0.61063 0.38937
0.59749 0.40251
0.60877 0.39123
0.60519 0.39481
0.61863 0.38137
0.61863 0.38137
0.62700 0.37300
0.61800 0.38200
0.62700 0.37300
0.61723 0.38277
0.59936 0.40064
0.59198 0.40802
0.59574 0.40426
0.61073 0.38927
0.61158 0.38842
0.60894 0.39106
0.61838 0.38162
0.61809 0.38191
0.63026 0.36974
0.61890 0.38110
0.61890 0.38110
0.61809 0.38191
0.63026 0.36974
0.61890 0.38110
0.61890 0.38110
0.61809 0.38191
0.63026 0.36974
0.61890 0.38110
0.61890 0.38110
0.61809 0.38191
0.63026 0.36974
0.61890 0.38110
0.59475 0.40525
0.61440 0.38560
0.61530 0.38470
0.61326 0.38674
0.66792 0.33208
0.66298 0.33702
0.67708 0.32292
0.67145 0.32855
0.60583 0.39417
0.60292 0.39708
0.60375 0.39625
0.60579 0.39421
0.60579 0.39421
0.60375 0.39625
0.60316 0.39684
0.59706 0.40294
0.60153 0.39847
0.58818 0.41182
0.58818 0.41182
0.58870 0.41130
0.58862 0.41138
0.59003 0.40997
0.59003 0.40997
0.57562 0.42438
0.61762 0.38238
0.62015 0.37985
0.63686 0.36314
0.63686 0.36314
0.63130 0.36870
0.63954 0.36046
0.63954 0.36046
0.63185 0.36815
0.63686 0.36314
0.63686 0.36314
0.63130 0.36870
0.60148 0.39852
0.60231 0.39769
0.61775 0.38225
0.61966 0.38034
0.61442 0.38558
0.63078 0.36922
0.62826 0.37174
0.62826 0.37174
0.65818 0.34182
0.64198 0.35802
0.63816 0.36184
0.64743 0.35257
0.64812 0.35188
0.65756 0.34244
0.65005 0.34995
0.65945 0.34055
0.63616 0.36384
0.64543 0.35457
0.60351 0.39649
0.61617 0.38383
0.60736 0.39264
0.60568 0.39432
0.65265 0.34735
0.64510 0.35490
0.64077 0.35923
0.64675 0.35325
0.64318 0.35682
0.62027 0.37973
0.63240 0.36760
0.60871 0.39129
0.61790 0.38210
0.65963 0.34037
0.65703 0.34297
0.65438 0.34562
0.61976 0.38024
0.62848 0.37152
0.63781 0.36219
0.63656 0.36344
0.59323 0.40677
0.60935 0.39065
0.62479 0.37521
0.60432 0.39568
0.59526 0.40474
0.60114 0.39886
0.62428 0.37572
0.62478 0.37522
0.62561 0.37439
0.63385 0.36615
0.59252 0.40748
0.64638 0.35362
0.59122 0.40878
0.62027 0.37973
0.60950 0.39050
0.63614 0.36386
0.64070 0.35930
0.62142 0.37858
0.62812 0.37188
0.65852 0.34148
0.61023 0.38977
0.62163 0.37837
0.61030 0.38970
0.61258 0.38742
0.60123 0.39877
0.62398 0.37602
0.61465 0.38535
0.61258 0.38742
0.60123 0.39877
0.64021 0.35979
0.63818 0.36182
0.64021 0.35979
0.63818 0.36182
0.63114 0.36886
0.62004 0.37996
0.61944 0.38056
0.62255 0.37745
0.62185 0.37815
0.62255 0.37745
0.62128 0.37872
0.61636 0.38364
0.62799 0.37201
0.62785 0.37215
0.62799 0.37201
0.62785 0.37215
0.62799 0.37201
0.62785 0.37215
0.62289 0.37711
0.60181 0.39819
0.60377 0.39623
0.60377 0.39623
0.62548 0.37452
0.63489 0.36511
0.63550 0.36450
0.61764 0.38236
0.61504 0.38496
0.63446 0.36554
0.63245 0.36755
0.62675 0.37325
0.59226 0.40774
0.59733 0.40267
0.58291 0.41709
0.58629 0.41371
0.57818 0.42182
0.58684 0.41316
0.60490 0.39510
0.60490 0.39510
0.61336 0.38664
0.63171 0.36829
0.63605 0.36395
0.66161 0.33839
0.65493 0.34507
0.65841 0.34159
0.65864 0.34136
0.64851 0.35149
0.65537 0.34463
0.60105 0.39895
0.60221 0.39779
0.61842 0.38158
0.63253 0.36747
0.62739 0.37261
0.65603 0.34397
0.65767 0.34233
0.61677 0.38323
0.63252 0.36748
0.62339 0.37661
0.63416 0.36584
0.63499 0.36501
0.62078 0.37922
0.62058 0.37942
0.63755 0.36245
0.58974 0.41026
0.61762 0.38238
0.62283 0.37717
0.58098 0.41902
0.62488 0.37512
0.62962 0.37038
0.62698 0.37302
0.63236 0.36764
0.63236 0.36764
0.62805 0.37195
0.62805 0.37195
0.63642 0.36358
0.63642 0.36358
0.62805 0.37195
0.62805 0.37195
0.63215 0.36785
0.63128 0.36872
0.57149 0.42851
0.62109 0.37891
0.61546 0.38454
0.66367 0.33633
0.64994 0.35006
0.65449 0.34551
0.59195 0.40805
0.59195 0.40805
0.59037 0.40963
0.59037 0.40963
0.59491 0.40509
0.59491 0.40509
0.59037 0.40963
0.59037 0.40963
0.59491 0.40509
0.59481 0.40519
0.61053 0.38947
0.60764 0.39236
0.60764 0.39236
0.62013 0.37987
0.61444 0.38556
0.57530 0.42470
0.59440 0.40560
0.59895 0.40105
0.61724 0.38276
0.61724 0.38276
0.60448 0.39552
0.59971 0.40029
0.58932 0.41068
0.63990 0.36010
0.62006 0.37994
0.62969 0.37031
0.62653 0.37347
0.62123 0.37877
0.60639 0.39361
0.61466 0.38534
0.62223 0.37777
0.61937 0.38063
0.61392 0.38608
0.61407 0.38593
0.62193 0.37807
0.60184 0.39816
0.62392 0.37608
0.62047 0.37953
0.62047 0.37953
0.61481 0.38519
0.61481 0.38519
0.60034 0.39966
0.60034 0.39966
0.60514 0.39486
0.60514 0.39486
0.59909 0.40091
0.60396 0.39604
0.61334 0.38666
0.60628 0.39372
0.61150 0.38850
0.61670 0.38330
0.60669 0.39331
0.63049 0.36951
0.57814 0.42186
0.64026 0.35974
0.64200 0.35800
0.64200 0.35800
0.61188 0.38812
0.60906 0.39094
0.61204 0.38796
0.60907 0.39093
0.61759 0.38241
0.63445 0.36555
0.63384 0.36616
0.61564 0.38436
0.67140 0.32860
0.66041 0.33959
0.64709 0.35291
0.65676 0.34324
0.64562 0.35438
0.64647 0.35353
0.63279 0.36721
0.65676 0.34324
0.64562 0.35438
0.66812 0.33188
0.66812 0.33188
0.66553 0.33447
0.66028 0.33972
0.60142 0.39858
0.62142 0.37858
0.63127 0.36873
0.62025 0.37975
0.62613 0.37387
0.61580 0.38420
0.62932 0.37068
0.62055 0.37945
0.55117 0.44883
0.57070 0.42930
0.59544 0.40456
0.59543 0.40457
0.61708 0.38292
0.63217 0.36783
0.60550 0.39450
0.64881 0.35119
0.65973 0.34027
0.61481 0.38519
0.62462 0.37538
0.63629 0.36371
0.61359 0.38641
0.62977 0.37023
0.60478 0.39522
0.62596 0.37404
0.61384 0.38616
0.60627 0.39373
0.60420 0.39580
0.60544 0.39456
0.60337 0.39663
0.62761 0.37239
0.62508 0.37492
0.62903 0.37097
0.62650 0.37350
0.62949 0.37051
0.62699 0.37301
0.58703 0.41297
0.58530 0.41470
0.59061 0.40939
0.60386 0.39614
0.58459 0.41541
0.60657 0.39343
0.61707 0.38293
0.60790 0.39210
0.60403 0.39597
0.60239 0.39761
0.60203 0.39797
0.60239 0.39761
0.60021 0.39979
0.60021 0.39979
0.60004 0.39996
0.58583 0.41417
0.59215 0.40785
0.58941 0.41059
0.62274 0.37726
0.61919 0.38081
0.63357 0.36643
0.65529 0.34471
0.62930 0.37070
0.64786 0.35214
0.64329 0.35671
0.66247 0.33753
0.63259 0.36741
0.65204 0.34796
0.62930 0.37070
0.64786 0.35214
0.57953 0.42047
0.62333 0.37667
0.59032 0.40968
0.68163 0.31837
0.68963 0.31037
0.68522 0.31478
0.67788 0.32212
0.65010 0.34990
0.65233 0.34767
0.64858 0.35142
0.64236 0.35764
0.61908 0.38092
0.63066 0.36934
0.63552 0.36448
0.62667 0.37333
0.55883 0.44118
0.58930 0.41070
0.57944 0.42056
0.62743 0.37257
0.62786 0.37214
0.63503 0.36497
0.59762 0.40238
0.59398 0.40602
0.58271 0.41729
0.58952 0.41048
0.59226 0.40774
0.59377 0.40623
0.63209 0.36791
0.57186 0.42814
0.61705 0.38295
0.61166 0.38834
0.60542 0.39458
0.60181 0.39819
0.60478 0.39522
0.59693 0.40307
0.59850 0.40150
0.61671 0.38329
0.61465 0.38535
0.61671 0.38329
0.62595 0.37405
0.62184 0.37816
0.63823 0.36177
0.61596 0.38404
0.60049 0.39951
0.64172 0.35828
0.63139 0.36861
0.64449 0.35551
0.64049 0.35951
0.59108 0.40892
0.59604 0.40396
0.63826 0.36174
0.60833 0.39167
0.61012 0.38988
0.62136 0.37864
0.62143 0.37857
0.61866 0.38134
0.62936 0.37064
0.62899 0.37101
0.63333 0.36667
0.61904 0.38096
0.62736 0.37264
0.57644 0.42356
0.62297 0.37703
0.61053 0.38947
0.61604 0.38396
0.60839 0.39161
0.62168 0.37832
0.61420 0.38580
0.65487 0.34513
0.57769 0.42231
0.58457 0.41543
0.60080 0.39920
0.60182 0.39818
0.59755 0.40245
0.59915 0.40085
0.58620 0.41380
0.58259 0.41741
0.60246 0.39754
0.61058 0.38942
0.60262 0.39738
0.62188 0.37812
0.61686 0.38314
0.62178 0.37822
0.61118 0.38882
0.61397 0.38603
0.57310 0.42690
0.56916 0.43084
0.63641 0.36359
0.63287 0.36713
0.64327 0.35673
0.63842 0.36158
0.63362 0.36638
0.64180 0.35820
0.63614 0.36386
0.63465 0.36535
0.64504 0.35496
0.62861 0.37139
0.62525 0.37475
0.63882 0.36118
0.60811 0.39189
0.61961 0.38039
0.61216 0.38784
0.61622 0.38378
0.62552 0.37448
0.61907 0.38093
0.60345 0.39655
0.61442 0.38558
0.60688 0.39312
0.60957 0.39043
0.61871 0.38129
0.61309 0.38691
0.61023 0.38977
0.61806 0.38194
0.61443 0.38557
0.65203 0.34797
0.65768 0.34232
0.64264 0.35736
0.62956 0.37044
0.63420 0.36580
0.62289 0.37711
0.62225 0.37775
0.62560 0.37440
0.62005 0.37995
0.63778 0.36222
0.61945 0.38055
0.63712 0.36288
0.59795 0.40205
0.62298 0.37702
0.61877 0.38123
0.62078 0.37922
0.61549 0.38451
0.60335 0.39665
0.60769 0.39231
0.61730 0.38270
0.61116 0.38884
0.61706 0.38294
0.61482 0.38518
0.61206 0.38794
0.61279 0.38721
0.60675 0.39325
0.61233 0.38767
0.61029 0.38971
0.60887 0.39113
0.61730 0.38270
0.61116 0.38884
0.61706 0.38294
0.61482 0.38518
0.61206 0.38794
0.62557 0.37443
0.61996 0.38004
0.62386 0.37614
0.62190 0.37810
0.61494 0.38506
0.61850 0.38150
0.62557 0.37443
0.61996 0.38004
0.62386 0.37614
0.62248 0.37752
0.61494 0.38506
0.61850 0.38150
0.62844 0.37156
0.63041 0.36959
0.63046 0.36954
0.62782 0.37218
0.62218 0.37782
0.61906 0.38094
0.61707 0.38293
0.62452 0.37548
0.61859 0.38141
0.62013 0.37987
0.61284 0.38716
0.59083 0.40917
0.58832 0.41168
0.59019 0.40981
0.58541 0.41459
0.63687 0.36312
0.62405 0.37595
0.62792 0.37208
0.61859 0.38141
0.61451 0.38549
0.62359 0.37641
0.66111 0.33889
0.65173 0.34827
0.63780 0.36220
0.62432 0.37568
0.61188 0.38812
0.60173 0.39827
0.59099 0.40901
0.58757 0.41243
0.59521 0.40479
0.65684 0.34316
0.66150 0.33850
0.65911 0.34089
0.66188 0.33812
0.65074 0.34925
0.65534 0.34466
0.62903 0.37097
0.63305 0.36695
0.62903 0.37097
0.63305 0.36695
0.62380 0.37620
0.62776 0.37224
0.66862 0.33138
0.66862 0.33138
0.62750 0.37250
0.62750 0.37250
0.62261 0.37739
0.62261 0.37739
0.58782 0.41218
0.59013 0.40987
0.58526 0.41474
0.58765 0.41235
0.61453 0.38547
0.61818 0.38182
0.61656 0.38344
0.62104 0.37896
0.60096 0.39904
0.60483 0.39517
0.60250 0.39750
0.61821 0.38179
0.60790 0.39210
0.60790 0.39210
0.62610 0.37390
0.62610 0.37390
0.61533 0.38467
0.61533 0.38467
0.62367 0.37633
0.62367 0.37633
0.62333 0.37667
0.62333 0.37667
0.61889 0.38111
0.59627 0.40373
0.60796 0.39204
0.58816 0.41184
0.61014 0.38986
0.60297 0.39703
0.60956 0.39044
0.60283 0.39717
0.60472 0.39528
0.59792 0.40208
0.60283 0.39717
0.62742 0.37258
0.61942 0.38058
0.62679 0.37321
0.61969 0.38031
0.64213 0.35787
0.59174 0.40826
0.61948 0.38052
0.61334 0.38666
0.63098 0.36902
0.65454 0.34546
0.65138 0.34862
0.65454 0.34546
0.65742 0.34258
0.65138 0.34862
0.59335 0.40665
0.65501 0.34499
0.65153 0.34847
0.62035 0.37965
0.61110 0.38890
0.62545 0.37455
0.61239 0.38761
0.60026 0.39974
0.59745 0.40255
0.59971 0.40029
0.58365 0.41635
0.59463 0.40537
0.61957 0.38043
0.61305 0.38695
0.65160 0.34840
0.64646 0.35354
0.64623 0.35377
0.65483 0.34517
0.64103 0.35897
0.61449 0.38551
0.56142 0.43858
0.59461 0.40539
0.61308 0.38692
0.60311 0.39689
0.58712 0.41288
0.60311 0.39689
0.58712 0.41288
0.61315 0.38685
0.59657 0.40343
0.63493 0.36507
0.63239 0.36761
0.65386 0.34614
0.63188 0.36812
0.61138 0.38862
0.62280 0.37720
0.59947 0.40053
0.60715 0.39285
0.65712 0.34288
0.63571 0.36429
0.66679 0.33321
0.66880 0.33120
0.65763 0.34237
0.65244 0.34756
0.65839 0.34161
0.64758 0.35242
0.66672 0.33328
0.66081 0.33919
0.61673 0.38327
0.62520 0.37480
0.55662 0.44338
0.59608 0.40392
0.59974 0.40026
0.59491 0.40509
0.60071 0.39929
0.59582 0.40418
0.58781 0.41219
0.59343 0.40657
0.66682 0.33318
0.63512 0.36488
0.63512 0.36488
0.62828 0.37172
0.62828 0.37172
0.61790 0.38210
0.62309 0.37691
0.61550 0.38450
0.61762 0.38238
0.61550 0.38450
0.61762 0.38238
0.63296 0.36704
0.63355 0.36645
0.60859 0.39141
0.60371 0.39629
0.60932 0.39068
0.60611 0.39389
0.60808 0.39192
0.60914 0.39086
0.60796 0.39204
0.61033 0.38967
0.60320 0.39680
0.59797 0.40203
0.64416 0.35584
0.65496 0.34504
0.63988 0.36012
0.65053 0.34947
0.66273 0.33727
0.65324 0.34676
0.65248 0.34752
0.65371 0.34629
0.65833 0.34167
0.67106 0.32894
0.66470 0.33530
0.66391 0.33609
0.65989 0.34011
0.67230 0.32770
0.60706 0.39294
0.60733 0.39267
0.60162 0.39838
0.60283 0.39717
0.58628 0.41372
0.59753 0.40247
0.62793 0.37207
0.60806 0.39194
0.60248 0.39752
0.62793 0.37207
0.62961 0.37039
0.62793 0.37207
0.60806 0.39194
0.60248 0.39752
0.62793 0.37207
0.62961 0.37039
0.61386 0.38614
0.60813 0.39187
0.61386 0.38614
0.62457 0.37543
0.62253 0.37747
0.60941 0.39059
0.63742 0.36258
0.58205 0.41795
0.61092 0.38908
0.59241 0.40759
0.59462 0.40538
0.64080 0.35920
0.63382 0.36618
0.62741 0.37259
0.61970 0.38030
0.62975 0.37025
0.62581 0.37419
0.61875 0.38125
0.61170 0.38830
0.62294 0.37706
0.61830 0.38170
0.62740 0.37260
0.62149 0.37851
0.63090 0.36910
0.62391 0.37609
0.62473 0.37527
0.62624 0.37376
0.62022 0.37978
0.62951 0.37049
0.63336 0.36664
0.62624 0.37376
0.60214 0.39786
0.59339 0.40661
0.59947 0.40053
0.60767 0.39233
0.60159 0.39841
0.62252 0.37748
0.60706 0.39294
0.62687 0.37313
0.61315 0.38685
0.62262 0.37738
0.60714 0.39286
0.62215 0.37785
0.60674 0.39326
0.63021 0.36979
0.60556 0.39444
0.60627 0.39373
0.64521 0.35479
0.63518 0.36482
0.61085 0.38915
0.62243 0.37757
0.62397 0.37603
0.61647 0.38353
0.61249 0.38751
0.64226 0.35774
0.61966 0.38034
0.62540 0.37460
0.61862 0.38138
0.62953 0.37047
0.62678 0.37322
0.58500 0.41500
0.58371 0.41629
0.58723 0.41277
0.60780 0.39220
0.61018 0.38982
0.63417 0.36583
0.63140 0.36860
0.60499 0.39501
0.60731 0.39269
0.59625 0.40375
0.59107 0.40893
0.60601 0.39399
0.60508 0.39492
0.61336 0.38664
0.60733 0.39267
0.61246 0.38754
0.61454 0.38546
0.61317 0.38683
0.61651 0.38349
0.61204 0.38796
0.61454 0.38546
0.63920 0.36080
0.61711 0.38289
0.61711 0.38289
0.61711 0.38289
0.61711 0.38289
0.61827 0.38173
0.61331 0.38669
0.61282 0.38718
0.61976 0.38024
0.61533 0.38467
0.62084 0.37916
0.61586 0.38414
0.61586 0.38414
0.61093 0.38907
0.61576 0.38424
0.60839 0.39161
0.61026 0.38974
0.60658 0.39342
0.60708 0.39292
0.61026 0.38974
0.60658 0.39342
0.61559 0.38441
0.62010 0.37990
0.61622 0.38378
0.61813 0.38187
0.57824 0.42176
0.58717 0.41283
0.58851 0.41149
0.59533 0.40467
0.63433 0.36567
0.64096 0.35904
0.58199 0.41801
0.60046 0.39954
0.60189 0.39811
0.59861 0.40139
0.59225 0.40775
0.61023 0.38977
0.62189 0.37811
0.62189 0.37811
0.62364 0.37636
0.62364 0.37636
0.61906 0.38094
0.61906 0.38094
0.61251 0.38749
0.61251 0.38749
0.61906 0.38094
0.61906 0.38094
0.61904 0.38096
0.67158 0.32842
0.66729 0.33271
0.66426 0.33574
0.66442 0.33558
0.66337 0.33663
0.61745 0.38255
0.61748 0.38252
0.62728 0.37272
0.62674 0.37326
0.65796 0.34204
0.65307 0.34693
0.66360 0.33640
0.62846 0.37154
0.63754 0.36246
0.63223 0.36777
0.63223 0.36777
0.62746 0.37254
0.61881 0.38119
0.59476 0.40524
0.59759 0.40241
0.59038 0.40962
0.60824 0.39176
0.60824 0.39176
0.64448 0.35552
0.63708 0.36292
0.63605 0.36395
0.63934 0.36066
0.62978 0.37022
0.62785 0.37215
0.61952 0.38048
0.61743 0.38257
0.61963 0.38037
0.60854 0.39146
0.60635 0.39365
0.61633 0.38367
0.61599 0.38401
0.61646 0.38354
0.61611 0.38389
0.62145 0.37855
0.63599 0.36401
0.60009 0.39991
0.60110 0.39890
0.60827 0.39173
0.62571 0.37429
0.59948 0.40052
0.61215 0.38785
0.61691 0.38309
0.62288 0.37712
0.61305 0.38695
0.61045 0.38955
0.60024 0.39976
0.59726 0.40274
0.63177 0.36823
0.63177 0.36823
0.63632 0.36368
0.63632 0.36368
0.63896 0.36104
0.63896 0.36104
0.63013 0.36987
0.63013 0.36987
0.63177 0.36823
0.63177 0.36823
0.61951 0.38049
0.64155 0.35845
0.57041 0.42959
0.58121 0.41879
0.60770 0.39230
0.60985 0.39015
0.61339 0.38661
0.61552 0.38448
0.60582 0.39418
0.60028 0.39972
0.59654 0.40346
0.60611 0.39389
0.66251 0.33749
0.60834 0.39166
0.63003 0.36997
0.62076 0.37924
0.62750 0.37250
0.59448 0.40552
0.61068 0.38932
0.63612 0.36388
0.63612 0.36388
0.61578 0.38422
0.61718 0.38282
0.61718 0.38282
0.61718 0.38282
0.61718 0.38282
0.61718 0.38282
0.61718 0.38282
0.59019 0.40981
0.60928 0.39072
0.63704 0.36296
0.64673 0.35327
0.65475 0.34525
0.65427 0.34573
0.66152 0.33848
0.58993 0.41007
0.60931 0.39069
0.62286 0.37714
0.59778 0.40222
0.60093 0.39907
0.60093 0.39907
0.58341 0.41659
0.59118 0.40882
0.65764 0.34236
0.63258 0.36742
0.63134 0.36866
0.62519 0.37481
0.60751 0.39249
0.59890 0.40110
0.60407 0.39593
0.59575 0.40425
0.60900 0.39100
0.60630 0.39370
0.59810 0.40190
0.63821 0.36179
0.62936 0.37064
0.63821 0.36179
0.62936 0.37064
0.61161 0.38839
0.60973 0.39027
0.59633 0.40367
0.60836 0.39164
0.60698 0.39302
0.61161 0.38839
0.61390 0.38610
0.61161 0.38839
0.60973 0.39027
0.59633 0.40367
0.60836 0.39164
0.60698 0.39302
0.61161 0.38839
0.61390 0.38610
0.61161 0.38839
0.60973 0.39027
0.59633 0.40367
0.60836 0.39164
0.60698 0.39302
0.61161 0.38839
0.61390 0.38610
0.60618 0.39382
0.62448 0.37552
0.62707 0.37293
0.61320 0.38680
0.59154 0.40846
0.60865 0.39135
0.62121 0.37879
0.56243 0.43757
0.63125 0.36875
0.63905 0.36095
0.63268 0.36732
0.61169 0.38831
0.63989 0.36011
0.63655 0.36345
0.62321 0.37679
0.62251 0.37749
0.62634 0.37366
0.58831 0.41169
0.59397 0.40603
0.58369 0.41631
0.60069 0.39931
0.61361 0.38639
0.60730 0.39270
0.59300 0.40700
0.60396 0.39604
0.60436 0.39564
0.60633 0.39367
0.59679 0.40321
0.59679 0.40321
0.61824 0.38176
0.61824 0.38176
0.58992 0.41008
0.60294 0.39706
0.60796 0.39204
0.60741 0.39259
0.59598 0.40402
0.63823 0.36177
0.63910 0.36090
0.63029 0.36971
0.63168 0.36832
0.64276 0.35724
0.64125 0.35875
0.65564 0.34436
0.65463 0.34537
0.65051 0.34949
0.64953 0.35047
0.62414 0.37586
0.61722 0.38278
0.62432 0.37568
0.63733 0.36267
0.62188 0.37812
0.62277 0.37723
0.61231 0.38769
0.61403 0.38597
0.61533 0.38467
0.60565 0.39435
0.60898 0.39102
0.60977 0.39023
0.61899 0.38101
0.60532 0.39468
0.61441 0.38559
0.62331 0.37669
0.61664 0.38336
0.60916 0.39084
0.61393 0.38607
0.61466 0.38534
0.61969 0.38031
0.62041 0.37959
0.62080 0.37920
0.62627 0.37373
0.63215 0.36785
0.61316 0.38684
0.62359 0.37641
0.61671 0.38329
0.61173 0.38827
0.63103 0.36897
0.62263 0.37737
0.61957 0.38043
0.61372 0.38628
0.60796 0.39204
0.62661 0.37339
0.62353 0.37647
0.61668 0.38332
0.61361 0.38639
0.62661 0.37339
0.62353 0.37647
0.61668 0.38332
0.61361 0.38639
0.61031 0.38969
0.60760 0.39240
0.60162 0.39838
0.59894 0.40106
0.60162 0.39838
0.59894 0.40106
0.60259 0.39741
0.60052 0.39948
0.60701 0.39299
0.60502 0.39498
0.61031 0.38969
0.60760 0.39240
0.60041 0.39959
0.59524 0.40476
0.59191 0.40809
0.59457 0.40543
0.63074 0.36926
0.63074 0.36926
0.63711 0.36289
0.63711 0.36289
0.63711 0.36289
0.63711 0.36289
0.61128 0.38872
0.61117 0.38883
0.60762 0.39238
0.61002 0.38998
0.57316 0.42684
0.61385 0.38615
0.60452 0.39548
0.63131 0.36869
0.63005 0.36995
0.59947 0.40053
0.60548 0.39452
0.59391 0.40609
0.59391 0.40609
0.62714 0.37286
0.59352 0.40648
0.58695 0.41305
0.58695 0.41305
0.58701 0.41299
0.58701 0.41299
0.61495 0.38505
0.61492 0.38508
0.60993 0.39007
0.60992 0.39008
0.60426 0.39574
0.60425 0.39575
0.60430 0.39570
0.60429 0.39571
0.61495 0.38505
0.61492 0.38508
0.59443 0.40557
0.63003 0.36997
0.62289 0.37711
0.62401 0.37599
0.59309 0.40691
0.62622 0.37378
0.59801 0.40199
0.59963 0.40037
0.59999 0.40001
0.62144 0.37856
0.58794 0.41206
0.58767 0.41233
0.60638 0.39362
0.60118 0.39882
0.61076 0.38924
0.60574 0.39426
0.63781 0.36219
0.62235 0.37765
0.62068 0.37932
0.61264 0.38736
0.61271 0.38729
0.63012 0.36988
0.62847 0.37153
0.62915 0.37085
0.65373 0.34627
0.65373 0.34627
0.65373 0.34627
0.65373 0.34627
0.62379 0.37621
0.62136 0.37864
0.62379 0.37621
0.62136 0.37864
0.60448 0.39552
0.60714 0.39286
0.61660 0.38340
0.59157 0.40843
0.63935 0.36065
0.63719 0.36281
0.62164 0.37836
0.63575 0.36425
0.63406 0.36594
0.63935 0.36065
0.64198 0.35802
0.62536 0.37464
0.62109 0.37891
0.60888 0.39112
0.63935 0.36065
0.63719 0.36281
0.62164 0.37836
0.63575 0.36425
0.63406 0.36594
0.63935 0.36065
0.64198 0.35802
0.62536 0.37464
0.62109 0.37891
0.60888 0.39112
0.63935 0.36065
0.63719 0.36281
0.62164 0.37836
0.63575 0.36425
0.63406 0.36594
0.63935 0.36065
0.64198 0.35802
0.62536 0.37464
0.62109 0.37891
0.60888 0.39112
0.62131 0.37869
0.61935 0.38065
0.60010 0.39990
0.61061 0.38939
0.61139 0.38861
0.63977 0.36023
0.59274 0.40726
0.62478 0.37522
0.61851 0.38149
0.61842 0.38158
0.62478 0.37522
0.61851 0.38149
0.62478 0.37522
0.61851 0.38149
0.61842 0.38158
0.62478 0.37522
0.61851 0.38149
0.62069 0.37931
0.62069 0.37931
0.63677 0.36323
0.62069 0.37931
0.62069 0.37931
0.62069 0.37931
0.63677 0.36323
0.62069 0.37931
0.63036 0.36964
0.63036 0.36964
0.62243 0.37757
0.62885 0.37115
0.62243 0.37757
0.63449 0.36551
0.66458 0.33542
0.64896 0.35104
0.64665 0.35335
0.64161 0.35839
0.65000 0.35000
0.63412 0.36588
0.65213 0.34787
0.65207 0.34793
0.60368 0.39632
0.59910 0.40090
0.57897 0.42103
0.59633 0.40367
0.59668 0.40332
0.60355 0.39645
0.60629 0.39371
0.59399 0.40601
0.58498 0.41502
0.58727 0.41273
0.64452 0.35548
0.63761 0.36239
0.63649 0.36351
0.62965 0.37035
0.62965 0.37035
0.64272 0.35728
0.64272 0.35728
0.63677 0.36323
0.63677 0.36323
0.63646 0.36354
0.63646 0.36354
0.64116 0.35884
0.64255 0.35745
0.60101 0.39899
0.64215 0.35785
0.60026 0.39974
0.63263 0.36737
0.59384 0.40616
0.61306 0.38694
0.60807 0.39193
0.58472 0.41528
0.58478 0.41522
0.59947 0.40053
0.61711 0.38289
0.61401 0.38599
0.58724 0.41276
0.58731 0.41269
0.60492 0.39508
0.62359 0.37641
0.59984 0.40016
0.61677 0.38323
0.59387 0.40613
0.62232 0.37768
0.59862 0.40138
0.61834 0.38166
0.60848 0.39152
0.59389 0.40611
0.64788 0.35212
0.64124 0.35876
0.62252 0.37748
0.64210 0.35790
0.64871 0.35129
0.64635 0.35365
0.62614 0.37386
0.60067 0.39933
0.61536 0.38464
0.62150 0.37851
0.59756 0.40244
0.58760 0.41240
0.60139 0.39861
0.60060 0.39940
0.60985 0.39015
0.60327 0.39673
0.63354 0.36646
0.62165 0.37835
0.66344 0.33656
0.59472 0.40528
0.60983 0.39017
0.59483 0.40517
0.63121 0.36879
0.64190 0.35810
0.61349 0.38651
0.64621 0.35379
0.64218 0.35782
0.64523 0.35477
0.64713 0.35287
0.65301 0.34699
0.65713 0.34287
0.61972 0.38028
0.61207 0.38793
0.61124 0.38876
0.66209 0.33791
0.65234 0.34766
0.65126 0.34874
0.59940 0.40060
0.59982 0.40018
0.60154 0.39846
0.59259 0.40741
0.61648 0.38352
0.61840 0.38160
0.61125 0.38875
0.59766 0.40234
0.63477 0.36523
0.59921 0.40079
0.60086 0.39914
0.64199 0.35801
0.64621 0.35379
0.63498 0.36502
0.62894 0.37106
0.62544 0.37456
0.63925 0.36075
0.62305 0.37695
0.62267 0.37733
0.62151 0.37849
0.62305 0.37695
0.62267 0.37733
0.62151 0.37849
0.61200 0.38800
0.59832 0.40168
0.61442 0.38558
0.61442 0.38558
0.57543 0.42457
0.62392 0.37608
0.62353 0.37647
0.61923 0.38077
0.61617 0.38383
0.61103 0.38897
0.61334 0.38666
0.60815 0.39185
0.59641 0.40359
0.59682 0.40318
0.59432 0.40568
0.60916 0.39084
0.60361 0.39639
0.62082 0.37918
0.59610 0.40390
0.62202 0.37798
0.61331 0.38669
0.62702 0.37298
0.62702 0.37298
0.60420 0.39580
0.59695 0.40305
0.61838 0.38162
0.61605 0.38395
0.57928 0.42072
0.61520 0.38480
0.61655 0.38345
0.60757 0.39243
0.59744 0.40256
0.61362 0.38638
0.61688 0.38312
0.60696 0.39304
0.61767 0.38233
0.61767 0.38233
0.61929 0.38071
0.61929 0.38071
0.61929 0.38071
0.61929 0.38071
0.61460 0.38540
0.61460 0.38540
0.62180 0.37820
0.62180 0.37820
0.60212 0.39788
0.59886 0.40114
0.61339 0.38661
0.60667 0.39333
0.60493 0.39507
0.59287 0.40713
0.57939 0.42061
0.60545 0.39455
0.59623 0.40377
0.63272 0.36728
0.63496 0.36504
0.66215 0.33785
0.66473 0.33527
0.63593 0.36407
0.63001 0.36999
0.63815 0.36185
0.63216 0.36784
0.63815 0.36185
0.63216 0.36784
0.63578 0.36423
0.63808 0.36192
0.64044 0.35956
0.63364 0.36636
0.63752 0.36248
0.62973 0.37027
0.62559 0.37441
0.56982 0.43018
0.57695 0.42305
0.57336 0.42664
0.61071 0.38929
0.61071 0.38929
0.64396 0.35604
0.63702 0.36298
0.60965 0.39035
0.64009 0.35991
0.64009 0.35991
0.63396 0.36604
0.60582 0.39418
0.60935 0.39065
0.60935 0.39065
0.60935 0.39065
0.58869 0.41131
0.58556 0.41444
0.61533 0.38467
0.62690 0.37310
0.62320 0.37680
0.61434 0.38566
0.60964 0.39036
0.62405 0.37595
0.62017 0.37983
0.61336 0.38664
0.60901 0.39099
0.62589 0.37411
0.63133 0.36867
0.62805 0.37195
0.62918 0.37082
0.63721 0.36279
0.64297 0.35703
0.63974 0.36026
0.64152 0.35848
0.62405 0.37595
0.63556 0.36444
0.62719 0.37281
0.62831 0.37169
0.58601 0.41399
0.59025 0.40975
0.60668 0.39332
0.59579 0.40421
0.59582 0.40418
0.59855 0.40145
0.61514 0.38486
0.60840 0.39160
0.61514 0.38486
0.60840 0.39160
0.61264 0.38736
0.60199 0.39801
0.62640 0.37360
0.62294 0.37706
0.62640 0.37360
0.62306 0.37694
0.62640 0.37360
0.62294 0.37706
0.62640 0.37360
0.62306 0.37694
0.60575 0.39425
0.60293 0.39707
0.59132 0.40868
0.58894 0.41106
0.58088 0.41912
0.57868 0.42132
0.60054 0.39946
0.66785 0.33215
0.60455 0.39545
0.59903 0.40097
0.59753 0.40247
0.61948 0.38052
0.61893 0.38107
0.62408 0.37592
0.63414 0.36586
0.63416 0.36584
0.63157 0.36843
0.62971 0.37029
0.63967 0.36033
0.64013 0.35987
0.64238 0.35762
0.65257 0.34743
0.65253 0.34747
0.61224 0.38776
0.62000 0.38000
0.60490 0.39510
0.61422 0.38578
0.61320 0.38680
0.61599 0.38401
0.61333 0.38667
0.61137 0.38863
0.64108 0.35892
0.65175 0.34825
0.64108 0.35892
0.65175 0.34825
0.61751 0.38249
0.62477 0.37523
0.63410 0.36590
0.63410 0.36590
0.59608 0.40392
0.59205 0.40795
0.59234 0.40766
0.58269 0.41731
0.59035 0.40965
0.60022 0.39978
0.59075 0.40925
0.60622 0.39378
0.59573 0.40427
0.60611 0.39389
0.58210 0.41790
0.59474 0.40526
0.60302 0.39698
0.59454 0.40546
0.62914 0.37086
0.63781 0.36219
0.60305 0.39695
0.63306 0.36694
0.60022 0.39978
0.64518 0.35482
0.64215 0.35785
0.64518 0.35482
0.59867 0.40133
0.59524 0.40476
0.61700 0.38300
0.65788 0.34212
0.65135 0.34865
0.61806 0.38194
0.61539 0.38461
0.62409 0.37591
0.61271 0.38729
0.61104 0.38896
0.62020 0.37980
0.57310 0.42690
0.57310 0.42690
0.58073 0.41927
0.58073 0.41927
0.57507 0.42493
0.57507 0.42493
0.63382 0.36618
0.62119 0.37881
0.62477 0.37523
0.65640 0.34360
0.60827 0.39173
0.60827 0.39173
0.60069 0.39931
0.60069 0.39931
0.59807 0.40193
0.59807 0.40193
0.60920 0.39080
0.60920 0.39080
0.59847 0.40153
0.59847 0.40153
0.60155 0.39845
0.60155 0.39845
0.59847 0.40153
0.59847 0.40153
0.60920 0.39080
0.60920 0.39080
0.60155 0.39845
0.60155 0.39845
0.61555 0.38445
0.61988 0.38012
0.62164 0.37836
0.63102 0.36898
0.62002 0.37998
0.60702 0.39298
0.61571 0.38429
0.63356 0.36644
0.63161 0.36839
0.62452 0.37548
0.59633 0.40367
0.58476 0.41524
0.62973 0.37027
0.62830 0.37170
0.64255 0.35745
0.60028 0.39972
0.59909 0.40091
0.61940 0.38060
0.62433 0.37567
0.63752 0.36248
0.59597 0.40403
0.63619 0.36381
0.63530 0.36470
0.63530 0.36470
0.60871 0.39129
0.60719 0.39281
0.63976 0.36024
0.63634 0.36366
0.63675 0.36325
0.63476 0.36524
0.63976 0.36024
0.63634 0.36366
0.60126 0.39874
0.61322 0.38678
0.60892 0.39108
0.63056 0.36944
0.60010 0.39990
0.58631 0.41369
0.61804 0.38196
0.60637 0.39363
0.61431 0.38569
0.64135 0.35865
0.62760 0.37240
0.62686 0.37314
0.63094 0.36906
0.60614 0.39386
0.58373 0.41627
0.61022 0.38978
0.60655 0.39345
0.59084 0.40916
0.56626 0.43374
0.58963 0.41037
0.61489 0.38511
0.60652 0.39348
0.62890 0.37110
0.61266 0.38734
0.63594 0.36406
0.60625 0.39375
0.60190 0.39810
0.58127 0.41873
0.58911 0.41089
0.60613 0.39387
0.58826 0.41174
0.58826 0.41174
0.59710 0.40290
0.59705 0.40295
0.61138 0.38862
0.59710 0.40290
0.59705 0.40295
0.61138 0.38862
0.61962 0.38038
0.64405 0.35595
0.64418 0.35582
0.63204 0.36796
0.63591 0.36409
0.62944 0.37056
0.63440 0.36560
0.63046 0.36954
0.59490 0.40510
0.59328 0.40672
0.60337 0.39663
0.61018 0.38982
0.61665 0.38335
0.59379 0.40621
0.61846 0.38154
0.64240 0.35760
0.63839 0.36161
0.62951 0.37049
0.61243 0.38757
0.61205 0.38795
0.61859 0.38141
0.61719 0.38281
0.64009 0.35991
0.62319 0.37681
0.63913 0.36087
0.65232 0.34768
0.61135 0.38865
0.62029 0.37971
0.61338 0.38662
0.61281 0.38719
0.60170 0.39830
0.61632 0.38368
0.62532 0.37468
0.63871 0.36129
0.65440 0.34560
0.64943 0.35057
0.63485 0.36515
0.61607 0.38393
0.64516 0.35484
0.64516 0.35484
0.61919 0.38081
0.61919 0.38081
0.61919 0.38081
0.61919 0.38081
0.64385 0.35615
0.64848 0.35152
0.64101 0.35899
0.64326 0.35674
0.58642 0.41358
0.58655 0.41345
0.59006 0.40994
0.58907 0.41093
0.61565 0.38435
0.61714 0.38286
0.63453 0.36547
0.60458 0.39542
0.60693 0.39307
0.60789 0.39211
0.60770 0.39230
0.63611 0.36389
0.63704 0.36296
0.64413 0.35587
0.58068 0.41932
0.59552 0.40448
0.59616 0.40384
0.60293 0.39707
0.60364 0.39636
0.59928 0.40072
0.59833 0.40167
0.61498 0.38502
0.61323 0.38677
0.58928 0.41072
0.57371 0.42629
0.61733 0.38267
0.61876 0.38124
0.61438 0.38562
0.59285 0.40715
0.59198 0.40802
0.59298 0.40702
0.60151 0.39849
0.59106 0.40894
0.63382 0.36618
0.64269 0.35731
0.61481 0.38519
0.65395 0.34605
0.62717 0.37283
0.65150 0.34850
0.62469 0.37531
0.64862 0.35138
0.62442 0.37558
0.64842 0.35158
0.62157 0.37843
0.64862 0.35138
0.62442 0.37558
0.65352 0.34648
0.62947 0.37053
0.64400 0.35600
0.61711 0.38289
0.58225 0.41775
0.62143 0.37857
0.62143 0.37857
0.62143 0.37857
0.62143 0.37857
0.62136 0.37864
0.61901 0.38099
0.61393 0.38607
0.62357 0.37643
0.61179 0.38821
0.62555 0.37445
0.62583 0.37417
0.62798 0.37202
0.63247 0.36753
0.63198 0.36802
0.62552 0.37448
0.62143 0.37857
0.63954 0.36046
0.62967 0.37033
0.62563 0.37437
0.60795 0.39205
0.62922 0.37078
0.59817 0.40183
0.60646 0.39354
0.59956 0.40044
0.61812 0.38188
0.61812 0.38188
0.62100 0.37900
0.61910 0.38090
0.62167 0.37833
0.63537 0.36463
0.64558 0.35442
0.63997 0.36003
0.64779 0.35221
0.64224 0.35776
0.64873 0.35127
0.64320 0.35680
0.64422 0.35578
0.64358 0.35642
0.64422 0.35578
0.64358 0.35642
0.61264 0.38736
0.61256 0.38744
0.61364 0.38636
0.61357 0.38643
0.61792 0.38208
0.61786 0.38214
0.61380 0.38620
0.61372 0.38628
0.61558 0.38442
0.61550 0.38450
0.61794 0.38206
0.61789 0.38211
0.61380 0.38620
0.61372 0.38628
0.61794 0.38206
0.61789 0.38211
0.61558 0.38442
0.61550 0.38450
0.61794 0.38206
0.61789 0.38211
0.59344 0.40656
0.59563 0.40437
0.59767 0.40233
0.59288 0.40712
0.59634 0.40366
0.59436 0.40564
0.59634 0.40366
0.64548 0.35452
0.64762 0.35238
0.64995 0.35005
0.65108 0.34892
0.61949 0.38051
0.62130 0.37870
0.60205 0.39795
0.60114 0.39886
0.63825 0.36175
0.62773 0.37227
0.62773 0.37227
0.63003 0.36997
0.61018 0.38982
0.60824 0.39176
0.62200 0.37800
0.62308 0.37692
0.61074 0.38926
0.60857 0.39143
0.60597 0.39403
0.61740 0.38260
0.61463 0.38537
0.61998 0.38002
0.63259 0.36741
0.64832 0.35168
0.64519 0.35481
0.62024 0.37976
0.64199 0.35801
0.63881 0.36119
0.64199 0.35801
0.63881 0.36119
0.61983 0.38017
0.61575 0.38425
0.61990 0.38010
0.63071 0.36929
0.62620 0.37380
0.63081 0.36919
0.61896 0.38104
0.62336 0.37664
0.63536 0.36464
0.64003 0.35997
0.60862 0.39138
0.60471 0.39529
0.60872 0.39128
0.63267 0.36733
0.64762 0.35238
0.65302 0.34698
0.64748 0.35252
0.58616 0.41384
0.59104 0.40896
0.63032 0.36968
0.61995 0.38005
0.62857 0.37143
0.63305 0.36695
0.62572 0.37428
0.62967 0.37033
0.63519 0.36481
0.58948 0.41052
0.59234 0.40766
0.59725 0.40275
0.62193 0.37807
0.62577 0.37423
0.62577 0.37423
0.63206 0.36794
0.61705 0.38295
0.61517 0.38483
0.57964 0.42036
0.63096 0.36904
0.63294 0.36706
0.61686 0.38314
0.62044 0.37956
0.61348 0.38652
0.60629 0.39371
0.60866 0.39134
0.61497 0.38503
0.62070 0.37930
0.62918 0.37082
0.62902 0.37098
0.63510 0.36490
0.62918 0.37082
0.62148 0.37852
0.62929 0.37071
0.62916 0.37084
0.59053 0.40947
0.58725 0.41275
0.67431 0.32569
0.66457 0.33543
0.67518 0.32482
0.66906 0.33094
0.62328 0.37672
0.62508 0.37492
0.62931 0.37069
0.63113 0.36887
0.62328 0.37672
0.62508 0.37492
0.60003 0.39997
0.60006 0.39994
0.60330 0.39670
0.60334 0.39666
0.60975 0.39025
0.60975 0.39025
0.61132 0.38868
0.61132 0.38868
0.61132 0.38868
0.61132 0.38868
0.62145 0.37855
0.62598 0.37402
0.61657 0.38343
0.58300 0.41700
0.59763 0.40237
0.57930 0.42070
0.59430 0.40570
0.61583 0.38417
0.61583 0.38417
0.61583 0.38417
0.61583 0.38417
0.62895 0.37105
0.62895 0.37105
0.62586 0.37414
0.62586 0.37414
0.62895 0.37105
0.62895 0.37105
0.61439 0.38561
0.61605 0.38395
0.64502 0.35498
0.64745 0.35255
0.63420 0.36580
0.62193 0.37807
0.62089 0.37911
0.62155 0.37845
0.63316 0.36684
0.63033 0.36967
0.63011 0.36989
0.63204 0.36796
0.60833 0.39167
0.59066 0.40934
0.60372 0.39628
0.61158 0.38842
0.63910 0.36090
0.63435 0.36565
0.60622 0.39378
0.60470 0.39530
0.60408 0.39592
0.60202 0.39798
0.64793 0.35207
0.60890 0.39110
0.62122 0.37878
0.60830 0.39170
0.62033 0.37967
0.63855 0.36145
0.64278 0.35722
0.60681 0.39319
0.62697 0.37303
0.63134 0.36866
0.63134 0.36866
0.63016 0.36984
0.61334 0.38666
0.61292 0.38708
0.60115 0.39885
0.59498 0.40502
0.59872 0.40128
0.59768 0.40232
0.59356 0.40644
0.59706 0.40294
0.57719 0.42281
0.56499 0.43501
0.60495 0.39505
0.58771 0.41229
0.61739 0.38261
0.59414 0.40586
0.56454 0.43546
0.62871 0.37129
0.60636 0.39364
0.59493 0.40507
0.61603 0.38397
0.57442 0.42558
0.61762 0.38238
0.62936 0.37064
0.61332 0.38668
0.60639 0.39361
0.62147 0.37853
0.61660 0.38340
0.64175 0.35825
0.58351 0.41649
0.59574 0.40426
0.59633 0.40367
0.62338 0.37662
0.60158 0.39842
0.63314 0.36686
0.61961 0.38039
0.62505 0.37495
0.60675 0.39325
0.61228 0.38772
0.63345 0.36655
0.62766 0.37234
0.62766 0.37234
0.61504 0.38496
0.60124 0.39876
0.60095 0.39905
0.63341 0.36659
0.63267 0.36733
0.62208 0.37792
0.62632 0.37368
0.63160 0.36840
0.61383 0.38617
0.65079 0.34921
0.63759 0.36241
0.63252 0.36748
0.63916 0.36084
0.64547 0.35453
0.62970 0.37030
0.60963 0.39037
0.61025 0.38975
0.63161 0.36839
0.63174 0.36826
0.61958 0.38042
0.61963 0.38037
0.60636 0.39364
0.61538 0.38462
0.60348 0.39652
0.60348 0.39652
0.64573 0.35427
0.64573 0.35427
0.64504 0.35496
0.61732 0.38268
0.63209 0.36791
0.62685 0.37315
0.60850 0.39150
0.60207 0.39793
0.62706 0.37294
0.60328 0.39672
0.60289 0.39711
0.59570 0.40430
0.62826 0.37174
0.63372 0.36628
0.62461 0.37539
0.61761 0.38239
0.61891 0.38109
0.61630 0.38370
0.61567 0.38433
0.61630 0.38370
0.61567 0.38433
0.65297 0.34703
0.64303 0.35697
0.61127 0.38873
0.61788 0.38212
0.63241 0.36759
0.63947 0.36053
0.63241 0.36759
0.63947 0.36053
0.63682 0.36318
0.66727 0.33273
0.67140 0.32860
0.61018 0.38982
0.62962 0.37038
0.61958 0.38042
0.63916 0.36084
0.63835 0.36165
0.65296 0.34704
0.62893 0.37107
0.62401 0.37599
0.64112 0.35888
0.64264 0.35736
0.61238 0.38762
0.62360 0.37640
0.62588 0.37412
0.62662 0.37338
0.60409 0.39591
0.60476 0.39524
0.60057 0.39943
0.59562 0.40438
0.59542 0.40458
0.60121 0.39879
0.59627 0.40373
0.59607 0.40393
0.62421 0.37579
0.62243 0.37757
0.61483 0.38517
0.61556 0.38444
0.61483 0.38517
0.61556 0.38444
0.60464 0.39536
0.60519 0.39481
0.57571 0.42429
0.60052 0.39948
0.61789 0.38211
0.61448 0.38552
0.61010 0.38990
0.61652 0.38348
0.63187 0.36813
0.63310 0.36690
0.63570 0.36430
0.63377 0.36623
0.62717 0.37283
0.62501 0.37499
0.62717 0.37283
0.62952 0.37048
0.62727 0.37273
0.62774 0.37226
0.62609 0.37391
0.62966 0.37034
0.61081 0.38919
0.61207 0.38793
0.61196 0.38804
0.61454 0.38546
0.65103 0.34897
0.67076 0.32924
0.64783 0.35217
0.66191 0.33809
0.65364 0.34636
0.66970 0.33030
0.59528 0.40472
0.59318 0.40682
0.61390 0.38610
0.59805 0.40195
0.61139 0.38861
0.60808 0.39192
0.59432 0.40568
0.60808 0.39192
0.59432 0.40568
0.60808 0.39192
0.59432 0.40568
0.61026 0.38974
0.59708 0.40292
0.60451 0.39549
0.59097 0.40903
0.60586 0.39414
0.59169 0.40831
0.62296 0.37704
0.60641 0.39359
0.63118 0.36882
0.60937 0.39063
0.60937 0.39063
0.60937 0.39063
0.60937 0.39063
0.60428 0.39572
0.60807 0.39193
0.60807 0.39193
0.60807 0.39193
0.60807 0.39193
0.60291 0.39709
0.61564 0.38436
0.61475 0.38525
0.59049 0.40951
0.61769 0.38231
0.61427 0.38573
0.61907 0.38093
0.62496 0.37504
0.63080 0.36920
0.62812 0.37188
0.62916 0.37084
0.62583 0.37417
0.62454 0.37546
0.61929 0.38071
0.62394 0.37606
0.60874 0.39126
0.61929 0.38071
0.62394 0.37606
0.60874 0.39126
0.66482 0.33518
0.66686 0.33314
0.62206 0.37794
0.62594 0.37406
0.64127 0.35873
0.61163 0.38837
0.61116 0.38884
0.58254 0.41746
0.62885 0.37115
0.63036 0.36964
0.58896 0.41104
0.60089 0.39911
0.63005 0.36995
0.59898 0.40102
0.61083 0.38917
0.64058 0.35942
0.60567 0.39433
0.60977 0.39023
0.59325 0.40675
0.60483 0.39517
0.61521 0.38479
0.61043 0.38957
0.61189 0.38811
0.61908 0.38092
0.64987 0.35013
0.65187 0.34813
0.62857 0.37143
0.63041 0.36959
0.62718 0.37282
0.62695 0.37305
0.63788 0.36212
0.63228 0.36772
0.64182 0.35818
0.62829 0.37171
0.62494 0.37506
0.62962 0.37038
0.63260 0.36740
0.63064 0.36936
0.63064 0.36936
0.63593 0.36407
0.63778 0.36222
0.61956 0.38044
0.61956 0.38044
0.60906 0.39094
0.60911 0.39089
0.60911 0.39089
0.61844 0.38156
0.57795 0.42205
0.59377 0.40623
0.58593 0.41407
0.61346 0.38654
0.62116 0.37884
0.61308 0.38692
0.62469 0.37531
0.61338 0.38662
0.60862 0.39138
0.60862 0.39138
0.62655 0.37345
0.63597 0.36403
0.63597 0.36403
0.62816 0.37184
0.62970 0.37030
0.63883 0.36117
0.63883 0.36117
0.61406 0.38594
0.61338 0.38662
0.61072 0.38928
0.61930 0.38070
0.60169 0.39831
0.59531 0.40469
0.57688 0.42312
0.64073 0.35927
0.64073 0.35927
0.61502 0.38498
0.60383 0.39617
0.59162 0.40838
0.60860 0.39140
0.60878 0.39122
0.59237 0.40763
0.63311 0.36689
0.61602 0.38398
0.58806 0.41194
0.58861 0.41139
0.60266 0.39734
0.60266 0.39734
0.62658 0.37342
0.62632 0.37368
0.61465 0.38535
0.61307 0.38693
0.61529 0.38471
0.61465 0.38535
0.61791 0.38209
0.60875 0.39125
0.61214 0.38786
0.61828 0.38172
0.60962 0.39038
0.59924 0.40076
0.60330 0.39670
0.58812 0.41188
0.58408 0.41592
0.60316 0.39684
0.59935 0.40065
0.60002 0.39998
0.58702 0.41298
0.60372 0.39628
0.62229 0.37771
0.62525 0.37475
0.62061 0.37939
0.62229 0.37771
0.62525 0.37475
0.62061 0.37939
0.62751 0.37249
0.63720 0.36280
0.61312 0.38688
0.61474 0.38526
0.62184 0.37816
0.63341 0.36659
0.61422 0.38578
0.61446 0.38554
0.61422 0.38578
0.61446 0.38554
0.63049 0.36951
0.58886 0.41114
0.60243 0.39757
0.61431 0.38569
0.63335 0.36665
0.63335 0.36665
0.62907 0.37093
0.62907 0.37093
0.63070 0.36930
0.63070 0.36930
0.64025 0.35975
0.63696 0.36304
0.61928 0.38072
0.61557 0.38443
0.62116 0.37884
0.61533 0.38467
0.60006 0.39994
0.61378 0.38622
0.59704 0.40296
0.60991 0.39009
0.58910 0.41090
0.61653 0.38347
0.62848 0.37152
0.61188 0.38812
0.61743 0.38257
0.59852 0.40148
0.62431 0.37569
0.60985 0.39015
0.59412 0.40588
0.59412 0.40588
0.61421 0.38579
0.63010 0.36990
0.62771 0.37229
0.61405 0.38595
0.60946 0.39054
0.62490 0.37510
0.61531 0.38469
0.62984 0.37016
0.64411 0.35589
0.63020 0.36980
0.60117 0.39883
0.63440 0.36560
0.60117 0.39883
0.63440 0.36560
0.59968 0.40032
0.60723 0.39277
0.61939 0.38061
0.61103 0.38897
0.62513 0.37487
0.59945 0.40055
0.59776 0.40224
0.61721 0.38279
0.61805 0.38195
0.61066 0.38934
0.62862 0.37138
0.62749 0.37251
0.63740 0.36260
0.64049 0.35951
0.62468 0.37532
0.63740 0.36260
0.64049 0.35951
0.62468 0.37532
0.64360 0.35640
0.64046 0.35954
0.64452 0.35548
0.62444 0.37556
0.62060 0.37940
0.62027 0.37973
0.61728 0.38272
0.62711 0.37289
0.62475 0.37525
0.62223 0.37777
0.61867 0.38133
0.61139 0.38861
0.60909 0.39091
0.61608 0.38392
0.61324 0.38676
0.63671 0.36329
0.63228 0.36772
0.63518 0.36482
0.63916 0.36084
0.63472 0.36528
0.63771 0.36229
0.63525 0.36475
0.62804 0.37196
0.63385 0.36615
0.61037 0.38963
0.60836 0.39164
0.62772 0.37228
0.63602 0.36398
0.63163 0.36837
0.62581 0.37419
0.63571 0.36429
0.59750 0.40250
0.59759 0.40241
0.60160 0.39840
0.60015 0.39985
0.59359 0.40641
0.59484 0.40516
0.62099 0.37901
0.61507 0.38493
0.61807 0.38193
0.61742 0.38258
0.61011 0.38989
0.61358 0.38642
0.62533 0.37467
0.61487 0.38513
0.61942 0.38058
0.60907 0.39093
0.65135 0.34865
0.63559 0.36441
0.63900 0.36100
0.63412 0.36588
0.63559 0.36441
0.63559 0.36441
0.63503 0.36497
0.60858 0.39142
0.60970 0.39030
0.60139 0.39861
0.61197 0.38803
0.63587 0.36413
0.60631 0.39369
0.62842 0.37158
0.58821 0.41179
0.60830 0.39170
0.60395 0.39605
0.59281 0.40719
0.59985 0.40015
0.59062 0.40938
0.59125 0.40875
0.58909 0.41091
0.59942 0.40058
0.59942 0.40058
0.59583 0.40417
0.59583 0.40417
0.59076 0.40924
0.61074 0.38926
0.59143 0.40857
0.59269 0.40731
0.62582 0.37418
0.62490 0.37510
0.62194 0.37806
0.62644 0.37356
0.62403 0.37597
0.62490 0.37510
0.62194 0.37806
0.62644 0.37356
0.62403 0.37597
0.54299 0.45701
0.61453 0.38547
0.63836 0.36164
0.63513 0.36487
0.57584 0.42416
0.59136 0.40864
0.59071 0.40929
0.61046 0.38954
0.58343 0.41657
0.66306 0.33694
0.65712 0.34288
0.62343 0.37657
0.61782 0.38218
0.61782 0.38218
0.62313 0.37687
0.61714 0.38286
0.61531 0.38469
0.62343 0.37657
0.61782 0.38218
0.61782 0.38218
0.62313 0.37687
0.61714 0.38286
0.61531 0.38469
0.62343 0.37657
0.61782 0.38218
0.61782 0.38218
0.62313 0.37687
0.61714 0.38286
0.61531 0.38469
0.62822 0.37178
0.62822 0.37178
0.60908 0.39092
0.63743 0.36257
0.63674 0.36326
0.59126 0.40874
0.62585 0.37415
0.60934 0.39066
0.60611 0.39389
0.61480 0.38520
0.60626 0.39374
0.60008 0.39992
0.61904 0.38096
0.62240 0.37760
0.62240 0.37760
0.61317 0.38683
0.61555 0.38445
0.61555 0.38445
0.63405 0.36595
0.61534 0.38466
0.61990 0.38010
0.61957 0.38043
0.62953 0.37047
0.61984 0.38016
0.61984 0.38016
0.60550 0.39450
0.62123 0.37877
0.60251 0.39749
0.61819 0.38181
0.60917 0.39083
0.62415 0.37585
0.59395 0.40605
0.60680 0.39320
0.59658 0.40342
0.60944 0.39056
0.61161 0.38839
0.62028 0.37972
0.61161 0.38839
0.62028 0.37972
0.59464 0.40536
0.58628 0.41372
0.63540 0.36460
0.63383 0.36617
0.61567 0.38433
0.62512 0.37488
0.61653 0.38347
0.62528 0.37472
0.61854 0.38146
0.60464 0.39536
0.63058 0.36942
0.63237 0.36763
0.64676 0.35324
0.64478 0.35522
0.60191 0.39809
0.60175 0.39825
0.61371 0.38629
0.61526 0.38474
0.66527 0.33473
0.59328 0.40672
0.59360 0.40640
0.59320 0.40680
0.57650 0.42350
0.57615 0.42385
0.58974 0.41026
0.58231 0.41769
0.59066 0.40934
0.60293 0.39707
0.60248 0.39752
0.60293 0.39707
0.59852 0.40148
0.59852 0.40148
0.59808 0.40192
0.56887 0.43113
0.61500 0.38500
0.61651 0.38349
0.61500 0.38500
0.64838 0.35162
0.64565 0.35435
0.64509 0.35491
0.63950 0.36050
0.63758 0.36242
0.63586 0.36414
0.63399 0.36601
0.63364 0.36636
0.63260 0.36740
0.62029 0.37971
0.62213 0.37787
0.64608 0.35392
0.60732 0.39268
0.60732 0.39268
0.64224 0.35776
0.59860 0.40140
0.58710 0.41290
0.59977 0.40023
0.59804 0.40196
0.60927 0.39073
0.61572 0.38428
0.58511 0.41489
0.60706 0.39294
0.62751 0.37249
0.61148 0.38852
0.63166 0.36834
0.62751 0.37249
0.61148 0.38852
0.63166 0.36834
0.60805 0.39195
0.60932 0.39068
0.62276 0.37724
0.63137 0.36863
0.63550 0.36450
0.61673 0.38327
0.61848 0.38152
0.60665 0.39335
0.61733 0.38267
0.59362 0.40638
0.60556 0.39444
0.63682 0.36318
0.59207 0.40793
0.59502 0.40498
0.62916 0.37084
0.62236 0.37764
0.61154 0.38846
0.59613 0.40387
0.58746 0.41254
0.61574 0.38426
0.60848 0.39152
0.62834 0.37166
0.65519 0.34481
0.65268 0.34732
0.63728 0.36272
0.59804 0.40196
0.62944 0.37056
0.64255 0.35745
0.63592 0.36408
0.64376 0.35624
0.64721 0.35279
0.66011 0.33989
0.63456 0.36544
0.63456 0.36544
0.64280 0.35720
0.62048 0.37952
0.60541 0.39459
0.58367 0.41633
0.57010 0.42990
0.62087 0.37913
0.59996 0.40004
0.60671 0.39329
0.60618 0.39382
0.61101 0.38899
0.61101 0.38899
0.61515 0.38485
0.60783 0.39217
0.60648 0.39352
0.60023 0.39977
0.62243 0.37757
0.61616 0.38384
0.63355 0.36645
0.64225 0.35775
0.64792 0.35208
0.64984 0.35016
0.59712 0.40288
0.60051 0.39949
0.60767 0.39233
0.58575 0.41425
0.60647 0.39353
0.60295 0.39705
0.59182 0.40818
0.59898 0.40102
0.62728 0.37272
0.61062 0.38938
0.62858 0.37142
0.60883 0.39117
0.64058 0.35942
0.58075 0.41925
0.63490 0.36510
0.62637 0.37363
0.63406 0.36594
0.63113 0.36887
0.63113 0.36887
0.62579 0.37421
0.62579 0.37421
0.63319 0.36681
0.61902 0.38098
0.58698 0.41302
0.60978 0.39022
0.63168 0.36832
0.59511 0.40489
0.62537 0.37463
0.61869 0.38131
0.59352 0.40648
0.59963 0.40037
0.62015 0.37985
0.62015 0.37985
0.62754 0.37246
0.62660 0.37340
0.62015 0.37985
0.62015 0.37985
0.62754 0.37246
0.62660 0.37340
0.60646 0.39354
0.60286 0.39714
0.59920 0.40080
0.60703 0.39297
0.60286 0.39714
0.59920 0.40080
0.60703 0.39297
0.62107 0.37893
0.62107 0.37893
0.62779 0.37221
0.62107 0.37893
0.62107 0.37893
0.62779 0.37221
0.59069 0.40931
0.61824 0.38176
0.61824 0.38176
0.62491 0.37509
0.61824 0.38176
0.61824 0.38176
0.62491 0.37509
0.65053 0.34947
0.66707 0.33293
0.64226 0.35774
0.61928 0.38072
0.64139 0.35861
0.62659 0.37341
0.58829 0.41171
0.59745 0.40255
0.59844 0.40156
0.58332 0.41668
0.59185 0.40815
0.59279 0.40721
0.59069 0.40931
0.59907 0.40093
0.60170 0.39830
0.59039 0.40961
0.59878 0.40122
0.59974 0.40026
0.63783 0.36217
0.64449 0.35551
0.63742 0.36258
0.64186 0.35814
0.62793 0.37207
0.63206 0.36794
0.63462 0.36538
0.63780 0.36220
0.61966 0.38034
0.61458 0.38542
0.62574 0.37426
0.62949 0.37051
0.63251 0.36749
0.62310 0.37690
0.62710 0.37290
0.59179 0.40821
0.58168 0.41832
0.59913 0.40087
0.59691 0.40309
0.59691 0.40309
0.63902 0.36098
0.63858 0.36142
0.62626 0.37374
0.62837 0.37163
0.60659 0.39341
0.60659 0.39341
0.60659 0.39341
0.58069 0.41931
0.56551 0.43449
0.60088 0.39912
0.58562 0.41438
0.57579 0.42421
0.63014 0.36986
0.63014 0.36986
0.63014 0.36986
0.63014 0.36986
0.60884 0.39116
0.61212 0.38788
0.59554 0.40446
0.60627 0.39373
0.59002 0.40998
0.63814 0.36186
0.60430 0.39570
0.60182 0.39818
0.60837 0.39163
0.60613 0.39387
0.62895 0.37105
0.61538 0.38462
0.61538 0.38462
0.62475 0.37525
0.62263 0.37737
0.60742 0.39258
0.60869 0.39131
0.58017 0.41983
0.62988 0.37012
0.63151 0.36849
0.63780 0.36220
0.63834 0.36166
0.62566 0.37434
0.62676 0.37324
0.62947 0.37053
0.60787 0.39213
0.63499 0.36501
0.63643 0.36357
0.63643 0.36357
0.63683 0.36317
0.63643 0.36357
0.63643 0.36357
0.63683 0.36317
0.61229 0.38771
0.61229 0.38771
0.63967 0.36032
0.62678 0.37322
0.60712 0.39288
0.60712 0.39288
0.60680 0.39320
0.60712 0.39288
0.60712 0.39288
0.60680 0.39320
0.62930 0.37070
0.63711 0.36289
0.61378 0.38622
0.62019 0.37981
0.63477 0.36523
0.64473 0.35527
0.64266 0.35734
0.61392 0.38608
0.63345 0.36655
0.59295 0.40705
0.63475 0.36525
0.65083 0.34917
0.60355 0.39645
0.61541 0.38459
0.60805 0.39195
0.60805 0.39195
0.61541 0.38459
0.59806 0.40194
0.61289 0.38711
0.61492 0.38508
0.60762 0.39238
0.60992 0.39008
0.63526 0.36474
0.60936 0.39064
0.60917 0.39083
0.59508 0.40492
0.58890 0.41110
0.59480 0.40520
0.58921 0.41079
0.60195 0.39805
0.60850 0.39150
0.59735 0.40265
0.62125 0.37875
0.65250 0.34750
0.64049 0.35951
0.65232 0.34768
0.64034 0.35966
0.65728 0.34272
0.64597 0.35403
0.63477 0.36523
0.63477 0.36523
0.63170 0.36830
0.63170 0.36830
0.64095 0.35905
0.64095 0.35905
0.64095 0.35905
0.63698 0.36302
0.63698 0.36302
0.63698 0.36302
0.62531 0.37469
0.61289 0.38711
0.61345 0.38655
0.61671 0.38329
0.60619 0.39381
0.61375 0.38625
0.60619 0.39381
0.61375 0.38625
0.60619 0.39381
0.61375 0.38625
0.62165 0.37835
0.62165 0.37835
0.62442 0.37558
0.62787 0.37213
0.62787 0.37213
0.62768 0.37232
0.63110 0.36890
0.63110 0.36890
0.61216 0.38784
0.61043 0.38957
0.61630 0.38370
