0.46540 0.53460
0.56348 0.43652
0.50147 0.49853
0.49518 0.50482
0.49518 0.50482
0.64360 0.35640
0.65982 0.34018
0.48757 0.51243
0.72443 0.27557
0.49299 0.50701
0.51512 0.48488
0.76513 0.23487
0.51695 0.48305
0.52071 0.47929
0.52267 0.47733
0.53163 0.46837
0.52932 0.47068
0.53948 0.46052
0.53948 0.46052
0.50188 0.49812
0.53835 0.46165
0.54974 0.45026
0.53835 0.46165
0.54974 0.45026
0.52429 0.47571
0.52068 0.47932
0.51433 0.48567
0.52380 0.47620
0.52429 0.47571
0.52068 0.47932
0.51433 0.48567
0.52380 0.47620
0.53031 0.46969
0.54103 0.45897
0.53401 0.46599
0.50247 0.49753
0.82922 0.17078
0.77718 0.22282
0.51051 0.48949
0.51557 0.48443
0.49800 0.50200
0.50152 0.49848
0.50376 0.49624
0.53223 0.46777
0.48766 0.51234
0.52027 0.47973
0.48142 0.51858
0.62646 0.37354
0.62208 0.37792
0.53616 0.46384
0.54482 0.45518
0.90771 0.09229
0.90697 0.09303
0.90771 0.09229
0.61272 0.38728
0.61116 0.38884
0.50906 0.49094
0.49696 0.50304
0.50108 0.49892
0.53492 0.46508
0.91601 0.08399
0.91280 0.08720
0.90713 0.09287
0.90383 0.09617
0.86561 0.13439
0.85488 0.14512
0.50975 0.49025
0.78046 0.21954
0.76224 0.23776
0.75787 0.24213
0.59520 0.40480
0.63963 0.36037
0.87224 0.12776
0.83212 0.16788
0.79326 0.20674
0.83284 0.16716
0.56774 0.43226
0.62528 0.37472
0.68283 0.31717
0.68283 0.31717
0.68283 0.31717
0.68283 0.31717
0.79902 0.20098
0.79902 0.20098
0.77964 0.22036
0.50936 0.49064
0.51188 0.48812
0.51188 0.48812
0.51525 0.48475
0.60089 0.39911
0.57506 0.42494
0.51672 0.48328
0.51393 0.48607
0.56246 0.43754
0.57485 0.42515
0.57630 0.42370
0.57401 0.42599
0.55789 0.44211
0.55829 0.44171
0.51323 0.48677
0.50919 0.49081
0.51428 0.48572
0.49765 0.50235
0.51509 0.48491
0.51539 0.48461
0.51503 0.48497
0.52143 0.47857
0.53339 0.46661
0.98822 0.01178
0.98885 0.01115
0.98852 0.01148
0.87659 0.12341
0.98901 0.01099
0.52094 0.47906
0.46028 0.53972
0.49069 0.50931
0.60276 0.39724
0.52208 0.47792
0.60456 0.39544
0.52353 0.47647
0.46350 0.53650
0.47083 0.52917
0.64897 0.35103
0.68708 0.31292
0.69772 0.30228
0.57848 0.42152
0.48822 0.51178
0.51349 0.48651
0.51797 0.48203
0.51781 0.48219
0.56079 0.43921
0.56079 0.43921
0.50063 0.49937
0.51481 0.48519
0.57896 0.42104
0.62344 0.37656
0.53663 0.46337
0.51499 0.48501
0.59793 0.40207
0.56618 0.43382
0.59216 0.40784
0.56027 0.43973
0.59216 0.40784
0.56027 0.43973
0.57087 0.42913
0.57391 0.42609
0.54648 0.45352
0.56476 0.43524
0.60536 0.39464
0.72920 0.27080
0.69571 0.30429
0.52641 0.47359
0.79212 0.20788
0.50715 0.49285
0.65234 0.34766
0.49296 0.50704
0.87726 0.12274
0.79866 0.20134
0.56816 0.43184
0.79929 0.20071
0.79142 0.20858
0.79984 0.20016
0.80291 0.19709
0.80048 0.19952
0.79984 0.20016
0.76432 0.23568
0.49615 0.50385
0.52638 0.47362
0.53589 0.46411
0.50039 0.49961
0.91052 0.08948
0.89489 0.10511
0.91318 0.08682
0.86217 0.13783
0.51622 0.48378
0.53899 0.46101
0.74097 0.25903
0.53553 0.46447
0.49070 0.50930
0.48400 0.51600
0.49340 0.50660
0.48924 0.51076
0.63615 0.36385
0.51475 0.48525
0.94648 0.05352
0.89262 0.10738
0.97176 0.02824
0.46839 0.53161
0.47647 0.52353
0.48399 0.51601
0.56577 0.43423
0.55973 0.44027
0.54459 0.45541
0.75919 0.24081
0.75919 0.24081
0.50832 0.49168
0.59179 0.40821
0.48118 0.51882
0.87097 0.12903
0.58690 0.41310
0.49495 0.50505
0.50920 0.49080
0.52227 0.47773
0.72026 0.27974
0.65610 0.34390
0.94460 0.05540
0.59321 0.40679
0.61733 0.38267
0.68196 0.31804
0.62717 0.37283
0.49886 0.50114
0.70728 0.29272
0.69405 0.30595
0.69405 0.30595
0.86891 0.13109
0.52476 0.47524
0.87311 0.12689
0.52476 0.47524
0.97847 0.02153
0.51423 0.48577
0.56053 0.43947
0.53801 0.46199
0.50683 0.49317
0.56710 0.43290
0.61065 0.38935
0.99354 0.00646
0.61526 0.38474
0.96273 0.03727
0.94410 0.05590
0.94119 0.05881
0.94074 0.05926
0.97028 0.02972
0.52735 0.47265
0.67571 0.32429
0.66598 0.33402
0.50782 0.49218
0.52924 0.47076
0.54284 0.45716
0.68175 0.31825
0.56821 0.43179
0.86199 0.13801
0.56821 0.43179
0.86199 0.13801
0.46696 0.53304
0.46775 0.53225
0.58498 0.41502
0.51661 0.48339
0.53525 0.46475
0.53590 0.46410
0.48931 0.51069
0.64857 0.35143
0.58692 0.41308
0.86972 0.13028
0.58692 0.41308
0.87553 0.12447
0.57509 0.42491
0.61230 0.38770
0.59019 0.40981
0.74565 0.25435
0.74565 0.25435
0.57670 0.42330
0.57670 0.42330
0.47623 0.52377
0.50452 0.49548
0.55591 0.44409
0.54140 0.45860
0.54431 0.45569
0.54644 0.45356
0.55039 0.44961
0.56979 0.43021
0.57526 0.42474
0.92717 0.07283
0.54643 0.45357
0.52666 0.47334
0.52168 0.47832
0.64121 0.35879
0.54154 0.45846
0.51577 0.48423
0.64579 0.35421
0.63900 0.36100
0.86011 0.13989
0.85603 0.14397
0.86011 0.13989
0.85603 0.14397
0.53498 0.46502
0.74580 0.25420
0.55276 0.44724
0.70371 0.29629
0.70371 0.29629
0.69541 0.30459
0.53345 0.46655
0.51896 0.48104
0.75297 0.24703
0.99486 0.00514
0.52752 0.47248
0.50858 0.49142
0.50681 0.49319
0.85954 0.14046
0.56595 0.43405
0.56595 0.43405
0.85077 0.14923
0.86052 0.13948
0.56595 0.43405
0.56595 0.43405
0.84862 0.15138
0.48522 0.51478
0.50118 0.49882
0.66230 0.33770
0.51856 0.48144
0.50859 0.49141
0.51871 0.48129
0.81641 0.18359
0.81838 0.18162
0.81442 0.18558
0.80134 0.19866
0.84154 0.15846
0.84344 0.15656
0.80303 0.19697
0.80303 0.19697
0.80303 0.19697
0.80303 0.19697
0.58829 0.41171
0.46541 0.53459
0.46541 0.53459
0.88096 0.11904
0.64285 0.35715
0.96703 0.03297
0.85644 0.14356
0.54070 0.45930
0.54070 0.45930
0.55652 0.44348
0.77084 0.22916
0.76168 0.23832
0.53629 0.46371
0.51149 0.48851
0.48071 0.51929
0.55269 0.44731
0.50820 0.49180
0.49661 0.50339
0.49661 0.50339
0.53118 0.46882
0.64992 0.35008
0.54814 0.45186
0.51858 0.48142
0.70800 0.29200
0.84121 0.15879
0.88954 0.11046
0.84212 0.15788
0.47966 0.52034
0.69989 0.30011
0.73899 0.26101
0.72047 0.27953
0.58363 0.41637
0.63498 0.36502
0.79231 0.20769
0.75660 0.24340
0.85349 0.14651
0.82867 0.17133
0.54731 0.45269
0.55181 0.44819
0.77952 0.22048
0.85397 0.14603
0.82922 0.17078
0.54813 0.45187
0.54433 0.45567
0.46404 0.53596
0.46271 0.53729
0.61346 0.38654
0.52477 0.47523
0.77393 0.22607
0.62409 0.37591
0.60293 0.39707
0.60293 0.39707
0.67167 0.32833
0.46918 0.53082
0.49664 0.50336
0.72762 0.27238
0.51008 0.48992
0.70428 0.29572
0.69771 0.30229
0.61035 0.38965
0.87536 0.12464
0.60167 0.39833
0.87079 0.12921
0.58595 0.41405
0.58595 0.41405
0.56570 0.43430
0.56570 0.43430
0.83960 0.16040
0.83597 0.16403
0.82399 0.17601
0.55110 0.44890
0.70682 0.29318
0.49021 0.50979
0.46610 0.53390
0.59418 0.40582
0.47067 0.52933
0.59418 0.40582
0.47067 0.52933
0.74948 0.25052
0.51492 0.48508
0.75281 0.24719
0.51860 0.48140
0.65515 0.34485
0.51739 0.48261
0.65366 0.34634
0.55939 0.44061
0.58540 0.41460
0.55773 0.44227
0.63551 0.36449
0.74195 0.25805
0.53466 0.46534
0.56925 0.43075
0.74038 0.25962
0.53289 0.46711
0.56757 0.43243
0.91706 0.08294
0.91629 0.08371
0.53282 0.46718
0.53950 0.46050
0.55548 0.44452
0.91454 0.08546
0.91828 0.08172
0.91828 0.08172
0.88418 0.11582
0.88418 0.11582
0.76865 0.23135
0.80337 0.19663
0.80337 0.19663
0.82647 0.17353
0.70934 0.29066
0.74787 0.25213
0.74787 0.25213
0.79686 0.20314
0.69950 0.30050
0.61566 0.38434
0.75017 0.24983
0.73965 0.26035
0.91112 0.08888
0.91112 0.08888
0.87077 0.12923
0.87077 0.12923
0.96674 0.03326
0.54688 0.45312
0.55091 0.44909
0.50450 0.49550
0.54473 0.45527
0.53646 0.46354
0.67662 0.32338
0.51110 0.48890
0.81507 0.18493
0.88969 0.11031
0.53301 0.46699
0.83873 0.16127
0.51330 0.48670
0.97352 0.02648
0.88512 0.11488
0.48588 0.51412
0.70868 0.29132
0.90261 0.09739
0.90720 0.09280
0.50130 0.49870
0.50319 0.49681
0.49927 0.50073
0.50116 0.49884
0.92794 0.07206
0.79152 0.20848
0.94401 0.05599
0.51913 0.48087
0.53685 0.46315
0.74952 0.25048
0.87303 0.12697
0.55315 0.44685
0.55806 0.44194
0.55467 0.44533
0.55138 0.44862
0.67394 0.32606
0.69695 0.30305
0.83250 0.16750
0.96759 0.03241
0.77502 0.22498
0.77502 0.22498
0.96759 0.03241
0.83155 0.16845
0.81788 0.18212
0.68427 0.31573
0.67516 0.32484
0.46041 0.53959
0.64233 0.35767
0.53272 0.46728
0.53455 0.46545
0.70392 0.29608
0.50279 0.49721
0.49077 0.50923
0.49423 0.50577
0.77464 0.22536
0.77288 0.22712
0.75283 0.24717
0.76150 0.23850
0.51676 0.48324
0.73972 0.26028
0.53780 0.46220
0.77533 0.22467
0.84269 0.15731
0.80300 0.19700
0.78738 0.21262
0.85232 0.14768
0.77742 0.22258
0.64990 0.35010
0.60023 0.39977
0.52449 0.47551
0.90020 0.09980
0.83850 0.16150
0.84828 0.15172
0.82893 0.17107
0.57176 0.42824
0.56984 0.43016
0.84718 0.15282
0.67096 0.32904
0.91389 0.08611
0.70682 0.29318
0.50381 0.49619
0.65781 0.34219
0.51044 0.48956
0.67248 0.32752
0.65524 0.34476
0.70824 0.29176
0.54424 0.45576
0.62719 0.37281
0.90220 0.09780
0.56215 0.43785
0.56140 0.43860
0.61336 0.38664
0.60060 0.39940
0.88418 0.11582
0.61275 0.38725
0.89198 0.10802
0.60318 0.39682
0.59064 0.40936
0.88608 0.11392
0.60241 0.39759
0.89212 0.10788
0.66587 0.33413
0.54251 0.45749
0.74414 0.25586
0.54181 0.45819
0.73694 0.26306
0.54324 0.45676
0.53370 0.46630
0.61257 0.38743
0.86433 0.13567
0.86763 0.13237
0.97565 0.02435
0.52851 0.47149
0.76016 0.23984
0.52803 0.47197
0.86414 0.13586
0.52803 0.47197
0.86414 0.13586
0.85585 0.14415
0.99697 0.00303
0.54421 0.45579
0.61835 0.38165
0.78047 0.21953
0.54519 0.45481
0.59838 0.40162
0.56014 0.43986
0.56689 0.43311
0.98064 0.01936
0.84517 0.15483
0.73055 0.26945
0.51727 0.48273
0.73677 0.26323
0.47576 0.52424
0.78013 0.21987
0.80117 0.19883
0.78848 0.21152
0.52117 0.47883
0.92248 0.07752
0.97229 0.02771
0.74593 0.25407
0.72394 0.27606
0.53274 0.46726
0.71741 0.28259
0.53786 0.46214
0.46240 0.53760
0.53451 0.46549
0.46244 0.53756
0.49361 0.50639
0.64197 0.35803
0.47850 0.52150
0.59733 0.40267
0.82364 0.17636
0.53934 0.46066
0.98249 0.01751
0.55671 0.44329
0.99021 0.00979
0.55462 0.44538
0.69325 0.30675
0.89886 0.10114
0.92380 0.07620
0.90526 0.09474
0.73906 0.26094
0.94779 0.05221
0.54663 0.45337
0.74096 0.25904
0.66299 0.33701
0.68041 0.31959
0.59464 0.40536
0.71983 0.28017
0.88863 0.11137
0.88681 0.11319
0.53817 0.46183
0.90355 0.09645
0.99502 0.00498
0.54149 0.45851
0.73191 0.26809
0.53192 0.46808
0.72837 0.27163
0.81873 0.18127
0.54584 0.45416
0.73944 0.26056
0.82685 0.17315
0.54307 0.45693
0.82617 0.17383
0.52946 0.47054
0.81733 0.18267
0.54289 0.45711
0.55578 0.44422
0.46775 0.53225
0.46731 0.53269
0.70674 0.29326
0.70643 0.29357
0.60433 0.39567
0.55915 0.44085
0.62588 0.37412
0.54386 0.45614
0.85784 0.14216
0.55930 0.44070
0.89007 0.10993
0.97754 0.02246
0.88966 0.11034
0.64334 0.35666
0.64383 0.35617
0.64383 0.35617
0.51337 0.48663
0.51778 0.48222
0.53460 0.46540
0.54866 0.45134
0.54568 0.45432
0.98036 0.01964
0.46869 0.53131
0.46508 0.53492
0.79274 0.20726
0.48712 0.51288
0.55682 0.44318
0.55592 0.44408
0.55909 0.44091
0.55815 0.44185
0.55556 0.44444
0.55469 0.44531
0.81094 0.18906
0.82036 0.17964
0.55989 0.44011
0.55890 0.44110
0.63746 0.36254
0.47923 0.52077
0.48667 0.51333
0.46777 0.53223
0.70934 0.29066
0.70934 0.29066
0.74340 0.25660
0.74340 0.25660
0.72404 0.27596
0.72404 0.27596
0.75647 0.24353
0.75647 0.24353
0.74608 0.25392
0.74608 0.25392
0.70733 0.29267
0.70733 0.29267
0.52506 0.47494
0.83233 0.16767
0.79485 0.20515
0.53278 0.46722
0.51863 0.48137
0.53362 0.46638
0.82799 0.17201
0.53493 0.46507
0.95842 0.04158
0.80158 0.19842
0.81458 0.18542
0.79500 0.20500
0.65216 0.34784
0.52332 0.47668
0.52199 0.47801
0.52199 0.47801
0.85835 0.14165
0.85845 0.14155
0.85724 0.14276
0.91741 0.08259
0.91750 0.08250
0.91651 0.08349
0.81469 0.18531
0.81378 0.18622
0.64629 0.35371
0.64732 0.35268
0.64631 0.35369
0.90837 0.09163
0.91182 0.08818
0.55635 0.44365
0.84051 0.15949
0.86057 0.13943
0.84872 0.15128
0.55145 0.44855
0.55098 0.44902
0.55098 0.44902
0.55145 0.44855
0.68923 0.31077
0.77414 0.22586
0.55053 0.44947
0.57466 0.42534
0.96756 0.03244
0.57185 0.42815
0.96692 0.03308
0.78676 0.21324
0.78676 0.21324
0.80062 0.19938
0.51249 0.48751
0.51319 0.48681
0.55108 0.44892
0.67404 0.32596
0.67930 0.32070
0.62305 0.37695
0.72965 0.27035
0.75333 0.24667
0.50761 0.49239
0.51205 0.48795
0.51929 0.48071
0.52594 0.47406
0.85169 0.14831
0.86912 0.13088
0.52777 0.47223
0.53699 0.46301
0.85169 0.14831
0.86912 0.13088
0.52777 0.47223
0.53699 0.46301
0.57671 0.42329
0.58952 0.41048
0.88745 0.11255
0.77013 0.22987
0.91404 0.08596
0.92746 0.07254
0.48078 0.51922
0.54684 0.45316
0.50172 0.49828
0.55564 0.44436
0.56441 0.43559
0.55564 0.44436
0.56441 0.43559
0.53143 0.46857
0.53143 0.46857
0.53143 0.46857
0.53143 0.46857
0.61825 0.38175
0.54445 0.45555
0.50289 0.49711
0.59937 0.40063
0.53835 0.46165
0.54160 0.45840
0.50318 0.49682
0.48868 0.51132
0.51850 0.48150
0.52956 0.47044
0.51241 0.48759
0.52542 0.47458
0.50852 0.49148
0.85128 0.14872
0.53066 0.46934
0.82140 0.17860
0.82666 0.17334
0.97377 0.02623
0.83660 0.16340
0.85259 0.14741
0.50056 0.49944
0.93948 0.06052
0.90640 0.09360
0.82242 0.17758
0.51801 0.48199
0.46054 0.53946
0.47733 0.52267
0.62855 0.37145
0.72126 0.27874
0.56083 0.43917
0.81317 0.18683
0.55425 0.44575
0.85872 0.14128
0.52291 0.47709
0.54356 0.45644
0.51632 0.48368
0.98148 0.01852
0.73750 0.26250
0.52638 0.47362
0.80358 0.19642
0.58690 0.41310
0.52988 0.47012
0.52988 0.47012
0.83688 0.16312
0.79553 0.20447
0.52362 0.47638
0.52003 0.47997
0.70607 0.29393
0.51819 0.48181
0.49689 0.50311
0.56130 0.43870
0.56059 0.43941
0.54692 0.45308
0.94985 0.05015
0.95033 0.04967
0.54001 0.45999
0.78713 0.21287
0.79104 0.20896
0.94154 0.05846
0.57490 0.42510
0.49011 0.50989
0.66805 0.33195
0.51926 0.48074
0.51548 0.48452
0.51980 0.48020
0.78822 0.21178
0.67200 0.32800
0.51548 0.48452
0.51980 0.48020
0.52532 0.47468
0.52532 0.47468
0.52009 0.47991
0.52907 0.47093
0.53423 0.46577
0.52163 0.47837
0.54124 0.45876
0.54234 0.45766
0.50828 0.49172
0.50656 0.49344
0.79774 0.20226
0.49981 0.50019
0.57318 0.42682
0.97606 0.02394
0.92187 0.07813
0.57699 0.42301
0.96894 0.03106
0.81249 0.18751
0.94812 0.05188
0.92075 0.07925
0.92075 0.07925
0.53322 0.46678
0.57822 0.42178
0.57488 0.42512
0.55525 0.44475
0.83815 0.16185
0.56695 0.43305
0.56927 0.43073
0.56712 0.43288
0.54829 0.45171
0.57877 0.42123
0.57213 0.42787
0.77302 0.22698
0.58424 0.41576
0.57754 0.42246
0.53814 0.46186
0.53814 0.46186
0.72882 0.27118
0.72882 0.27118
0.54286 0.45714
0.54286 0.45714
0.75750 0.24250
0.81886 0.18114
0.51058 0.48942
0.53317 0.46683
0.53317 0.46683
0.70225 0.29775
0.70225 0.29775
0.66523 0.33477
0.66523 0.33477
0.55632 0.44368
0.84011 0.15989
0.54205 0.45795
0.50951 0.49049
0.52454 0.47546
0.51856 0.48144
0.61336 0.38664
0.58330 0.41670
0.60968 0.39032
0.49910 0.50090
0.74679 0.25321
0.61990 0.38010
0.61990 0.38010
0.82057 0.17943
0.54957 0.45043
0.50177 0.49823
0.83804 0.16196
0.55852 0.44148
0.55867 0.44133
0.90780 0.09220
0.91698 0.08302
0.91702 0.08298
0.83821 0.16179
0.98894 0.01106
0.98896 0.01104
0.79554 0.20446
0.55738 0.44262
0.81782 0.18218
0.54465 0.45535
0.51590 0.48410
0.51217 0.48783
0.56936 0.43064
0.64706 0.35294
0.58150 0.41850
0.64706 0.35294
0.58150 0.41850
0.75926 0.24074
0.51800 0.48200
0.50549 0.49451
0.53860 0.46140
0.48091 0.51909
0.54162 0.45838
0.56185 0.43815
0.52699 0.47301
0.54228 0.45772
0.84737 0.15263
0.80065 0.19935
0.66480 0.33520
0.66878 0.33122
0.87323 0.12677
0.57531 0.42469
0.51404 0.48596
0.51275 0.48725
0.49421 0.50579
0.95581 0.04419
0.52647 0.47353
0.52451 0.47549
0.52451 0.47549
0.54598 0.45402
0.61700 0.38300
0.51678 0.48322
0.51404 0.48596
0.52537 0.47463
0.62317 0.37683
0.52475 0.47525
0.51756 0.48244
0.84924 0.15076
0.98422 0.01578
0.91683 0.08317
0.51493 0.48507
0.50426 0.49574
0.51690 0.48310
0.53297 0.46703
0.55170 0.44830
0.54502 0.45498
0.55840 0.44160
0.52160 0.47840
0.51339 0.48661
0.47638 0.52362
0.53804 0.46196
0.81438 0.18562
0.47158 0.52842
0.49860 0.50140
0.49171 0.50829
0.53609 0.46391
0.53492 0.46508
0.88373 0.11627
0.99607 0.00393
0.60571 0.39429
0.60571 0.39429
0.85745 0.14255
0.69505 0.30495
0.69197 0.30803
0.69505 0.30495
0.68484 0.31516
0.69505 0.30495
0.69505 0.30495
0.69197 0.30803
0.69505 0.30495
0.68484 0.31516
0.69505 0.30495
0.69505 0.30495
0.69197 0.30803
0.69505 0.30495
0.68484 0.31516
0.69505 0.30495
0.66499 0.33501
0.85210 0.14790
0.57871 0.42129
0.83668 0.16332
0.52795 0.47205
0.57702 0.42298
0.57793 0.42207
0.46922 0.53078
0.96675 0.03325
0.55087 0.44913
0.51779 0.48221
0.51619 0.48381
0.73150 0.26850
0.69127 0.30873
0.50293 0.49707
0.74667 0.25333
0.60057 0.39943
0.74667 0.25333
0.60057 0.39943
0.52107 0.47893
0.73568 0.26432
0.49129 0.50871
0.55575 0.44425
0.95441 0.04559
0.75916 0.24084
0.55575 0.44425
0.95429 0.04571
0.75840 0.24160
0.56279 0.43721
0.66978 0.33022
0.62825 0.37175
0.56279 0.43721
0.66978 0.33022
0.62825 0.37175
0.54836 0.45164
0.54836 0.45164
0.54836 0.45164
0.54836 0.45164
0.49537 0.50463
0.52290 0.47710
0.70983 0.29017
0.49603 0.50397
0.52232 0.47768
0.51777 0.48223
0.51883 0.48117
0.50608 0.49392
0.51504 0.48496
0.90919 0.09081
0.91748 0.08252
0.91605 0.08395
0.57903 0.42097
0.58593 0.41407
0.59089 0.40911
0.59209 0.40791
0.57903 0.42097
0.58593 0.41407
0.59089 0.40911
0.65432 0.34568
0.50453 0.49547
0.50984 0.49016
0.55875 0.44125
0.78465 0.21535
0.80330 0.19670
0.79999 0.20001
0.48085 0.51915
0.65615 0.34385
0.69454 0.30546
0.53160 0.46840
0.55195 0.44805
0.88118 0.11882
0.88118 0.11882
0.88884 0.11116
0.57802 0.42198
0.99187 0.00813
0.91254 0.08746
0.93749 0.06251
0.77534 0.22466
0.74731 0.25269
0.51084 0.48916
0.53335 0.46665
0.73798 0.26202
0.53293 0.46707
0.69849 0.30151
0.52911 0.47089
0.52432 0.47568
0.65450 0.34550
0.50000 0.50000
0.56393 0.43607
0.88427 0.11573
0.56077 0.43923
0.55265 0.44735
0.58571 0.41429
0.54423 0.45577
0.57397 0.42603
0.97085 0.02915
0.87006 0.12994
0.54127 0.45873
0.54009 0.45991
0.83841 0.16159
0.86149 0.13851
0.57770 0.42230
0.52600 0.47400
0.58662 0.41338
0.80852 0.19148
0.57751 0.42249
0.57055 0.42945
0.52739 0.47261
0.52739 0.47261
0.52854 0.47146
0.52486 0.47514
0.76392 0.23608
0.53467 0.46533
0.79206 0.20794
0.79206 0.20794
0.54874 0.45126
0.96933 0.03067
0.87158 0.12842
0.77288 0.22712
0.76271 0.23729
0.92888 0.07112
0.88001 0.11999
0.97156 0.02844
0.65267 0.34733
0.63626 0.36374
0.53156 0.46844
0.51903 0.48097
0.51731 0.48269
0.78721 0.21279
0.54942 0.45058
0.55806 0.44194
0.70527 0.29473
0.54737 0.45263
0.54456 0.45544
0.77355 0.22645
0.71893 0.28107
0.56096 0.43904
0.46113 0.53887
0.52223 0.47777
0.50796 0.49204
0.73040 0.26960
0.56125 0.43875
0.69114 0.30886
0.57880 0.42120
0.86382 0.13618
0.86382 0.13618
0.98841 0.01159
0.86382 0.13618
0.98841 0.01159
0.59495 0.40505
0.48768 0.51232
0.81253 0.18747
0.78757 0.21243
0.57222 0.42778
0.57222 0.42778
0.57222 0.42778
0.72659 0.27341
0.72659 0.27341
0.48532 0.51468
0.49715 0.50285
0.96570 0.03430
0.79364 0.20636
0.64170 0.35830
0.55517 0.44483
0.55634 0.44366
0.59035 0.40966
0.51633 0.48367
0.49527 0.50473
0.82904 0.17096
0.80658 0.19342
0.49889 0.50111
0.88182 0.11818
0.52918 0.47082
0.50127 0.49873
0.55786 0.44214
0.59706 0.40294
0.55786 0.44214
0.59706 0.40294
0.55786 0.44214
0.59706 0.40294
0.55786 0.44214
0.59706 0.40294
0.99785 0.00215
0.93729 0.06271
0.99785 0.00215
0.93399 0.06601
0.60459 0.39541
0.57049 0.42951
0.58557 0.41443
0.49834 0.50166
0.68878 0.31122
0.60568 0.39432
0.85676 0.14324
0.96066 0.03934
0.85829 0.14171
0.60226 0.39774
0.95674 0.04326
0.47444 0.52556
0.53195 0.46805
0.97853 0.02147
0.97585 0.02415
0.97818 0.02182
0.97818 0.02182
0.98947 0.01053
0.99057 0.00943
0.54801 0.45199
0.54801 0.45199
0.54801 0.45199
0.53578 0.46422
0.48022 0.51978
0.85611 0.14389
0.53590 0.46410
0.55322 0.44678
0.58685 0.41315
0.58685 0.41315
0.57510 0.42490
0.95977 0.04023
0.54153 0.45847
0.49444 0.50556
0.66718 0.33282
0.64955 0.35045
0.46225 0.53775
0.70316 0.29684
0.73976 0.26024
0.72154 0.27846
0.55132 0.44868
0.57461 0.42539
0.56570 0.43430
0.70316 0.29684
0.73976 0.26024
0.72154 0.27846
0.59876 0.40124
0.62940 0.37060
0.66178 0.33822
0.62887 0.37113
0.50714 0.49286
0.52525 0.47475
0.50895 0.49105
0.49103 0.50897
0.53577 0.46423
0.81174 0.18826
0.84493 0.15507
0.54737 0.45263
0.48897 0.51103
0.87492 0.12508
0.53124 0.46876
0.52112 0.47888
0.52234 0.47766
0.49981 0.50019
0.46952 0.53048
0.53772 0.46228
0.53488 0.46512
0.57507 0.42493
0.53448 0.46552
0.76637 0.23363
0.53255 0.46745
0.57278 0.42722
0.72291 0.27709
0.78417 0.21583
0.80922 0.19078
0.80922 0.19078
0.83625 0.16375
0.85930 0.14070
0.87112 0.12888
0.79138 0.20862
0.79138 0.20862
0.52620 0.47380
0.48670 0.51330
0.80832 0.19168
0.80848 0.19152
0.80352 0.19648
0.52220 0.47780
0.54680 0.45320
0.83774 0.16226
0.99688 0.00312
0.48501 0.51499
0.48993 0.51007
0.49328 0.50672
0.47576 0.52424
0.47528 0.52472
0.69749 0.30251
0.51145 0.48855
0.51847 0.48153
0.44868 0.55132
0.49137 0.50863
0.58794 0.41206
0.48434 0.51566
0.49200 0.50800
0.84085 0.15915
0.97660 0.02340
0.65931 0.34069
0.75617 0.24383
0.75137 0.24863
0.82060 0.17940
0.82060 0.17940
0.99093 0.00907
0.82509 0.17491
0.98800 0.01200
0.80235 0.19765
0.83350 0.16650
0.82325 0.17675
0.74473 0.25527
0.47833 0.52167
0.47086 0.52914
0.74428 0.25572
0.94219 0.05781
0.73720 0.26280
0.93954 0.06046
0.86244 0.13756
0.58232 0.41768
0.83921 0.16079
0.55047 0.44953
0.79908 0.20092
0.55600 0.44400
0.80475 0.19525
0.86628 0.13372
0.87259 0.12741
0.97363 0.02637
0.53742 0.46258
0.78535 0.21465
0.97519 0.02481
0.54722 0.45278
0.79341 0.20659
0.48506 0.51494
0.52496 0.47504
0.49204 0.50796
0.49828 0.50172
0.50296 0.49704
0.48952 0.51048
0.94638 0.05362
0.59851 0.40149
0.94217 0.05783
0.57588 0.42412
0.57707 0.42293
0.89803 0.10197
0.89892 0.10108
0.53596 0.46404
0.53596 0.46404
0.84510 0.15490
0.84510 0.15490
0.53596 0.46404
0.53596 0.46404
0.53596 0.46404
0.53596 0.46404
0.79853 0.20147
0.75417 0.24583
0.75417 0.24583
0.53292 0.46708
0.79242 0.20758
0.99249 0.00751
0.96310 0.03690
0.53378 0.46622
0.53865 0.46135
0.99318 0.00682
0.99319 0.00681
0.99319 0.00681
0.99089 0.00911
0.97292 0.02708
0.86486 0.13514
0.86486 0.13514
0.54171 0.45829
0.74133 0.25867
0.51134 0.48866
0.53336 0.46664
0.49028 0.50972
0.53084 0.46916
0.52040 0.47960
0.50399 0.49601
0.58696 0.41304
0.57337 0.42663
0.64479 0.35521
0.64479 0.35521
0.47025 0.52975
0.97730 0.02270
0.85404 0.14596
0.55452 0.44548
0.52191 0.47809
0.55793 0.44207
0.62539 0.37461
0.61962 0.38038
0.63190 0.36810
0.62274 0.37726
0.61563 0.38437
0.61394 0.38606
0.51864 0.48136
0.52848 0.47152
0.51405 0.48595
0.52281 0.47719
0.50335 0.49665
0.75311 0.24689
0.47868 0.52132
0.64080 0.35920
0.64973 0.35027
0.60809 0.39191
0.48065 0.51935
0.63034 0.36966
0.63034 0.36966
0.51060 0.48940
0.49295 0.50705
0.51982 0.48018
0.55743 0.44257
0.87980 0.12020
0.52817 0.47183
0.52817 0.47183
0.52817 0.47183
0.52817 0.47183
0.46652 0.53348
0.46915 0.53085
0.49994 0.50006
0.49491 0.50509
0.69403 0.30597
0.48855 0.51145
0.64106 0.35894
0.69606 0.30394
0.69223 0.30777
0.69223 0.30777
0.60723 0.39277
0.77148 0.22852
0.82247 0.17753
0.82247 0.17753
0.78035 0.21965
0.78035 0.21965
0.55466 0.44534
0.54463 0.45537
0.69506 0.30494
0.69506 0.30494
0.98466 0.01534
0.94764 0.05236
0.94764 0.05236
0.84460 0.15540
0.78697 0.21303
0.51442 0.48558
0.97186 0.02814
0.59803 0.40197
0.77616 0.22384
0.77760 0.22240
0.81532 0.18468
0.76870 0.23130
0.93262 0.06738
0.76801 0.23199
0.96409 0.03591
0.96409 0.03591
0.47194 0.52806
0.47601 0.52399
0.60414 0.39586
0.91089 0.08911
0.92010 0.07990
0.91336 0.08664
0.47979 0.52021
0.67192 0.32808
0.76083 0.23917
0.48856 0.51144
0.67341 0.32659
0.49049 0.50951
0.94671 0.05329
0.67192 0.32808
0.76083 0.23917
0.48856 0.51144
0.73278 0.26722
0.58140 0.41860
0.58316 0.41684
0.79324 0.20676
0.82679 0.17321
0.78001 0.21999
0.56266 0.43734
0.56266 0.43734
0.67082 0.32918
0.68150 0.31850
0.54252 0.45748
0.54252 0.45748
0.72397 0.27603
0.73540 0.26460
0.54195 0.45805
0.74777 0.25223
0.51921 0.48079
0.74777 0.25223
0.51201 0.48799
0.51986 0.48014
0.51201 0.48799
0.51201 0.48799
0.51986 0.48014
0.51201 0.48799
0.81199 0.18801
0.76686 0.23314
0.58757 0.41243
0.56125 0.43875
0.80663 0.19337
0.82822 0.17178
0.54389 0.45611
0.54022 0.45978
0.54520 0.45480
0.54149 0.45851
0.87065 0.12935
0.57535 0.42465
0.47184 0.52816
0.47516 0.52484
0.60177 0.39823
0.61677 0.38323
0.56235 0.43765
0.56161 0.43839
0.80564 0.19436
0.80492 0.19508
0.74447 0.25553
0.74240 0.25760
0.74028 0.25972
0.52803 0.47197
0.52753 0.47247
0.50014 0.49986
0.49829 0.50171
0.50709 0.49291
0.50752 0.49248
0.55488 0.44512
0.90445 0.09555
0.52098 0.47902
0.52098 0.47902
0.46800 0.53200
0.81545 0.18455
0.80228 0.19772
0.80963 0.19037
0.81795 0.18205
0.81255 0.18745
0.50020 0.49980
0.71953 0.28047
0.80791 0.19209
0.51245 0.48755
0.49363 0.50637
0.49560 0.50440
0.49384 0.50616
0.73514 0.26486
0.53993 0.46007
0.54582 0.45418
0.54028 0.45972
0.52494 0.47506
0.52898 0.47102
0.52519 0.47481
0.79647 0.20353
0.79647 0.20353
0.52567 0.47433
0.52567 0.47433
0.68397 0.31603
0.72107 0.27893
0.74960 0.25040
0.47060 0.52940
0.53552 0.46448
0.59471 0.40529
0.67781 0.32219
0.49476 0.50524
0.64482 0.35518
0.48822 0.51178
0.79603 0.20397
0.79980 0.20020
0.47243 0.52757
0.47029 0.52971
0.61508 0.38492
0.61515 0.38485
0.47308 0.52692
0.50383 0.49617
0.58167 0.41833
0.73419 0.26581
0.50329 0.49671
0.50329 0.49671
0.51610 0.48390
0.60243 0.39757
0.96188 0.03812
0.95896 0.04104
0.95459 0.04541
0.99731 0.00269
0.93317 0.06683
0.85296 0.14704
0.92375 0.07625
0.85435 0.14565
0.94669 0.05331
0.94778 0.05222
0.86981 0.13019
0.93607 0.06393
0.75729 0.24271
0.77507 0.22493
0.99045 0.00955
0.87656 0.12344
0.86144 0.13856
0.89818 0.10182
0.56089 0.43911
0.52879 0.47121
0.73660 0.26340
0.77952 0.22048
0.52639 0.47361
0.74667 0.25333
0.51598 0.48402
0.48056 0.51944
0.78812 0.21188
0.52817 0.47183
0.80140 0.19860
0.54457 0.45543
0.92675 0.07325
0.91189 0.08811
0.86220 0.13780
0.83192 0.16808
0.85292 0.14708
0.86787 0.13213
0.82691 0.17309
0.55575 0.44425
0.56571 0.43429
0.54157 0.45843
0.85575 0.14425
0.84865 0.15135
0.46836 0.53164
0.57656 0.42344
0.57410 0.42590
0.52046 0.47954
0.46546 0.53454
0.51231 0.48769
0.62826 0.37174
0.68897 0.31103
0.69128 0.30872
0.48248 0.51752
0.63915 0.36085
0.92688 0.07312
0.74167 0.25833
0.53574 0.46426
0.76416 0.23584
0.99125 0.00875
0.58621 0.41379
0.49494 0.50506
0.63628 0.36372
0.93168 0.06832
0.63628 0.36372
0.93168 0.06832
0.63628 0.36372
0.93168 0.06832
0.91812 0.08188
0.65689 0.34311
0.52423 0.47577
0.90949 0.09051
0.50033 0.49967
0.50010 0.49990
0.49959 0.50041
0.46950 0.53050
0.47626 0.52374
0.56071 0.43929
0.87142 0.12857
0.68401 0.31599
0.63334 0.36666
0.68401 0.31599
0.49930 0.50070
0.75369 0.24631
0.51854 0.48146
0.51587 0.48413
0.75896 0.24104
0.68794 0.31206
0.51580 0.48420
0.47671 0.52329
0.57179 0.42821
0.81437 0.18563
0.86574 0.13426
0.57854 0.42146
0.54802 0.45198
0.54802 0.45198
0.55299 0.44701
0.74684 0.25316
0.55306 0.44694
0.97054 0.02946
0.83844 0.16156
0.49189 0.50811
0.50825 0.49175
0.51794 0.48206
0.54195 0.45805
0.53622 0.46378
0.80677 0.19323
0.80964 0.19036
0.81486 0.18514
0.53325 0.46675
0.72017 0.27983
0.72419 0.27581
0.52945 0.47055
0.66270 0.33730
0.66270 0.33730
0.92392 0.07608
0.52226 0.47774
0.52226 0.47774
0.53696 0.46304
0.47308 0.52692
0.52799 0.47201
0.55171 0.44829
0.90963 0.09037
0.92900 0.07100
0.59154 0.40846
0.72924 0.27076
0.47713 0.52287
0.48936 0.51064
0.97919 0.02081
0.97872 0.02128
0.90486 0.09514
0.90330 0.09670
0.85017 0.14983
0.96619 0.03381
0.77903 0.22097
0.79725 0.20275
0.73485 0.26515
0.73559 0.26441
0.77852 0.22148
0.94248 0.05752
0.92436 0.07564
0.91858 0.08142
0.91879 0.08121
0.86466 0.13534
0.86069 0.13931
0.87360 0.12640
0.86924 0.13076
0.89205 0.10795
0.87448 0.12552
0.58684 0.41316
0.58391 0.41609
0.59428 0.40572
0.59064 0.40936
0.57591 0.42409
0.56269 0.43731
0.58632 0.41368
0.55765 0.44235
0.85129 0.14871
0.96370 0.03630
0.96516 0.03484
0.96319 0.03681
0.59465 0.40535
0.59713 0.40287
0.57958 0.42042
0.60148 0.39852
0.99011 0.00989
0.53320 0.46680
0.85483 0.14517
0.51113 0.48887
0.51201 0.48799
0.76158 0.23842
0.81006 0.18994
0.57627 0.42373
0.79781 0.20219
0.80339 0.19661
0.79997 0.20003
0.57080 0.42920
0.54492 0.45508
0.54792 0.45208
0.80277 0.19723
0.95891 0.04109
0.54855 0.45145
0.55154 0.44846
0.57422 0.42578
0.51861 0.48139
0.80061 0.19939
0.52178 0.47822
0.52909 0.47091
0.88015 0.11985
0.52747 0.47253
0.89648 0.10352
0.53587 0.46413
0.78259 0.21741
0.53540 0.46460
0.78777 0.21223
0.95213 0.04787
0.95010 0.04990
0.50448 0.49552
0.49372 0.50628
0.59729 0.40271
0.53166 0.46834
0.65976 0.34024
0.67197 0.32803
0.53789 0.46211
0.68174 0.31826
0.80239 0.19761
0.80229 0.19771
0.78434 0.21566
0.67159 0.32841
0.68286 0.31714
0.46773 0.53227
0.46363 0.53637
0.50792 0.49208
0.94248 0.05752
0.60969 0.39031
0.53602 0.46398
0.56493 0.43507
0.53482 0.46518
0.65074 0.34926
0.52071 0.47929
0.54523 0.45477
0.50465 0.49535
0.89081 0.10919
0.92180 0.07820
0.53494 0.46506
0.55531 0.44469
0.51905 0.48095
0.55283 0.44717
0.55283 0.44717
0.57170 0.42830
0.57266 0.42734
0.57170 0.42830
0.57375 0.42625
0.60637 0.39363
0.82566 0.17434
0.79117 0.20883
0.57035 0.42965
0.56730 0.43270
0.55460 0.44540
0.58820 0.41180
0.79092 0.20908
0.98217 0.01783
0.58739 0.41261
0.58739 0.41261
0.79092 0.20908
0.98217 0.01783
0.58739 0.41261
0.58739 0.41261
0.79092 0.20908
0.98217 0.01783
0.58739 0.41261
0.58739 0.41261
0.79092 0.20908
0.98217 0.01783
0.58739 0.41261
0.49659 0.50341
0.47086 0.52914
0.54992 0.45008
0.53462 0.46538
0.90676 0.09324
0.62426 0.37574
0.88422 0.11578
0.63589 0.36411
0.47816 0.52184
0.51995 0.48005
0.51838 0.48162
0.57524 0.42476
0.57524 0.42476
0.51838 0.48162
0.51972 0.48028
0.75403 0.24597
0.59968 0.40032
0.51640 0.48360
0.51640 0.48360
0.52161 0.47839
0.51895 0.48105
0.61211 0.38789
0.61211 0.38789
0.49964 0.50036
0.64153 0.35847
0.68267 0.31733
0.54763 0.45237
0.54763 0.45237
0.53895 0.46105
0.92040 0.07960
0.92040 0.07960
0.54285 0.45715
0.54763 0.45237
0.54763 0.45237
0.53895 0.46105
0.51529 0.48471
0.51289 0.48711
0.51303 0.48697
0.51677 0.48323
0.65143 0.34857
0.56419 0.43581
0.55506 0.44494
0.55506 0.44494
0.88058 0.11942
0.53971 0.46029
0.55892 0.44108
0.58185 0.41815
0.80108 0.19892
0.83901 0.16099
0.83921 0.16079
0.87217 0.12783
0.55368 0.44632
0.57663 0.42337
0.48054 0.51946
0.52687 0.47313
0.51798 0.48202
0.51454 0.48546
0.76878 0.23122
0.76263 0.23737
0.54767 0.45233
0.75090 0.24910
0.53613 0.46387
0.50231 0.49769
0.78605 0.21395
0.50562 0.49438
0.56158 0.43842
0.58328 0.41672
0.96458 0.03542
0.83519 0.16481
0.81035 0.18965
0.87377 0.12623
0.75704 0.24296
0.56468 0.43532
0.47431 0.52569
0.61468 0.38532
0.51825 0.48175
0.51158 0.48842
0.50675 0.49325
0.51321 0.48679
0.53443 0.46557
0.69136 0.30864
0.50308 0.49692
0.77840 0.22160
0.65338 0.34662
0.88263 0.11737
0.51256 0.48744
0.61983 0.38017
0.59270 0.40730
0.81960 0.18040
0.83596 0.16404
0.75197 0.24803
0.75691 0.24309
0.93755 0.06245
0.51481 0.48519
0.94332 0.05668
0.71856 0.28144
0.70815 0.29185
0.54080 0.45920
0.58002 0.41998
0.72149 0.27851
0.70815 0.29185
0.54080 0.45920
0.96658 0.03342
0.96881 0.03119
0.96658 0.03342
0.96881 0.03119
0.72483 0.27517
0.75159 0.24841
0.78236 0.21764
0.78058 0.21942
0.78566 0.21434
0.78058 0.21942
0.67436 0.32564
0.68551 0.31449
0.78248 0.21752
0.79453 0.20547
0.78248 0.21752
0.79453 0.20547
0.78248 0.21752
0.79453 0.20547
0.79042 0.20958
0.49528 0.50472
0.50630 0.49370
0.50630 0.49370
0.62459 0.37541
0.72857 0.27143
0.72905 0.27095
0.56780 0.43220
0.56571 0.43429
0.52876 0.47124
0.64361 0.35639
0.61045 0.38955
0.50519 0.49481
0.59126 0.40874
0.48418 0.51582
0.88380 0.11620
0.47007 0.52993
0.72685 0.27315
0.62315 0.37685
0.62315 0.37685
0.88150 0.11850
0.77512 0.22488
0.85392 0.14608
0.97167 0.02833
0.99596 0.00404
0.99647 0.00353
0.97127 0.02873
0.96113 0.03887
0.99651 0.00349
0.46006 0.53994
0.45918 0.54082
0.52542 0.47458
0.80333 0.19667
0.53734 0.46266
0.94098 0.05902
0.94233 0.05767
0.52107 0.47893
0.58494 0.41506
0.58351 0.41649
0.58003 0.41997
0.58065 0.41935
0.54164 0.45836
0.79624 0.20376
0.52905 0.47095
0.59077 0.40923
0.51540 0.48460
0.51207 0.48793
0.55978 0.44022
0.72993 0.27007
0.67876 0.32124
0.76317 0.23683
0.55629 0.44371
0.55629 0.44371
0.54497 0.45503
0.54497 0.45503
0.93192 0.06808
0.93192 0.06808
0.54497 0.45503
0.54497 0.45503
0.55691 0.44309
0.55957 0.44043
0.49912 0.50088
0.51013 0.48987
0.50447 0.49553
0.98425 0.01575
0.61569 0.38431
0.63037 0.36963
0.59897 0.40103
0.59897 0.40103
0.51586 0.48414
0.51586 0.48414
0.52247 0.47753
0.52247 0.47753
0.51586 0.48414
0.51586 0.48414
0.52247 0.47753
0.52527 0.47473
0.80112 0.19888
0.46802 0.53198
0.46802 0.53198
0.51892 0.48108
0.51414 0.48586
0.46492 0.53508
0.68861 0.31139
0.77149 0.22851
0.76437 0.23563
0.76437 0.23563
0.51034 0.48966
0.50989 0.49011
0.84542 0.15458
0.86751 0.13249
0.81280 0.18720
0.96237 0.03763
0.54935 0.45065
0.52494 0.47506
0.51741 0.48259
0.80957 0.19043
0.82551 0.17449
0.82300 0.17700
0.82034 0.17966
0.78159 0.21841
0.79205 0.20795
0.64229 0.35771
0.54302 0.45698
0.55866 0.44134
0.55866 0.44134
0.55611 0.44389
0.55611 0.44389
0.52285 0.47715
0.52285 0.47715
0.52448 0.47552
0.52448 0.47552
0.53974 0.46026
0.54252 0.45748
0.94560 0.05440
0.53104 0.46896
0.53349 0.46651
0.97663 0.02337
0.80335 0.19665
0.92478 0.07522
0.58175 0.41825
0.87036 0.12964
0.90346 0.09654
0.90346 0.09654
0.75889 0.24111
0.76410 0.23590
0.75754 0.24246
0.76293 0.23707
0.75395 0.24605
0.79578 0.20422
0.79678 0.20322
0.51821 0.48179
0.97622 0.02378
0.97179 0.02821
0.87965 0.12035
0.82451 0.17549
0.96565 0.03435
0.80975 0.19025
0.55393 0.44607
0.82451 0.17549
0.96565 0.03435
0.94758 0.05242
0.94758 0.05242
0.95708 0.04292
0.99857 0.00143
0.48215 0.51785
0.54356 0.45644
0.56475 0.43525
0.54688 0.45312
0.98670 0.01330
0.55072 0.44928
0.98580 0.01420
0.88430 0.11570
0.47278 0.52722
0.47706 0.52294
0.51382 0.48618
0.52239 0.47761
0.71171 0.28829
0.56753 0.43247
0.89112 0.10888
0.57314 0.42686
0.91245 0.08755
0.52822 0.47178
0.81119 0.18881
0.69370 0.30630
0.57733 0.42267
0.70893 0.29107
0.53589 0.46411
0.74154 0.25846
0.53825 0.46175
0.51119 0.48881
0.50920 0.49080
0.51006 0.48994
0.50807 0.49193
0.54794 0.45206
0.54225 0.45775
0.54958 0.45042
0.54387 0.45613
0.54707 0.45293
0.54146 0.45854
0.49809 0.50191
0.49615 0.50385
0.49207 0.50793
0.51569 0.48431
0.50266 0.49734
0.69687 0.30313
0.55045 0.44955
0.54699 0.45301
0.54775 0.45225
0.50440 0.49560
0.50471 0.49529
0.50440 0.49560
0.50664 0.49336
0.50664 0.49336
0.50788 0.49212
0.49561 0.50439
0.49377 0.50623
0.52034 0.47966
0.51104 0.48896
0.93323 0.06677
0.74038 0.25962
0.94775 0.05225
0.75144 0.24856
0.87740 0.12260
0.91086 0.08914
0.94963 0.05037
0.90760 0.09240
0.94771 0.05229
0.75144 0.24856
0.87740 0.12260
0.47703 0.52297
0.85876 0.14124
0.68769 0.31231
0.93409 0.06591
0.92374 0.07626
0.92190 0.07810
0.92444 0.07556
0.79448 0.20552
0.79496 0.20504
0.79127 0.20873
0.79632 0.20368
0.54136 0.45864
0.54638 0.45362
0.55378 0.44622
0.91698 0.08301
0.46095 0.53905
0.50523 0.49477
0.46787 0.53213
0.86118 0.13882
0.53863 0.46137
0.85164 0.14836
0.49629 0.50371
0.49103 0.50897
0.63189 0.36811
0.71291 0.28709
0.51260 0.48740
0.46721 0.53279
0.54281 0.45719
0.47011 0.52989
0.53412 0.46587
0.52622 0.47378
0.52147 0.47853
0.50317 0.49683
0.50637 0.49363
0.50700 0.49300
0.50693 0.49307
0.53559 0.46441
0.53411 0.46589
0.53559 0.46441
0.55504 0.44496
0.55241 0.44759
0.58235 0.41765
0.55237 0.44763
0.51649 0.48351
0.88128 0.11872
0.88005 0.11995
0.63551 0.36449
0.87825 0.12175
0.48026 0.51974
0.49681 0.50319
0.54700 0.45300
0.83044 0.16956
0.83264 0.16736
0.53854 0.46146
0.53214 0.46786
0.80585 0.19415
0.78909 0.21091
0.54800 0.45200
0.95402 0.04598
0.86242 0.13758
0.54945 0.45055
0.46945 0.53055
0.92619 0.07381
0.52261 0.47739
0.52822 0.47178
0.52288 0.47712
0.80986 0.19014
0.54212 0.45788
0.98209 0.01791
0.46735 0.53265
0.47226 0.52774
0.53189 0.46811
0.55401 0.44599
0.52838 0.47162
0.78262 0.21738
0.46650 0.53350
0.47993 0.52007
0.52042 0.47958
0.52897 0.47103
0.70878 0.29122
0.82086 0.17914
0.65778 0.34222
0.67827 0.32173
0.85814 0.14186
0.54427 0.45573
0.46606 0.53394
0.46596 0.53404
0.83932 0.16068
0.83320 0.16680
0.86904 0.13096
0.98982 0.01018
0.83465 0.16535
0.56733 0.43267
0.55190 0.44810
0.83560 0.16440
0.87104 0.12896
0.54430 0.45570
0.53667 0.46333
0.99310 0.00690
0.50249 0.49751
0.74669 0.25331
0.50551 0.49449
0.58411 0.41590
0.62690 0.37310
0.51030 0.48970
0.50636 0.49364
0.80655 0.19345
0.51195 0.48805
0.58594 0.41406
0.62618 0.37382
0.59984 0.40016
0.58833 0.41167
0.52927 0.47073
0.77968 0.22032
0.90080 0.09920
0.99228 0.00772
0.92065 0.07935
0.55657 0.44343
0.55964 0.44036
0.54951 0.45049
0.56424 0.43576
0.56763 0.43237
0.54065 0.45935
0.57317 0.42683
0.53915 0.46085
0.57121 0.42879
0.50119 0.49881
0.62892 0.37108
0.51309 0.48691
0.83497 0.16503
0.49380 0.50620
0.50828 0.49172
0.63715 0.36285
0.70431 0.29569
0.66062 0.33938
0.71039 0.28961
0.69537 0.30463
0.66887 0.33113
0.53328 0.46672
0.51694 0.48306
0.52880 0.47120
0.52794 0.47206
0.66494 0.33506
0.70431 0.29569
0.66062 0.33938
0.71039 0.28961
0.69537 0.30463
0.66887 0.33113
0.57646 0.42354
0.79877 0.20123
0.81407 0.18593
0.57256 0.42744
0.55645 0.44355
0.54035 0.45965
0.57646 0.42354
0.79877 0.20123
0.81407 0.18593
0.57123 0.42877
0.55645 0.44355
0.54035 0.45965
0.67599 0.32401
0.66912 0.33088
0.66884 0.33116
0.55700 0.44300
0.53349 0.46651
0.52844 0.47156
0.52590 0.47410
0.66552 0.33448
0.82340 0.17660
0.48695 0.51305
0.48618 0.51382
0.54041 0.45959
0.67959 0.32041
0.47263 0.52737
0.47337 0.52663
0.96476 0.03524
0.56967 0.43033
0.96177 0.03823
0.87373 0.12627
0.53224 0.46776
0.52389 0.47611
0.93341 0.06659
0.93041 0.06959
0.53777 0.46223
0.51988 0.48012
0.52180 0.47820
0.60570 0.39430
0.49539 0.50461
0.49397 0.50603
0.50061 0.49939
0.84315 0.15685
0.85705 0.14295
0.98796 0.01204
0.88802 0.11198
0.57337 0.42663
0.58394 0.41606
0.78817 0.21183
0.80502 0.19498
0.78817 0.21183
0.80502 0.19498
0.53711 0.46289
0.54566 0.45434
0.92857 0.07143
0.92857 0.07143
0.69342 0.30658
0.69342 0.30658
0.54801 0.45199
0.54801 0.45199
0.51048 0.48952
0.68552 0.31448
0.50907 0.49093
0.68351 0.31649
0.73028 0.26972
0.69734 0.30266
0.52240 0.47760
0.72340 0.27660
0.51068 0.48932
0.80080 0.19920
0.78555 0.21445
0.78875 0.21125
0.64131 0.35869
0.64131 0.35869
0.64567 0.35433
0.64567 0.35433
0.53087 0.46913
0.53087 0.46913
0.68003 0.31997
0.68003 0.31997
0.64068 0.35932
0.64068 0.35932
0.90830 0.09170
0.47908 0.52092
0.52174 0.47826
0.54367 0.45633
0.65943 0.34057
0.65088 0.34912
0.65827 0.34173
0.60331 0.39669
0.60456 0.39544
0.59819 0.40181
0.60331 0.39669
0.82594 0.17406
0.82002 0.17998
0.82517 0.17483
0.55654 0.44346
0.57888 0.42112
0.50809 0.49191
0.92846 0.07154
0.54754 0.45246
0.86953 0.13047
0.87105 0.12895
0.62091 0.37909
0.87105 0.12895
0.63055 0.36945
0.62091 0.37909
0.50284 0.49716
0.64307 0.35693
0.63057 0.36943
0.51553 0.48447
0.73147 0.26853
0.79906 0.20094
0.50103 0.49897
0.64101 0.35899
0.48093 0.51907
0.50024 0.49976
0.46803 0.53197
0.60834 0.39166
0.66651 0.33349
0.62398 0.37602
0.62303 0.37697
0.84349 0.15651
0.61393 0.38607
0.98064 0.01936
0.59988 0.40012
0.58044 0.41956
0.47136 0.52864
0.52119 0.47881
0.78183 0.21817
0.51597 0.48403
0.50419 0.49581
0.51597 0.48403
0.50419 0.49581
0.57681 0.42319
0.53685 0.46314
0.55465 0.44535
0.58425 0.41575
0.87290 0.12710
0.67972 0.32028
0.53834 0.46166
0.89883 0.10117
0.66558 0.33442
0.46660 0.53340
0.84978 0.15022
0.90277 0.09723
0.84413 0.15587
0.84427 0.15573
0.60275 0.39725
0.98166 0.01834
0.89775 0.10225
0.89185 0.10815
0.59508 0.40492
0.97655 0.02345
0.82889 0.17111
0.51432 0.48568
0.46908 0.53092
0.46788 0.53212
0.70053 0.29947
0.68950 0.31050
0.93046 0.06954
0.92125 0.07875
0.46532 0.53468
0.47443 0.52557
0.99316 0.00684
0.98779 0.01221
0.98779 0.01221
0.58050 0.41950
0.58050 0.41950
0.52590 0.47410
0.81721 0.18279
0.54297 0.45703
0.77025 0.22975
0.54297 0.45703
0.77025 0.22975
0.57981 0.42019
0.57793 0.42207
0.78837 0.21163
0.51194 0.48806
0.51803 0.48198
0.51504 0.48496
0.65707 0.34293
0.53641 0.46359
0.53591 0.46409
0.65344 0.34656
0.52800 0.47200
0.51508 0.48492
0.56840 0.43160
0.91142 0.08858
0.57473 0.42527
0.91399 0.08601
0.94246 0.05754
0.57957 0.42043
0.57564 0.42436
0.99802 0.00198
0.58281 0.41719
0.96114 0.03886
0.95389 0.04611
0.94916 0.05084
0.97179 0.02821
0.99845 0.00155
0.74029 0.25971
0.53849 0.46151
0.70581 0.29419
0.69968 0.30032
0.51027 0.48973
0.52147 0.47853
0.53608 0.46392
0.84681 0.15319
0.51628 0.48372
0.53608 0.46392
0.81377 0.18623
0.53608 0.46392
0.84681 0.15319
0.51628 0.48372
0.53608 0.46392
0.81377 0.18623
0.95651 0.04349
0.72396 0.27604
0.95651 0.04349
0.68545 0.31455
0.53094 0.46906
0.95039 0.04961
0.93577 0.06423
0.56702 0.43298
0.84063 0.15937
0.48367 0.51633
0.48425 0.51575
0.83786 0.16214
0.82931 0.17069
0.69768 0.30232
0.72386 0.27614
0.52511 0.47489
0.82275 0.17725
0.74296 0.25703
0.79313 0.20687
0.54511 0.45489
0.94627 0.05373
0.73140 0.26860
0.94640 0.05360
0.73719 0.26281
0.78751 0.21249
0.98039 0.01961
0.90043 0.09957
0.93816 0.06184
0.92953 0.07047
0.93237 0.06763
0.90043 0.09957
0.71393 0.28607
0.71991 0.28009
0.67690 0.32310
0.73257 0.26743
0.68899 0.31101
0.78141 0.21859
0.82198 0.17802
0.55458 0.44542
0.78350 0.21650
0.78326 0.21674
0.82318 0.17682
0.78006 0.21994
0.82070 0.17930
0.54611 0.45389
0.52858 0.47142
0.52821 0.47179
0.98439 0.01561
0.58484 0.41516
0.49407 0.50593
0.56446 0.43554
0.53565 0.46435
0.54306 0.45694
0.78745 0.21255
0.57718 0.42282
0.76627 0.23373
0.57487 0.42513
0.55549 0.44451
0.67856 0.32144
0.66494 0.33506
0.49632 0.50368
0.47986 0.52014
0.46554 0.53446
0.63081 0.36919
0.64254 0.35746
0.77456 0.22544
0.76181 0.23819
0.71441 0.28559
0.70829 0.29171
0.52638 0.47362
0.51187 0.48813
0.68955 0.31045
0.70445 0.29555
0.66048 0.33952
0.49173 0.50827
0.54115 0.45885
0.54544 0.45456
0.54594 0.45406
0.55111 0.44889
0.54217 0.45783
0.54544 0.45456
0.58007 0.41993
0.54251 0.45749
0.54251 0.45749
0.54251 0.45749
0.54251 0.45749
0.52253 0.47747
0.51849 0.48151
0.52529 0.47471
0.54117 0.45883
0.52855 0.47145
0.53910 0.46090
0.55285 0.44715
0.55285 0.44715
0.52225 0.47775
0.53977 0.46023
0.53887 0.46113
0.54496 0.45504
0.53876 0.46124
0.53944 0.46056
0.54496 0.45504
0.53876 0.46124
0.53702 0.46298
0.54637 0.45363
0.54034 0.45966
0.54046 0.45954
0.47063 0.52937
0.46617 0.53383
0.47143 0.52857
0.47243 0.52757
0.69988 0.30012
0.51716 0.48284
0.46921 0.53079
0.60379 0.39621
0.60549 0.39451
0.49777 0.50223
0.59339 0.40661
0.50591 0.49409
0.62382 0.37618
0.62382 0.37618
0.62580 0.37420
0.62580 0.37420
0.49706 0.50294
0.49706 0.50294
0.59089 0.40911
0.59089 0.40911
0.49706 0.50294
0.49706 0.50294
0.50487 0.49513
0.87626 0.12374
0.87356 0.12644
0.60485 0.39515
0.60939 0.39061
0.59828 0.40172
0.54233 0.45767
0.53900 0.46100
0.89268 0.10732
0.93245 0.06755
0.85470 0.14530
0.88961 0.11039
0.85966 0.14034
0.77074 0.22926
0.76668 0.23332
0.76854 0.23146
0.76854 0.23146
0.52257 0.47743
0.51472 0.48528
0.56117 0.43883
0.56387 0.43613
0.55782 0.44218
0.66989 0.33011
0.66989 0.33011
0.88115 0.11885
0.58594 0.41406
0.58552 0.41448
0.86921 0.13079
0.88755 0.11245
0.98743 0.01257
0.77160 0.22840
0.76615 0.23385
0.73326 0.26674
0.75209 0.24791
0.74596 0.25404
0.75644 0.24356
0.75446 0.24554
0.76024 0.23976
0.75830 0.24170
0.55895 0.44105
0.56625 0.43375
0.60392 0.39608
0.54588 0.45412
0.53088 0.46912
0.55556 0.44444
0.50590 0.49410
0.86679 0.13321
0.52253 0.47747
0.95999 0.04001
0.78654 0.21346
0.77510 0.22490
0.78667 0.21333
0.49746 0.50254
0.96959 0.03041
0.96959 0.03041
0.97028 0.02972
0.97028 0.02972
0.97235 0.02765
0.97235 0.02765
0.82309 0.17691
0.82309 0.17691
0.96959 0.03041
0.96959 0.03041
0.66474 0.33526
0.74240 0.25760
0.47107 0.52893
0.48918 0.51082
0.53478 0.46522
0.75487 0.24513
0.54008 0.45992
0.76300 0.23700
0.51112 0.48888
0.61316 0.38684
0.51394 0.48606
0.62582 0.37418
0.88630 0.11370
0.63967 0.36033
0.61900 0.38100
0.52563 0.47437
0.54139 0.45861
0.67360 0.32640
0.53515 0.46485
0.96924 0.03076
0.96924 0.03076
0.95643 0.04357
0.64086 0.35914
0.64086 0.35914
0.64086 0.35914
0.64086 0.35914
0.64086 0.35914
0.64086 0.35914
0.48059 0.51941
0.62176 0.37824
0.96014 0.03986
0.82557 0.17443
0.96138 0.03862
0.98051 0.01949
0.96472 0.03528
0.48076 0.51924
0.54925 0.45075
0.55949 0.44051
0.55507 0.44493
0.58498 0.41502
0.58498 0.41502
0.46697 0.53303
0.46469 0.53531
0.69674 0.30326
0.56906 0.43094
0.96470 0.03530
0.96498 0.03502
0.62199 0.37801
0.59349 0.40651
0.51020 0.48980
0.49958 0.50042
0.53181 0.46819
0.54671 0.45329
0.50626 0.49374
0.52334 0.47666
0.81919 0.18081
0.52334 0.47666
0.81919 0.18081
0.52308 0.47692
0.51982 0.48018
0.50736 0.49264
0.51538 0.48462
0.51241 0.48759
0.52308 0.47692
0.52944 0.47056
0.52308 0.47692
0.51982 0.48018
0.50736 0.49264
0.51538 0.48462
0.51241 0.48759
0.52308 0.47692
0.52944 0.47056
0.52308 0.47692
0.51982 0.48018
0.50736 0.49264
0.51538 0.48462
0.51241 0.48759
0.52308 0.47692
0.52944 0.47056
0.58964 0.41036
0.55125 0.44875
0.73571 0.26429
0.54009 0.45991
0.51940 0.48060
0.52611 0.47389
0.60756 0.39244
0.47030 0.52970
0.56188 0.43812
0.99369 0.00631
0.56263 0.43737
0.53413 0.46587
0.80812 0.19188
0.85958 0.14042
0.82723 0.17277
0.81523 0.18477
0.81783 0.18217
0.46592 0.53408
0.50075 0.49925
0.48735 0.51265
0.49392 0.50608
0.79665 0.20335
0.50467 0.49533
0.47668 0.52332
0.51281 0.48719
0.53568 0.46432
0.51126 0.48874
0.47606 0.52394
0.47606 0.52394
0.71270 0.28730
0.71270 0.28730
0.50001 0.49999
0.63611 0.36389
0.50714 0.49286
0.50679 0.49321
0.48545 0.51455
0.71080 0.28920
0.93645 0.06355
0.52457 0.47543
0.71675 0.28325
0.78767 0.21233
0.57935 0.42065
0.97543 0.02457
0.79230 0.20770
0.97399 0.02601
0.78479 0.21521
0.52840 0.47160
0.55730 0.44270
0.55948 0.44052
0.95390 0.04610
0.59133 0.40867
0.64565 0.35435
0.54990 0.45010
0.54859 0.45141
0.58795 0.41205
0.54787 0.45213
0.53800 0.46200
0.53714 0.46286
0.72527 0.27473
0.67871 0.32129
0.74249 0.25751
0.78457 0.21543
0.53339 0.46661
0.52906 0.47094
0.53856 0.46144
0.53483 0.46517
0.57171 0.42829
0.56551 0.43449
0.56345 0.43655
0.56699 0.43301
0.87744 0.12256
0.54423 0.45577
0.99243 0.00757
0.67722 0.32278
0.53577 0.46423
0.87019 0.12981
0.88520 0.11480
0.58924 0.41076
0.96720 0.03280
0.52468 0.47532
0.86300 0.13700
0.85524 0.14476
0.62956 0.37044
0.62071 0.37929
0.86300 0.13700
0.85524 0.14476
0.62956 0.37044
0.62071 0.37929
0.98948 0.01052
0.98821 0.01179
0.67320 0.32680
0.66612 0.33388
0.67320 0.32680
0.66612 0.33388
0.79145 0.20855
0.66812 0.33188
0.80454 0.19546
0.68248 0.31752
0.98948 0.01052
0.98821 0.01179
0.52895 0.47105
0.50295 0.49705
0.68540 0.31460
0.49888 0.50112
0.79675 0.20325
0.79675 0.20325
0.82620 0.17380
0.82620 0.17380
0.82620 0.17380
0.82620 0.17380
0.53284 0.46716
0.53289 0.46711
0.74413 0.25587
0.52187 0.47813
0.45595 0.54405
0.73407 0.26593
0.49383 0.50617
0.55318 0.44682
0.54395 0.45605
0.50699 0.49301
0.51846 0.48154
0.49546 0.50454
0.49546 0.50454
0.51687 0.48313
0.49139 0.50861
0.65108 0.34892
0.65108 0.34892
0.65255 0.34745
0.65255 0.34745
0.54847 0.45153
0.54837 0.45163
0.53804 0.46196
0.53799 0.46201
0.88736 0.11264
0.88700 0.11300
0.88809 0.11191
0.88772 0.11228
0.54847 0.45153
0.54837 0.45163
0.55775 0.44225
0.96850 0.03150
0.71580 0.28420
0.75090 0.24910
0.75713 0.24287
0.91269 0.08731
0.55848 0.44152
0.55978 0.44022
0.91280 0.08720
0.82203 0.17797
0.66100 0.33900
0.71437 0.28563
0.61043 0.38957
0.52334 0.47666
0.55770 0.44230
0.71297 0.28703
0.98145 0.01855
0.55331 0.44669
0.70820 0.29180
0.52592 0.47408
0.53404 0.46596
0.97048 0.02952
0.55934 0.44066
0.55301 0.44699
0.58894 0.41106
0.58894 0.41106
0.58894 0.41106
0.58894 0.41106
0.53032 0.46968
0.76037 0.23963
0.53032 0.46968
0.76037 0.23963
0.69513 0.30487
0.74223 0.25777
0.66888 0.33112
0.57386 0.42614
0.55710 0.44290
0.55202 0.44798
0.53138 0.46862
0.54597 0.45403
0.54068 0.45932
0.55710 0.44290
0.56537 0.43463
0.53532 0.46468
0.53818 0.46182
0.52254 0.47746
0.55710 0.44290
0.55202 0.44798
0.53138 0.46862
0.54597 0.45403
0.54068 0.45932
0.55710 0.44290
0.56537 0.43463
0.53532 0.46468
0.53818 0.46182
0.52254 0.47746
0.55710 0.44290
0.55202 0.44798
0.53138 0.46862
0.54597 0.45403
0.54068 0.45932
0.55710 0.44290
0.56537 0.43463
0.53532 0.46468
0.53818 0.46182
0.52254 0.47746
0.55061 0.44939
0.54596 0.45404
0.52146 0.47854
0.53031 0.46969
0.53025 0.46975
0.77309 0.22691
0.50236 0.49764
0.70369 0.29631
0.52235 0.47765
0.51562 0.48438
0.70369 0.29631
0.52235 0.47765
0.70369 0.29631
0.52235 0.47765
0.51562 0.48438
0.70369 0.29631
0.52235 0.47765
0.53400 0.46600
0.53400 0.46600
0.97916 0.02084
0.53400 0.46600
0.53400 0.46600
0.53400 0.46600
0.97916 0.02084
0.53400 0.46600
0.77049 0.22951
0.77049 0.22951
0.55092 0.44908
0.73882 0.26118
0.55092 0.44908
0.55364 0.44636
0.63047 0.36953
0.58748 0.41252
0.59241 0.40759
0.57826 0.42174
0.58949 0.41051
0.55884 0.44116
0.59010 0.40990
0.58837 0.41163
0.58730 0.41270
0.55576 0.44424
0.53511 0.46489
0.76560 0.23440
0.76997 0.23003
0.53187 0.46813
0.53282 0.46718
0.49278 0.50722
0.50313 0.49687
0.51058 0.48942
0.96080 0.03920
0.79665 0.20335
0.97434 0.02566
0.80451 0.19549
0.80451 0.19549
0.77912 0.22088
0.77912 0.22088
0.77281 0.22719
0.77281 0.22719
0.77331 0.22669
0.77331 0.22669
0.87114 0.12886
0.83649 0.16351
0.86110 0.13890
0.97881 0.02119
0.85537 0.14463
0.82109 0.17891
0.82203 0.17797
0.74870 0.25130
0.54155 0.45845
0.68641 0.31359
0.69066 0.30934
0.53413 0.46587
0.96949 0.03051
0.96154 0.03846
0.72494 0.27506
0.72490 0.27510
0.95472 0.04528
0.80023 0.19977
0.65162 0.34838
0.65077 0.34923
0.62444 0.37556
0.65943 0.34057
0.64772 0.35228
0.53290 0.46710
0.52495 0.47505
0.67847 0.32153
0.92592 0.07408
0.74735 0.25265
0.60557 0.39443
0.93018 0.06982
0.71338 0.28662
0.70931 0.29069
0.53724 0.46276
0.51267 0.48733
0.86944 0.13056
0.55221 0.44779
0.53244 0.46756
0.50833 0.49167
0.51962 0.48038
0.57655 0.42345
0.79432 0.20568
0.53419 0.46581
0.73241 0.26759
0.76800 0.23200
0.89204 0.10796
0.51023 0.48977
0.61912 0.38088
0.51775 0.48225
0.77855 0.22145
0.93066 0.06934
0.76637 0.23363
0.94095 0.05905
0.91015 0.08985
0.94069 0.05931
0.90914 0.09086
0.94624 0.05376
0.91872 0.08128
0.78960 0.21040
0.77634 0.22366
0.77589 0.22411
0.94620 0.05380
0.93846 0.06154
0.93818 0.06182
0.52322 0.47678
0.49514 0.50486
0.51722 0.48278
0.50885 0.49115
0.51780 0.48220
0.73713 0.26287
0.52404 0.47596
0.49869 0.50131
0.82672 0.17328
0.52806 0.47194
0.57682 0.42318
0.58761 0.41239
0.88406 0.11594
0.84259 0.15741
0.85374 0.14626
0.55603 0.44397
0.97348 0.02652
0.54175 0.45825
0.54708 0.45292
0.55133 0.44867
0.54175 0.45825
0.54708 0.45292
0.55133 0.44867
0.51514 0.48486
0.50040 0.49960
0.54309 0.45691
0.54309 0.45691
0.49847 0.50153
0.53498 0.46502
0.53600 0.46400
0.52341 0.47659
0.53328 0.46672
0.52471 0.47529
0.53467 0.46533
0.52580 0.47420
0.51434 0.48566
0.51546 0.48454
0.51627 0.48373
0.53677 0.46323
0.51953 0.48047
0.54969 0.45031
0.52079 0.47921
0.51885 0.48115
0.52131 0.47869
0.71395 0.28605
0.54383 0.45617
0.51082 0.48918
0.51356 0.48644
0.55602 0.44398
0.59535 0.40465
0.46586 0.53414
0.73212 0.26788
0.73170 0.26830
0.50322 0.49678
0.62560 0.37440
0.69403 0.30597
0.65923 0.34077
0.46163 0.53837
0.84598 0.15402
0.84598 0.15402
0.54008 0.45992
0.54008 0.45992
0.54008 0.45992
0.54008 0.45992
0.84481 0.15519
0.84481 0.15519
0.90243 0.09757
0.90243 0.09757
0.62152 0.37848
0.57285 0.42715
0.63330 0.36670
0.63119 0.36881
0.50249 0.49751
0.50381 0.49619
0.48783 0.51217
0.51766 0.48234
0.48176 0.51824
0.81924 0.18076
0.82067 0.17933
0.92824 0.07176
0.92898 0.07102
0.87104 0.12896
0.58984 0.41016
0.87233 0.12767
0.59220 0.40780
0.87233 0.12767
0.59220 0.40780
0.89765 0.10235
0.89841 0.10159
0.55816 0.44184
0.55405 0.44595
0.55705 0.44295
0.53066 0.46934
0.52834 0.47166
0.46540 0.53460
0.46563 0.53437
0.46450 0.53550
0.52675 0.47325
0.52675 0.47325
0.85233 0.14767
0.84158 0.15842
0.68111 0.31889
0.85865 0.14135
0.96642 0.03358
0.85058 0.14942
0.67750 0.32250
0.68416 0.31584
0.68416 0.31584
0.68416 0.31584
0.49422 0.50578
0.48720 0.51280
0.51253 0.48747
0.87554 0.12446
0.87092 0.12908
0.83795 0.16205
0.67176 0.32824
0.68125 0.31875
0.66426 0.33574
0.51341 0.48659
0.51438 0.48562
0.79409 0.20591
0.89283 0.10717
0.88152 0.11848
0.88664 0.11336
0.83722 0.16278
0.90453 0.09547
0.89431 0.10569
0.85795 0.14205
0.52545 0.47455
0.98633 0.01367
0.53290 0.46710
0.53617 0.46383
0.47312 0.52688
0.55459 0.44541
0.55366 0.44634
0.69819 0.30181
0.53166 0.46834
0.49225 0.50775
0.84072 0.15928
0.65374 0.34626
0.84072 0.15928
0.65374 0.34626
0.54697 0.45303
0.61380 0.38620
0.54559 0.45441
0.54357 0.45643
0.54559 0.45441
0.54599 0.45401
0.54559 0.45441
0.54357 0.45643
0.54559 0.45441
0.54599 0.45401
0.52843 0.47157
0.52753 0.47247
0.49027 0.50973
0.49007 0.50993
0.49141 0.50859
0.49122 0.50878
0.52105 0.47895
0.61761 0.38239
0.53678 0.46322
0.51954 0.48046
0.51844 0.48156
0.53458 0.46542
0.57009 0.42991
0.81382 0.18618
0.81260 0.18740
0.81570 0.18430
0.81188 0.18812
0.57434 0.42566
0.81600 0.18400
0.80551 0.19449
0.60570 0.39430
0.85790 0.14210
0.61661 0.38339
0.60367 0.39633
0.61367 0.38633
0.70518 0.29482
0.70314 0.29686
0.70467 0.29533
0.59139 0.40861
0.53705 0.46295
0.57941 0.42059
0.57265 0.42735
0.74654 0.25346
0.57265 0.42735
0.74654 0.25346
0.74340 0.25660
0.53307 0.46693
0.57004 0.42996
0.57004 0.42996
0.49072 0.50928
0.50841 0.49159
0.50971 0.49029
0.50020 0.49980
0.51250 0.48750
0.52369 0.47631
0.51032 0.48968
0.52051 0.47948
0.51040 0.48960
0.52497 0.47503
0.46994 0.53006
0.48100 0.51900
0.72386 0.27614
0.72576 0.27424
0.51221 0.48779
0.95484 0.04516
0.51675 0.48325
0.81932 0.18068
0.51820 0.48180
0.54438 0.45562
0.77463 0.22537
0.54438 0.45562
0.46458 0.53542
0.46308 0.53692
0.53217 0.46783
0.87959 0.12041
0.61657 0.38343
0.98168 0.01832
0.77693 0.22307
0.98482 0.01518
0.55297 0.44703
0.54564 0.45436
0.81280 0.18720
0.46674 0.53326
0.46674 0.53326
0.46705 0.53295
0.46705 0.53295
0.46840 0.53160
0.46840 0.53160
0.99151 0.00849
0.51108 0.48892
0.83518 0.16482
0.83961 0.16039
0.65495 0.34505
0.65495 0.34505
0.52627 0.47373
0.52627 0.47373
0.47629 0.52371
0.47629 0.52371
0.83932 0.16068
0.83932 0.16068
0.48899 0.51101
0.48899 0.51101
0.62276 0.37724
0.62276 0.37724
0.48899 0.51101
0.48899 0.51101
0.83932 0.16068
0.83932 0.16068
0.62276 0.37724
0.62276 0.37724
0.80426 0.19574
0.77582 0.22418
0.85507 0.14493
0.86479 0.13521
0.82856 0.17144
0.75333 0.24667
0.79012 0.20988
0.89779 0.10221
0.89613 0.10387
0.86647 0.13353
0.51726 0.48274
0.51222 0.48778
0.64021 0.35979
0.64075 0.35925
0.98700 0.01300
0.54499 0.45501
0.54541 0.45459
0.54166 0.45834
0.55668 0.44332
0.89288 0.10712
0.49389 0.50611
0.57166 0.42834
0.56150 0.43850
0.56150 0.43850
0.57374 0.42626
0.57011 0.42989
0.77763 0.22237
0.58698 0.41302
0.60659 0.39341
0.57743 0.42257
0.77763 0.22237
0.58698 0.41302
0.73662 0.26338
0.52470 0.47530
0.47756 0.52244
0.82967 0.17033
0.51101 0.48899
0.50139 0.49861
0.53938 0.46062
0.52444 0.47556
0.53792 0.46208
0.83965 0.16035
0.80786 0.19214
0.79527 0.20473
0.79802 0.20198
0.62268 0.37732
0.49430 0.50570
0.54292 0.45708
0.61415 0.38585
0.51398 0.48602
0.49038 0.50962
0.53349 0.46651
0.64513 0.35487
0.51951 0.48049
0.56077 0.43923
0.54677 0.45323
0.55885 0.44115
0.55505 0.44495
0.69377 0.30623
0.50941 0.49059
0.50509 0.49491
0.65156 0.34844
0.79220 0.20780
0.79220 0.20780
0.71819 0.28181
0.52898 0.47102
0.53815 0.46185
0.71819 0.28181
0.52898 0.47102
0.53815 0.46185
0.77990 0.22010
0.84196 0.15804
0.87059 0.12941
0.85644 0.14356
0.85923 0.14077
0.85505 0.14495
0.55587 0.44413
0.85526 0.14474
0.49678 0.50322
0.56514 0.43486
0.51606 0.48394
0.51086 0.48914
0.64179 0.35821
0.49987 0.50013
0.52636 0.47364
0.96836 0.03164
0.74264 0.25736
0.73472 0.26528
0.54356 0.45644
0.88039 0.11961
0.88076 0.11924
0.88718 0.11282
0.69915 0.30085
0.80804 0.19196
0.81478 0.18522
0.98745 0.01255
0.94746 0.05254
0.54785 0.45215
0.89780 0.10220
0.54782 0.45218
0.50424 0.49576
0.96482 0.03518
0.55791 0.44209
0.57437 0.42563
0.97745 0.02255
0.97555 0.02445
0.55553 0.44447
0.51861 0.48139
0.99070 0.00930
0.99070 0.00930
0.52984 0.47016
0.52984 0.47016
0.52984 0.47016
0.52984 0.47016
0.98058 0.01942
0.88212 0.11788
0.86090 0.13910
0.82031 0.17969
0.57936 0.42064
0.57920 0.42080
0.56653 0.43347
0.60855 0.39145
0.61950 0.38050
0.71662 0.28338
0.83713 0.16287
0.51544 0.48456
0.52277 0.47723
0.51777 0.48223
0.51670 0.48330
0.56235 0.43765
0.56498 0.43502
0.56977 0.43023
0.45775 0.54225
0.71027 0.28973
0.53512 0.46488
0.71653 0.28347
0.54141 0.45859
0.46404 0.53596
0.65330 0.34670
0.66344 0.33656
0.48963 0.51037
0.46603 0.53397
0.46688 0.53312
0.87571 0.12429
0.87965 0.12035
0.53892 0.46108
0.50141 0.49859
0.78947 0.21053
0.48182 0.51818
0.51208 0.48792
0.48617 0.51383
0.84738 0.15262
0.84615 0.15385
0.65855 0.34145
0.99192 0.00808
0.76664 0.23336
0.99170 0.00830
0.76335 0.23665
0.91921 0.08079
0.76300 0.23700
0.99145 0.00855
0.75980 0.24020
0.91921 0.08079
0.76300 0.23700
0.92677 0.07323
0.78064 0.21936
0.99115 0.00885
0.75596 0.24404
0.48421 0.51579
0.79191 0.20809
0.79191 0.20809
0.79191 0.20809
0.79191 0.20809
0.72410 0.27590
0.72111 0.27889
0.71502 0.28498
0.73757 0.26243
0.71467 0.28533
0.78191 0.21809
0.78219 0.21781
0.76220 0.23780
0.78923 0.21077
0.77866 0.22134
0.75869 0.24131
0.75415 0.24585
0.86133 0.13867
0.82564 0.17436
0.74104 0.25896
0.81732 0.18268
0.80617 0.19383
0.52302 0.47698
0.52912 0.47088
0.59219 0.40781
0.92924 0.07076
0.92924 0.07076
0.96249 0.03751
0.95922 0.04078
0.96147 0.03853
0.93790 0.06210
0.73734 0.26266
0.72565 0.27435
0.74002 0.25998
0.72845 0.27155
0.73977 0.26023
0.72819 0.27181
0.60214 0.39786
0.60296 0.39704
0.60214 0.39786
0.60296 0.39704
0.56138 0.43862
0.56210 0.43790
0.56275 0.43725
0.56347 0.43653
0.92270 0.07730
0.92298 0.07702
0.56246 0.43754
0.56319 0.43681
0.56508 0.43492
0.56582 0.43418
0.92398 0.07602
0.92427 0.07573
0.56246 0.43754
0.56319 0.43681
0.92398 0.07602
0.92427 0.07573
0.56508 0.43492
0.56582 0.43418
0.92398 0.07602
0.92427 0.07573
0.52634 0.47366
0.52790 0.47210
0.79361 0.20639
0.52439 0.47561
0.79354 0.20646
0.52583 0.47417
0.79354 0.20646
0.61714 0.38286
0.62017 0.37983
0.62616 0.37384
0.94424 0.05576
0.58315 0.41685
0.58541 0.41459
0.50962 0.49038
0.46653 0.53347
0.99772 0.00228
0.53844 0.46156
0.53844 0.46156
0.85674 0.14326
0.77320 0.22680
0.76269 0.23731
0.66177 0.33823
0.65200 0.34800
0.80916 0.19084
0.79724 0.20276
0.78887 0.21113
0.81172 0.18828
0.80317 0.19683
0.82312 0.17688
0.82119 0.17881
0.90224 0.09776
0.89553 0.10447
0.69479 0.30521
0.82118 0.17882
0.81238 0.18762
0.82118 0.17882
0.81238 0.18762
0.54094 0.45906
0.53930 0.46070
0.54457 0.45543
0.55740 0.44260
0.55536 0.44464
0.56175 0.43825
0.54777 0.45223
0.55407 0.44593
0.52492 0.47508
0.52892 0.47108
0.52657 0.47343
0.52517 0.47483
0.52991 0.47009
0.57241 0.42759
0.57819 0.42181
0.90855 0.09145
0.54045 0.45955
0.58431 0.41569
0.50207 0.49793
0.83290 0.16710
0.64623 0.35377
0.55274 0.44726
0.76205 0.23795
0.83184 0.16816
0.83392 0.16608
0.53942 0.46058
0.53970 0.46030
0.54084 0.45916
0.46752 0.53248
0.62806 0.37194
0.63181 0.36819
0.63181 0.36819
0.51999 0.48001
0.51270 0.48730
0.98822 0.01178
0.47813 0.52187
0.93492 0.06508
0.55331 0.44669
0.86893 0.13107
0.48517 0.51483
0.54831 0.45169
0.74548 0.25452
0.52749 0.47251
0.49908 0.50092
0.76318 0.23682
0.52622 0.47378
0.52477 0.47523
0.82003 0.17997
0.52622 0.47378
0.54783 0.45217
0.56421 0.43579
0.55969 0.44031
0.46534 0.53466
0.45962 0.54038
0.99575 0.00425
0.99337 0.00663
0.96345 0.03655
0.99406 0.00594
0.52052 0.47948
0.52087 0.47913
0.82060 0.17940
0.82447 0.17553
0.52052 0.47948
0.52087 0.47913
0.62748 0.37252
0.62888 0.37112
0.51598 0.48402
0.51763 0.48237
0.83666 0.16334
0.83666 0.16334
0.99658 0.00342
0.99658 0.00342
0.99658 0.00342
0.99658 0.00342
0.76746 0.23254
0.86456 0.13544
0.53050 0.46950
0.59384 0.40616
0.51740 0.48260
0.56277 0.43723
0.63696 0.36304
0.56117 0.43883
0.56117 0.43883
0.56117 0.43883
0.56117 0.43883
0.55184 0.44816
0.55184 0.44816
0.92745 0.07255
0.92745 0.07255
0.55184 0.44816
0.55184 0.44816
0.54214 0.45786
0.83863 0.16137
0.97669 0.02331
0.97773 0.02227
0.78089 0.21911
0.70347 0.29653
0.55094 0.44906
0.55301 0.44699
0.96251 0.03749
0.56298 0.43702
0.75916 0.24084
0.96232 0.03768
0.56354 0.43646
0.48002 0.51998
0.58342 0.41658
0.58402 0.41598
0.76553 0.23447
0.81552 0.18448
0.52531 0.47469
0.53113 0.46887
0.70862 0.29138
0.71672 0.28328
0.57896 0.42104
0.50218 0.49782
0.86336 0.13664
0.50140 0.49860
0.85410 0.14590
0.90260 0.09740
0.87011 0.12989
0.51819 0.48181
0.93844 0.06156
0.54714 0.45286
0.54714 0.45286
0.57380 0.42620
0.75384 0.24616
0.75199 0.24801
0.78412 0.21588
0.77950 0.22050
0.50561 0.49439
0.74558 0.25442
0.55379 0.44621
0.56865 0.43135
0.66016 0.33984
0.60959 0.39041
0.68149 0.31851
0.63294 0.36706
0.49142 0.50858
0.51045 0.48955
0.47143 0.52857
0.54913 0.45087
0.51982 0.48018
0.49891 0.50109
0.96263 0.03737
0.48759 0.51241
0.54014 0.45986
0.53941 0.46059
0.50957 0.49043
0.58739 0.41261
0.69368 0.30632
0.83430 0.16570
0.81429 0.18571
0.53327 0.46673
0.65422 0.34578
0.65574 0.34426
0.61780 0.38220
0.60882 0.39118
0.82611 0.17389
0.76726 0.23274
0.78251 0.21749
0.56458 0.43542
0.58404 0.41596
0.81183 0.18817
0.79034 0.20966
0.79034 0.20966
0.67486 0.32514
0.46716 0.53284
0.49366 0.50634
0.96086 0.03914
0.96032 0.03968
0.50891 0.49109
0.93749 0.06251
0.47934 0.52066
0.47961 0.52039
0.82505 0.17495
0.56007 0.43993
0.83824 0.16176
0.87000 0.13000
0.88930 0.11070
0.50793 0.49207
0.61183 0.38817
0.61500 0.38500
0.89148 0.10852
0.89075 0.10925
0.55836 0.44164
0.55821 0.44179
0.71223 0.28777
0.70390 0.29610
0.70554 0.29446
0.70554 0.29446
0.85614 0.14386
0.85614 0.14386
0.78237 0.21763
0.84556 0.15444
0.81530 0.18470
0.54918 0.45082
0.63460 0.36540
0.79340 0.20660
0.50894 0.49106
0.99528 0.00472
0.88376 0.11624
0.86600 0.13400
0.55194 0.44806
0.92530 0.07470
0.55145 0.44855
0.52729 0.47271
0.98381 0.01619
0.52246 0.47754
0.80446 0.19554
0.52246 0.47754
0.80446 0.19554
0.94333 0.05667
0.83786 0.16214
0.53384 0.46616
0.91303 0.08697
0.55986 0.44014
0.99378 0.00622
0.55986 0.44014
0.99378 0.00622
0.99351 0.00649
0.95857 0.04143
0.96154 0.03846
0.51941 0.48059
0.52472 0.47528
0.51796 0.48204
0.57868 0.42132
0.67152 0.32848
0.93490 0.06510
0.62376 0.37624
0.55122 0.44878
0.88740 0.11260
0.94507 0.05493
0.92740 0.07260
0.92389 0.07611
0.81005 0.18995
0.80990 0.19010
0.59404 0.40596
0.59383 0.40617
0.54446 0.45554
0.53975 0.46025
0.53428 0.46572
0.54423 0.45577
0.53951 0.46049
0.53405 0.46595
0.71904 0.28096
0.53965 0.46035
0.53876 0.46124
0.53856 0.46144
0.53876 0.46124
0.53856 0.46144
0.51333 0.48667
0.51650 0.48350
0.48855 0.51145
0.51282 0.48718
0.51750 0.48250
0.51615 0.48385
0.52976 0.47024
0.72140 0.27860
0.58239 0.41761
0.94530 0.05470
0.87203 0.12797
0.57299 0.42701
0.77511 0.22489
0.77419 0.22581
0.77511 0.22489
0.55745 0.44255
0.55354 0.44646
0.55518 0.44482
0.55220 0.44780
0.55607 0.44393
0.62652 0.37348
0.52582 0.47418
0.52271 0.47729
0.52747 0.47253
0.59732 0.40268
0.98172 0.01828
0.83748 0.16252
0.61267 0.38733
0.60394 0.39606
0.62148 0.37852
0.46362 0.53638
0.47869 0.52131
0.63175 0.36825
0.59458 0.40542
0.53336 0.46664
0.71255 0.28745
0.52860 0.47140
0.71255 0.28745
0.52860 0.47140
0.71255 0.28745
0.52860 0.47140
0.71679 0.28321
0.65404 0.34596
0.67467 0.32533
0.64272 0.35728
0.89383 0.10617
0.64395 0.35605
0.54312 0.45688
0.72952 0.27048
0.89208 0.10792
0.51405 0.48595
0.51405 0.48595
0.51405 0.48595
0.51405 0.48595
0.51557 0.48443
0.56278 0.43722
0.56278 0.43722
0.56278 0.43722
0.56278 0.43722
0.56666 0.43334
0.55164 0.44836
0.54903 0.45097
0.68110 0.31890
0.55882 0.44118
0.91755 0.08245
0.72827 0.27173
0.57559 0.42441
0.83736 0.16264
0.95737 0.04263
0.97837 0.02163
0.84205 0.15795
0.96275 0.03725
0.83221 0.16779
0.59766 0.40234
0.56808 0.43192
0.83221 0.16779
0.59766 0.40234
0.56808 0.43192
0.61058 0.38942
0.99320 0.00680
0.63699 0.36301
0.63793 0.36207
0.88648 0.11352
0.60843 0.39157
0.53008 0.46992
0.49353 0.50647
0.73427 0.26573
0.74218 0.25782
0.92445 0.07555
0.53776 0.46224
0.93977 0.06023
0.93734 0.06266
0.54264 0.45736
0.94262 0.05738
0.87963 0.12037
0.52329 0.47671
0.51227 0.48773
0.51665 0.48335
0.52502 0.47498
0.52480 0.47520
0.58092 0.41908
0.59929 0.40071
0.99129 0.00871
0.99137 0.00863
0.92745 0.07255
0.92787 0.07213
0.92635 0.07365
0.92653 0.07347
0.96716 0.03284
0.55501 0.44499
0.56634 0.43366
0.94569 0.05431
0.54945 0.45055
0.55400 0.44600
0.54838 0.45162
0.54257 0.45743
0.54257 0.45743
0.57323 0.42677
0.84959 0.15041
0.52134 0.47866
0.52134 0.47866
0.52320 0.47680
0.52232 0.47768
0.52232 0.47768
0.52783 0.47217
0.49485 0.50515
0.69194 0.30806
0.52025 0.47975
0.54505 0.45495
0.97347 0.02653
0.54255 0.45745
0.97968 0.02032
0.54375 0.45625
0.73055 0.26945
0.73055 0.26945
0.56308 0.43692
0.96064 0.03936
0.96064 0.03936
0.56506 0.43494
0.57772 0.42228
0.97022 0.02978
0.97022 0.02978
0.51283 0.48717
0.54881 0.45119
0.54503 0.45497
0.95502 0.04498
0.62846 0.37154
0.65554 0.34446
0.48109 0.51891
0.86261 0.13739
0.86261 0.13739
0.76022 0.23978
0.52465 0.47535
0.51599 0.48401
0.53955 0.46045
0.74290 0.25710
0.72532 0.27468
0.98505 0.01495
0.52416 0.47584
0.49022 0.50978
0.50575 0.49425
0.56626 0.43374
0.56626 0.43374
0.71930 0.28070
0.50937 0.49063
0.51955 0.48045
0.52089 0.47911
0.78928 0.21072
0.51955 0.48045
0.53104 0.46896
0.50642 0.49358
0.73092 0.26908
0.74226 0.25774
0.50010 0.49990
0.63311 0.36689
0.63757 0.36243
0.46798 0.53202
0.50602 0.49398
0.52492 0.47508
0.61947 0.38053
0.96661 0.03339
0.74421 0.25579
0.77573 0.22427
0.77891 0.22109
0.54891 0.45109
0.54147 0.45853
0.77891 0.22109
0.54891 0.45109
0.54147 0.45853
0.63479 0.36521
0.90940 0.09060
0.65962 0.34038
0.67726 0.32274
0.75892 0.24108
0.71473 0.28527
0.62069 0.37931
0.62722 0.37278
0.62069 0.37931
0.62722 0.37278
0.56406 0.43594
0.46829 0.53171
0.48680 0.51320
0.54628 0.45372
0.83043 0.16958
0.83043 0.16958
0.82460 0.17540
0.82460 0.17540
0.57969 0.42031
0.57969 0.42031
0.82399 0.17601
0.59126 0.40874
0.62159 0.37841
0.62764 0.37236
0.76679 0.23321
0.52793 0.47207
0.67107 0.32893
0.62100 0.37900
0.66519 0.33481
0.52069 0.47931
0.47449 0.52551
0.90294 0.09706
0.54427 0.45573
0.52351 0.47649
0.52189 0.47811
0.51375 0.48625
0.52544 0.47456
0.81336 0.18664
0.47264 0.52736
0.47264 0.52736
0.73871 0.26129
0.76534 0.23466
0.77053 0.22947
0.73173 0.26827
0.53303 0.46697
0.55884 0.44116
0.73586 0.26414
0.56406 0.43594
0.53496 0.46504
0.57136 0.42864
0.74463 0.25537
0.97979 0.02021
0.74463 0.25537
0.97979 0.02021
0.73169 0.26831
0.96147 0.03853
0.56549 0.43451
0.55076 0.44924
0.94551 0.05449
0.52885 0.47115
0.52165 0.47835
0.90273 0.09727
0.55979 0.44021
0.85222 0.14778
0.58826 0.41174
0.96520 0.03480
0.59008 0.40992
0.98491 0.01509
0.56243 0.43757
0.59008 0.40992
0.98491 0.01509
0.56243 0.43757
0.59585 0.40415
0.87983 0.12017
0.99070 0.00930
0.67213 0.32787
0.56805 0.43195
0.67522 0.32478
0.69147 0.30853
0.68097 0.31903
0.78747 0.21253
0.80494 0.19506
0.68855 0.31145
0.60006 0.39994
0.52447 0.47553
0.60861 0.39139
0.59725 0.40275
0.58402 0.41598
0.57578 0.42422
0.58189 0.41811
0.86828 0.13172
0.85575 0.14425
0.86478 0.13522
0.86487 0.13513
0.55528 0.44472
0.86137 0.13863
0.52634 0.47366
0.64823 0.35177
0.57935 0.42065
0.97204 0.02796
0.81211 0.18789
0.78258 0.21742
0.81441 0.18559
0.68922 0.31078
0.68515 0.31485
0.89500 0.10500
0.52075 0.47925
0.51191 0.48809
0.68031 0.31969
0.97920 0.02080
0.78609 0.21391
0.79766 0.20234
0.97833 0.02167
0.54506 0.45494
0.78771 0.21229
0.73901 0.26099
0.72231 0.27769
0.49376 0.50624
0.48058 0.51942
0.82312 0.17688
0.65803 0.34197
0.66131 0.33869
0.51582 0.48418
0.65803 0.34197
0.65803 0.34197
0.76796 0.23204
0.73373 0.26627
0.53245 0.46755
0.56010 0.43990
0.85337 0.14663
0.89906 0.10094
0.49162 0.50838
0.51889 0.48111
0.52736 0.47264
0.51700 0.48300
0.95870 0.04130
0.50008 0.49992
0.79914 0.20086
0.50149 0.49851
0.50108 0.49893
0.50243 0.49757
0.50936 0.49064
0.50936 0.49064
0.51640 0.48360
0.51640 0.48360
0.47267 0.52733
0.79993 0.20007
0.49441 0.50559
0.49986 0.50014
0.55366 0.44634
0.54891 0.45109
0.54549 0.45451
0.55210 0.44790
0.54656 0.45344
0.54891 0.45109
0.54549 0.45451
0.55210 0.44790
0.54656 0.45344
0.46799 0.53201
0.96326 0.03674
0.90294 0.09706
0.90104 0.09896
0.48356 0.51644
0.48416 0.51584
0.47800 0.52200
0.51879 0.48121
0.50443 0.49557
0.92588 0.07412
0.91331 0.08669
0.72033 0.27967
0.70481 0.29519
0.70481 0.29519
0.71865 0.28135
0.56230 0.43770
0.70860 0.29140
0.72033 0.27967
0.70481 0.29519
0.70481 0.29519
0.71865 0.28135
0.56230 0.43770
0.70860 0.29140
0.72033 0.27967
0.70481 0.29519
0.70481 0.29519
0.71865 0.28135
0.56230 0.43770
0.70860 0.29140
0.77010 0.22990
0.77010 0.22990
0.54695 0.45305
0.85252 0.14748
0.58681 0.41319
0.50755 0.49245
0.69374 0.30626
0.77907 0.22093
0.76105 0.23895
0.65039 0.34961
0.60096 0.39904
0.48678 0.51322
0.67416 0.32584
0.69387 0.30613
0.69387 0.30613
0.65756 0.34244
0.54781 0.45219
0.54781 0.45219
0.84685 0.15315
0.74013 0.25987
0.98306 0.01694
0.96351 0.03649
0.53357 0.46643
0.72215 0.27785
0.72215 0.27785
0.50878 0.49122
0.56211 0.43789
0.50714 0.49286
0.55943 0.44057
0.53226 0.46774
0.76207 0.23793
0.52291 0.47709
0.82542 0.17458
0.52460 0.47540
0.82687 0.17313
0.51792 0.48208
0.52311 0.47689
0.51792 0.48208
0.52311 0.47689
0.49769 0.50231
0.50480 0.49520
0.89889 0.10111
0.90507 0.09493
0.75723 0.24277
0.51486 0.48514
0.52724 0.47276
0.71584 0.28416
0.70634 0.29366
0.93061 0.06939
0.51641 0.48359
0.51636 0.48364
0.95652 0.04348
0.95330 0.04670
0.49669 0.50331
0.49928 0.50072
0.71719 0.28281
0.87412 0.12588
0.93455 0.06545
0.60750 0.39250
0.50418 0.49582
0.50432 0.49568
0.47112 0.52888
0.47111 0.52889
0.54643 0.45357
0.50913 0.49087
0.65643 0.34357
0.51025 0.48975
0.51034 0.48966
0.51025 0.48975
0.51641 0.48359
0.51641 0.48359
0.51655 0.48345
0.48906 0.51094
0.55807 0.44193
0.96788 0.03212
0.55807 0.44193
0.83270 0.16730
0.79654 0.20346
0.89090 0.10910
0.94677 0.05323
0.93923 0.06077
0.82489 0.17511
0.80906 0.19094
0.76837 0.23163
0.93628 0.06372
0.62067 0.37933
0.65579 0.34421
0.50000 0.50000
0.51588 0.48412
0.51588 0.48412
0.54631 0.45369
0.49747 0.50253
0.50681 0.49319
0.51945 0.48055
0.50595 0.49405
0.51884 0.48116
0.52711 0.47289
0.49863 0.50137
0.50749 0.49251
0.54194 0.45806
0.52159 0.47841
0.55239 0.44761
0.54194 0.45806
0.52159 0.47841
0.55239 0.44761
0.53711 0.46289
0.53879 0.46121
0.55672 0.44328
0.60195 0.39805
0.60490 0.39510
0.56624 0.43376
0.56982 0.43018
0.55120 0.44880
0.78417 0.21583
0.47448 0.52552
0.49871 0.50129
0.80222 0.19778
0.50419 0.49581
0.58986 0.41014
0.90682 0.09318
0.74535 0.25465
0.54227 0.45773
0.52068 0.47932
0.50582 0.49418
0.66533 0.33467
0.49892 0.50108
0.57544 0.42456
0.84615 0.15385
0.84475 0.15525
0.51979 0.48021
0.48520 0.51480
0.52405 0.47595
0.80326 0.19674
0.79153 0.20847
0.97661 0.02339
0.60308 0.39692
0.99631 0.00369
0.57651 0.42349
0.57651 0.42349
0.60781 0.39219
0.53546 0.46454
0.48401 0.51599
0.49147 0.50853
0.46878 0.53122
0.50311 0.49689
0.81496 0.18504
0.48348 0.51652
0.53465 0.46535
0.92270 0.07730
0.92270 0.07730
0.72455 0.27545
0.52115 0.47885
0.79196 0.20804
0.75093 0.24907
0.96289 0.03711
0.94601 0.05399
0.91697 0.08303
0.59031 0.40969
0.87739 0.12261
0.60526 0.39474
0.53463 0.46537
0.53408 0.46592
0.54297 0.45703
0.49757 0.50243
0.48593 0.51407
0.48457 0.51543
0.49585 0.50415
0.50042 0.49958
0.54548 0.45452
0.69176 0.30824
0.90040 0.09960
0.51972 0.48028
0.54645 0.45355
0.49552 0.50448
0.83680 0.16320
0.79313 0.20687
0.57438 0.42561
0.79136 0.20864
0.79136 0.20864
0.52475 0.47525
0.52475 0.47525
0.56620 0.43380
0.77382 0.22618
0.49933 0.50067
0.51296 0.48704
0.54726 0.45274
0.50485 0.49515
0.55469 0.44531
0.50654 0.49346
0.48001 0.51999
0.47835 0.52165
0.53786 0.46214
0.53786 0.46214
0.55674 0.44326
0.55620 0.44380
0.53786 0.46214
0.53786 0.46214
0.55674 0.44326
0.55620 0.44380
0.52228 0.47772
0.49601 0.50399
0.49460 0.50540
0.50537 0.49463
0.49601 0.50399
0.49460 0.50540
0.50537 0.49463
0.53478 0.46522
0.53478 0.46522
0.55215 0.44785
0.53478 0.46522
0.53478 0.46522
0.55215 0.44785
0.47547 0.52453
0.51928 0.48072
0.51928 0.48072
0.53709 0.46291
0.51928 0.48072
0.51928 0.48072
0.53709 0.46291
0.83606 0.16394
0.96713 0.03287
0.88279 0.11721
0.86499 0.13501
0.97284 0.02716
0.80444 0.19556
0.64118 0.35882
0.91384 0.08616
0.92449 0.07551
0.69076 0.30924
0.75318 0.24682
0.76954 0.23046
0.50776 0.49224
0.52238 0.47762
0.92926 0.07074
0.50261 0.49739
0.51639 0.48361
0.51831 0.48169
0.58900 0.41100
0.97966 0.02034
0.57771 0.42229
0.58927 0.41073
0.84929 0.15071
0.90542 0.09458
0.84078 0.15922
0.58342 0.41658
0.55751 0.44248
0.83278 0.16722
0.96003 0.03997
0.80697 0.19303
0.57597 0.42403
0.81606 0.18394
0.88503 0.11497
0.46085 0.53915
0.46561 0.53439
0.53038 0.46962
0.66349 0.33651
0.66349 0.33651
0.57765 0.42235
0.89751 0.10249
0.70689 0.29311
0.54742 0.45258
0.53508 0.46492
0.53508 0.46492
0.53508 0.46492
0.50061 0.49939
0.48458 0.51542
0.51128 0.48872
0.50632 0.49368
0.62803 0.37197
0.57462 0.42538
0.57462 0.42538
0.57462 0.42538
0.57462 0.42538
0.54352 0.45648
0.52103 0.47897
0.51449 0.48551
0.53512 0.46488
0.52597 0.47403
0.54440 0.45560
0.63477 0.36523
0.47758 0.52242
0.82092 0.17908
0.61086 0.38914
0.51793 0.48207
0.60610 0.39390
0.60610 0.39390
0.86778 0.13222
0.66666 0.33334
0.49772 0.50228
0.63930 0.36070
0.46806 0.53194
0.48956 0.51044
0.90635 0.09365
0.59066 0.40934
0.90699 0.09301
0.50546 0.49454
0.50566 0.49434
0.54476 0.45524
0.52193 0.47807
0.66772 0.33228
0.81398 0.18602
0.81398 0.18602
0.80639 0.19361
0.81398 0.18602
0.81398 0.18602
0.80639 0.19361
0.76451 0.23549
0.76451 0.23549
0.83027 0.16973
0.53536 0.46464
0.71317 0.28683
0.71317 0.28683
0.72121 0.27879
0.71317 0.28683
0.71317 0.28683
0.72121 0.27879
0.82592 0.17408
0.82162 0.17838
0.79290 0.20710
0.53085 0.46915
0.54415 0.45585
0.78224 0.21776
0.55488 0.44512
0.53627 0.46373
0.81453 0.18547
0.54829 0.45171
0.81553 0.18447
0.90138 0.09862
0.55194 0.44806
0.73503 0.26497
0.75596 0.24404
0.75596 0.24404
0.73503 0.26497
0.56345 0.43655
0.70654 0.29346
0.74717 0.25283
0.70081 0.29919
0.70936 0.29064
0.57235 0.42765
0.83860 0.16140
0.81653 0.18347
0.61731 0.38269
0.62396 0.37604
0.49468 0.50532
0.62341 0.37659
0.60039 0.39961
0.79715 0.20285
0.78650 0.21350
0.75096 0.24904
0.98333 0.01667
0.88161 0.11839
0.98300 0.01700
0.88961 0.11039
0.99808 0.00192
0.99792 0.00208
0.91378 0.08622
0.91378 0.08622
0.83399 0.16601
0.83399 0.16601
0.82674 0.17326
0.82674 0.17326
0.82674 0.17326
0.78923 0.21077
0.78923 0.21077
0.78923 0.21077
0.68931 0.31069
0.67823 0.32177
0.53327 0.46673
0.52895 0.47105
0.94914 0.05086
0.53862 0.46138
0.94914 0.05086
0.53862 0.46138
0.94914 0.05086
0.53862 0.46138
0.56303 0.43697
0.56303 0.43697
0.53811 0.46189
0.53403 0.46597
0.53403 0.46597
0.52042 0.47958
0.51766 0.48234
0.51766 0.48234
0.54890 0.45110
0.95401 0.04599
0.96328 0.03672
