0.29116 0.70884
0.51971 0.48029
0.38613 0.61387
0.38587 0.61413
0.38587 0.61413
0.56392 0.43608
0.60303 0.39697
0.34272 0.65728
0.72555 0.27445
0.38888 0.61112
0.39234 0.60766
0.87738 0.12262
0.36281 0.63719
0.36155 0.63845
0.39551 0.60449
0.42916 0.57084
0.41181 0.58819
0.39043 0.60957
0.39043 0.60957
0.32756 0.67244
0.42806 0.57194
0.43981 0.56019
0.42806 0.57194
0.43981 0.56019
0.43562 0.56438
0.42723 0.57277
0.41543 0.58457
0.43327 0.56673
0.43562 0.56438
0.42723 0.57277
0.41543 0.58457
0.43327 0.56673
0.43589 0.56411
0.40899 0.59101
0.39112 0.60888
0.39184 0.60816
0.83348 0.16652
0.75325 0.24675
0.33578 0.66422
0.35039 0.64961
0.35997 0.64003
0.37398 0.62602
0.34798 0.65202
0.36704 0.63296
0.33072 0.66928
0.39216 0.60784
0.35419 0.64581
0.67480 0.32520
0.67453 0.32547
0.54919 0.45081
0.57491 0.42509
0.92822 0.07178
0.92730 0.07270
0.92822 0.07178
0.67618 0.32382
0.67272 0.32728
0.38997 0.61003
0.40258 0.59742
0.39002 0.60998
0.37147 0.62853
0.95289 0.04711
0.95018 0.04982
0.94187 0.05813
0.93893 0.06107
0.91774 0.08226
0.90377 0.09623
0.44238 0.55762
0.84587 0.15413
0.84799 0.15201
0.84544 0.15456
0.48991 0.51009
0.56254 0.43746
0.87763 0.12237
0.81896 0.18104
0.76299 0.23701
0.83056 0.16944
0.62381 0.37619
0.63322 0.36678
0.68345 0.31655
0.68345 0.31655
0.68345 0.31655
0.68345 0.31655
0.77618 0.22382
0.77618 0.22382
0.74513 0.25487
0.42341 0.57659
0.42929 0.57071
0.42929 0.57071
0.41054 0.58946
0.67526 0.32474
0.57807 0.42193
0.43959 0.56041
0.43322 0.56678
0.48581 0.51419
0.50783 0.49217
0.50401 0.49599
0.50560 0.49440
0.49040 0.50960
0.43759 0.56241
0.43721 0.56279
0.42467 0.57533
0.39934 0.60066
0.37360 0.62640
0.40806 0.59194
0.40843 0.59157
0.40254 0.59746
0.41079 0.58921
0.41354 0.58646
0.99795 0.00206
0.99814 0.00186
0.99803 0.00197
0.95538 0.04462
0.99821 0.00179
0.43707 0.56293
0.30480 0.69520
0.35982 0.64018
0.63415 0.36585
0.48533 0.51467
0.63964 0.36036
0.48989 0.51011
0.31118 0.68882
0.31274 0.68726
0.74044 0.25956
0.80204 0.19796
0.82183 0.17817
0.52866 0.47134
0.36132 0.63868
0.37282 0.62718
0.43159 0.56841
0.43758 0.56242
0.47639 0.52361
0.47639 0.52361
0.35196 0.64804
0.34723 0.65277
0.51797 0.48203
0.66902 0.33098
0.40410 0.59590
0.39243 0.60757
0.46914 0.53086
0.43210 0.56790
0.46653 0.53347
0.42779 0.57221
0.46653 0.53347
0.42779 0.57221
0.47991 0.52009
0.48956 0.51044
0.45178 0.54822
0.47599 0.52401
0.61452 0.38548
0.74963 0.25037
0.69405 0.30595
0.46292 0.53708
0.81246 0.18754
0.34327 0.65673
0.65594 0.34406
0.37541 0.62459
0.91662 0.08338
0.85645 0.14355
0.51959 0.48041
0.85741 0.14259
0.84688 0.15312
0.87217 0.12783
0.87654 0.12346
0.87301 0.12699
0.87217 0.12783
0.79635 0.20365
0.41192 0.58808
0.41587 0.58413
0.43023 0.56977
0.34695 0.65305
0.94463 0.05537
0.92805 0.07195
0.94805 0.05195
0.90676 0.09324
0.40400 0.59600
0.37643 0.62357
0.76529 0.23471
0.44274 0.55726
0.38384 0.61616
0.34846 0.65154
0.37258 0.62742
0.31900 0.68100
0.75535 0.24465
0.36183 0.63817
0.98936 0.01064
0.95726 0.04274
0.99272 0.00728
0.34013 0.65987
0.33235 0.66765
0.37209 0.62791
0.40570 0.59430
0.39586 0.60414
0.39083 0.60917
0.86664 0.13336
0.86664 0.13336
0.38292 0.61708
0.52028 0.47972
0.30281 0.69719
0.89988 0.10012
0.50599 0.49401
0.38355 0.61645
0.48357 0.51643
0.44938 0.55062
0.82103 0.17897
0.64766 0.35234
0.98314 0.01686
0.52061 0.47939
0.57172 0.42828
0.68476 0.31524
0.57137 0.42863
0.33226 0.66774
0.67461 0.32539
0.65889 0.34111
0.65889 0.34111
0.95559 0.04441
0.40521 0.59479
0.95927 0.04073
0.40521 0.59479
0.99559 0.00441
0.37848 0.62152
0.45668 0.54332
0.41384 0.58616
0.42040 0.57960
0.43271 0.56729
0.49686 0.50314
0.99923 0.00077
0.50423 0.49577
0.99299 0.00701
0.98955 0.01045
0.98818 0.01182
0.98796 0.01204
0.99230 0.00771
0.40877 0.59123
0.70221 0.29779
0.68498 0.31502
0.32840 0.67160
0.35003 0.64997
0.44977 0.55023
0.73537 0.26463
0.50911 0.49089
0.91002 0.08998
0.50911 0.49089
0.91002 0.08998
0.31884 0.68116
0.35051 0.64949
0.65104 0.34896
0.36468 0.63532
0.37043 0.62957
0.37225 0.62775
0.32186 0.67814
0.65122 0.34878
0.50573 0.49427
0.89903 0.10097
0.50573 0.49427
0.91110 0.08890
0.48178 0.51822
0.54272 0.45728
0.51391 0.48609
0.79258 0.20742
0.79258 0.20742
0.53169 0.46831
0.53169 0.46831
0.34107 0.65893
0.37428 0.62572
0.53150 0.46850
0.29291 0.70709
0.29069 0.70931
0.42540 0.57460
0.42932 0.57068
0.49953 0.50047
0.50736 0.49264
0.98312 0.01688
0.49530 0.50470
0.47451 0.52549
0.46278 0.53722
0.73921 0.26079
0.48584 0.51416
0.37120 0.62880
0.66981 0.33019
0.65347 0.34653
0.85946 0.14054
0.85173 0.14827
0.85946 0.14054
0.85173 0.14827
0.38262 0.61738
0.84226 0.15774
0.40015 0.59985
0.72760 0.27240
0.72760 0.27240
0.70833 0.29167
0.41856 0.58144
0.33785 0.66215
0.90833 0.09167
0.99982 0.00018
0.53650 0.46350
0.42279 0.57721
0.41299 0.58701
0.96125 0.03875
0.51341 0.48659
0.51341 0.48659
0.95526 0.04474
0.96146 0.03854
0.51341 0.48659
0.51341 0.48659
0.95404 0.04596
0.38543 0.61457
0.38442 0.61558
0.80471 0.19529
0.46354 0.53646
0.48897 0.51103
0.51279 0.48721
0.84712 0.15288
0.84895 0.15105
0.84406 0.15594
0.81598 0.18402
0.92775 0.07225
0.92781 0.07219
0.79741 0.20259
0.79741 0.20259
0.79741 0.20259
0.79741 0.20259
0.53581 0.46419
0.35366 0.64634
0.35366 0.64634
0.89934 0.10066
0.54709 0.45291
0.99190 0.00810
0.86974 0.13026
0.44658 0.55342
0.44658 0.55342
0.44038 0.55962
0.87921 0.12079
0.87098 0.12902
0.46109 0.53891
0.38771 0.61229
0.34286 0.65714
0.42528 0.57472
0.38635 0.61365
0.39910 0.60090
0.39910 0.60090
0.44050 0.55950
0.63174 0.36826
0.46605 0.53395
0.41860 0.58140
0.71546 0.28454
0.86497 0.13503
0.96880 0.03120
0.93796 0.06204
0.33175 0.66825
0.78208 0.21792
0.85032 0.14968
0.82545 0.17455
0.66110 0.33890
0.61316 0.38684
0.88945 0.11055
0.77780 0.22220
0.94482 0.05518
0.92592 0.07408
0.46433 0.53567
0.46742 0.53258
0.87606 0.12394
0.94504 0.05496
0.92620 0.07380
0.46601 0.53399
0.44450 0.55550
0.31159 0.68841
0.30317 0.69683
0.62886 0.37114
0.44417 0.55583
0.89712 0.10288
0.69283 0.30717
0.50801 0.49199
0.50801 0.49199
0.68452 0.31548
0.35096 0.64904
0.44882 0.55118
0.77857 0.22143
0.33979 0.66021
0.76731 0.23269
0.75552 0.24448
0.59170 0.40830
0.93874 0.06126
0.57700 0.42300
0.93369 0.06631
0.50998 0.49002
0.50998 0.49002
0.46954 0.53046
0.46954 0.53046
0.87573 0.12427
0.86995 0.13005
0.93175 0.06825
0.60280 0.39720
0.81429 0.18571
0.38931 0.61069
0.31480 0.68520
0.58288 0.41712
0.34973 0.65027
0.58288 0.41712
0.34973 0.65027
0.78622 0.21378
0.42903 0.57097
0.79538 0.20462
0.41569 0.58431
0.66343 0.33657
0.41416 0.58584
0.65997 0.34003
0.61266 0.38734
0.63064 0.36936
0.60728 0.39272
0.77047 0.22953
0.79558 0.20442
0.46041 0.53959
0.51564 0.48436
0.79272 0.20728
0.45735 0.54265
0.51271 0.48729
0.97962 0.02038
0.97918 0.02082
0.34681 0.65319
0.41961 0.58039
0.44258 0.55742
0.97499 0.02501
0.97833 0.02167
0.97833 0.02167
0.92167 0.07833
0.92167 0.07833
0.87485 0.12515
0.90883 0.09117
0.90883 0.09117
0.94042 0.05958
0.71565 0.28435
0.76732 0.23268
0.76732 0.23268
0.91280 0.08720
0.80491 0.19509
0.62370 0.37630
0.76551 0.23449
0.75482 0.24518
0.97441 0.02559
0.97441 0.02559
0.89741 0.10259
0.89741 0.10259
0.99332 0.00668
0.44314 0.55686
0.45599 0.54401
0.34003 0.65997
0.45095 0.54905
0.40779 0.59221
0.69590 0.30410
0.37242 0.62758
0.93515 0.06485
0.90021 0.09979
0.51756 0.48244
0.83797 0.16203
0.33913 0.66087
0.99449 0.00551
0.94686 0.05314
0.32141 0.67859
0.72339 0.27661
0.95961 0.04039
0.96380 0.03620
0.39635 0.60365
0.39758 0.60242
0.39762 0.60238
0.39783 0.60217
0.98230 0.01770
0.92121 0.07879
0.98819 0.01181
0.40215 0.59785
0.45106 0.54894
0.80147 0.19853
0.89770 0.10230
0.43614 0.56386
0.52437 0.47563
0.56915 0.43085
0.49424 0.50576
0.73352 0.26648
0.81048 0.18952
0.92446 0.07554
0.99293 0.00707
0.79013 0.20987
0.79013 0.20987
0.99293 0.00707
0.81357 0.18643
0.78654 0.21346
0.68066 0.31934
0.66254 0.33746
0.30216 0.69784
0.65883 0.34117
0.45739 0.54261
0.46182 0.53818
0.76676 0.23324
0.35783 0.64217
0.36256 0.63744
0.36037 0.63963
0.89705 0.10295
0.82791 0.17209
0.79759 0.20241
0.87758 0.12242
0.40001 0.59999
0.76834 0.23166
0.44589 0.55411
0.78801 0.21199
0.94076 0.05924
0.83824 0.16176
0.81371 0.18629
0.94987 0.05013
0.86980 0.13020
0.73489 0.26511
0.61185 0.38815
0.45474 0.54526
0.95389 0.04611
0.94409 0.05591
0.95155 0.04845
0.90023 0.09977
0.49456 0.50544
0.48640 0.51360
0.85785 0.14215
0.64338 0.35662
0.97005 0.02995
0.70162 0.29838
0.37918 0.62082
0.62475 0.37525
0.38259 0.61741
0.64658 0.35342
0.61965 0.38035
0.70454 0.29546
0.44447 0.55553
0.63303 0.36697
0.90579 0.09421
0.44110 0.55890
0.43925 0.56075
0.58102 0.41898
0.56212 0.43788
0.96647 0.03353
0.57443 0.42557
0.96931 0.03069
0.56617 0.43383
0.54762 0.45238
0.96805 0.03195
0.55939 0.44061
0.96954 0.03046
0.80940 0.19060
0.48067 0.51933
0.87338 0.12662
0.47509 0.52491
0.85785 0.14215
0.44369 0.55632
0.42620 0.57380
0.54148 0.45852
0.93403 0.06597
0.93035 0.06965
0.99710 0.00290
0.36631 0.63369
0.79129 0.20871
0.39295 0.60705
0.89159 0.10841
0.39295 0.60705
0.89159 0.10841
0.88065 0.11935
0.99978 0.00022
0.56496 0.43504
0.70050 0.29950
0.85970 0.14030
0.54725 0.45275
0.59582 0.40418
0.44442 0.55558
0.45424 0.54576
0.99604 0.00396
0.86824 0.13176
0.67948 0.32052
0.40923 0.59077
0.69359 0.30641
0.32528 0.67472
0.76444 0.23556
0.80932 0.19068
0.78227 0.21773
0.37616 0.62384
0.93440 0.06560
0.99402 0.00598
0.74050 0.25950
0.70766 0.29234
0.45053 0.54947
0.77039 0.22961
0.48634 0.51366
0.29320 0.70680
0.46024 0.53976
0.29053 0.70947
0.36565 0.63435
0.57121 0.42879
0.35903 0.64097
0.53739 0.46261
0.92300 0.07700
0.43200 0.56800
0.99622 0.00378
0.42927 0.57073
0.99851 0.00149
0.45664 0.54336
0.71695 0.28305
0.96863 0.03137
0.98128 0.01872
0.97308 0.02692
0.81297 0.18703
0.98236 0.01764
0.46357 0.53643
0.77476 0.22524
0.67810 0.32190
0.70826 0.29174
0.61470 0.38530
0.85537 0.14463
0.90240 0.09760
0.90229 0.09771
0.46638 0.53362
0.93791 0.06209
0.99947 0.00053
0.42555 0.57445
0.78452 0.21548
0.44056 0.55944
0.74000 0.26000
0.92899 0.07101
0.46391 0.53609
0.76114 0.23886
0.93622 0.06378
0.47418 0.52582
0.85152 0.14848
0.44855 0.55145
0.83501 0.16499
0.41249 0.58751
0.43345 0.56655
0.34785 0.65215
0.31177 0.68823
0.77269 0.22731
0.77216 0.22784
0.66168 0.33832
0.63490 0.36510
0.76477 0.23523
0.54923 0.45077
0.95889 0.04111
0.42160 0.57840
0.96567 0.03433
0.99632 0.00368
0.96556 0.03444
0.70549 0.29451
0.70567 0.29433
0.70567 0.29433
0.33531 0.66469
0.37938 0.62062
0.39820 0.60180
0.45445 0.54555
0.45206 0.54794
0.99641 0.00359
0.36415 0.63585
0.31172 0.68828
0.76119 0.23881
0.34036 0.65964
0.42678 0.57322
0.41033 0.58967
0.43037 0.56963
0.41365 0.58635
0.42537 0.57463
0.40920 0.59080
0.82484 0.17516
0.82884 0.17116
0.43085 0.56915
0.41346 0.58654
0.57623 0.42377
0.34396 0.65604
0.36896 0.63104
0.34349 0.65651
0.71679 0.28321
0.71679 0.28321
0.83266 0.16734
0.83266 0.16734
0.73840 0.26160
0.73840 0.26160
0.85306 0.14694
0.85306 0.14694
0.83810 0.16190
0.83810 0.16190
0.71370 0.28630
0.71370 0.28630
0.50852 0.49148
0.85238 0.14762
0.79806 0.20194
0.40393 0.59607
0.39698 0.60302
0.41228 0.58772
0.88049 0.11951
0.41036 0.58964
0.99302 0.00698
0.84804 0.15196
0.88354 0.11646
0.83458 0.16542
0.68400 0.31600
0.39024 0.60976
0.39058 0.60942
0.39058 0.60942
0.89178 0.10822
0.89196 0.10804
0.89015 0.10985
0.94743 0.05257
0.94756 0.05244
0.94641 0.05359
0.78303 0.21697
0.78277 0.21723
0.61840 0.38160
0.62283 0.37717
0.62224 0.37776
0.97406 0.02594
0.97620 0.02380
0.45576 0.54424
0.88323 0.11677
0.90724 0.09276
0.89095 0.10905
0.51354 0.48646
0.51315 0.48685
0.51315 0.48685
0.51354 0.48646
0.66001 0.33999
0.81750 0.18250
0.46025 0.53975
0.50009 0.49991
0.99373 0.00627
0.49440 0.50560
0.99339 0.00661
0.77149 0.22851
0.77149 0.22851
0.80007 0.19993
0.38839 0.61161
0.38893 0.61107
0.49258 0.50742
0.66366 0.33634
0.70641 0.29359
0.60916 0.39084
0.74279 0.25721
0.78440 0.21560
0.36468 0.63532
0.36428 0.63572
0.35972 0.64028
0.37595 0.62405
0.84906 0.15094
0.88048 0.11952
0.36681 0.63319
0.37427 0.62573
0.84906 0.15094
0.88048 0.11952
0.36681 0.63319
0.37427 0.62573
0.49416 0.50584
0.51982 0.48018
0.90004 0.09996
0.80986 0.19014
0.93226 0.06774
0.95096 0.04904
0.31139 0.68862
0.40880 0.59120
0.36295 0.63705
0.41769 0.58231
0.42884 0.57116
0.41769 0.58231
0.42884 0.57116
0.48021 0.51979
0.48021 0.51979
0.48021 0.51979
0.48021 0.51979
0.62157 0.37843
0.56878 0.43122
0.35958 0.64042
0.45783 0.54217
0.39902 0.60098
0.40219 0.59781
0.38043 0.61957
0.37024 0.62976
0.40650 0.59350
0.43300 0.56700
0.41203 0.58797
0.42404 0.57596
0.40852 0.59148
0.91161 0.08839
0.43032 0.56968
0.84165 0.15835
0.87044 0.12956
0.99564 0.00436
0.86492 0.13508
0.88630 0.11370
0.37075 0.62925
0.95967 0.04033
0.97061 0.02939
0.85764 0.14236
0.38332 0.61668
0.30430 0.69570
0.35768 0.64232
0.75522 0.24478
0.80795 0.19205
0.44649 0.55351
0.88639 0.11361
0.43899 0.56101
0.96199 0.03801
0.41727 0.58273
0.43891 0.56109
0.39457 0.60543
0.99609 0.00391
0.72663 0.27337
0.48543 0.51457
0.91655 0.08345
0.57439 0.42561
0.47011 0.52989
0.47011 0.52989
0.83867 0.16133
0.83693 0.16307
0.36898 0.63102
0.36518 0.63482
0.67750 0.32250
0.38340 0.61660
0.36103 0.63897
0.47817 0.52183
0.47682 0.52318
0.45796 0.54204
0.98829 0.01171
0.98857 0.01143
0.44375 0.55625
0.84054 0.15946
0.84578 0.15422
0.98582 0.01418
0.53282 0.46718
0.36616 0.63384
0.71875 0.28125
0.39304 0.60696
0.41009 0.58991
0.41988 0.58012
0.90680 0.09320
0.79231 0.20769
0.41009 0.58991
0.41988 0.58012
0.40475 0.59525
0.40475 0.59525
0.44636 0.55364
0.46796 0.53204
0.41916 0.58084
0.36538 0.63462
0.44382 0.55618
0.44166 0.55834
0.44303 0.55697
0.43871 0.56129
0.86814 0.13186
0.39745 0.60255
0.49154 0.50846
0.99583 0.00417
0.98265 0.01735
0.63829 0.36171
0.99145 0.00855
0.91544 0.08456
0.99031 0.00969
0.97768 0.02232
0.97768 0.02232
0.47487 0.52513
0.51779 0.48221
0.51209 0.48791
0.49382 0.50618
0.95842 0.04158
0.47932 0.52068
0.50800 0.49200
0.48496 0.51504
0.46904 0.53096
0.50005 0.49995
0.48780 0.51220
0.83999 0.16001
0.49987 0.50013
0.49761 0.50239
0.44881 0.55119
0.44881 0.55119
0.74072 0.25928
0.74072 0.25928
0.45665 0.54335
0.45665 0.54335
0.78630 0.21370
0.84778 0.15222
0.38157 0.61843
0.48508 0.51492
0.48508 0.51492
0.80754 0.19246
0.80754 0.19246
0.69010 0.30990
0.69010 0.30990
0.46082 0.53918
0.84325 0.15675
0.40651 0.59349
0.36042 0.63958
0.45312 0.54688
0.48176 0.51824
0.57524 0.42476
0.52864 0.47136
0.56967 0.43033
0.43405 0.56595
0.76590 0.23410
0.66806 0.33194
0.66806 0.33194
0.84360 0.15640
0.45695 0.54305
0.36362 0.63638
0.92936 0.07064
0.50143 0.49857
0.50319 0.49681
0.97745 0.02255
0.98102 0.01898
0.98104 0.01896
0.92991 0.07009
0.99815 0.00185
0.99815 0.00185
0.79245 0.20755
0.44462 0.55538
0.89029 0.10971
0.42669 0.57331
0.38806 0.61194
0.43884 0.56116
0.64970 0.35030
0.79482 0.20518
0.67920 0.32080
0.79482 0.20518
0.67920 0.32080
0.79567 0.20433
0.43241 0.56759
0.38088 0.61912
0.51292 0.48708
0.40357 0.59643
0.52101 0.47899
0.61608 0.38392
0.56124 0.43876
0.46256 0.53744
0.88384 0.11616
0.83819 0.16181
0.68872 0.31128
0.70231 0.29769
0.87694 0.12306
0.44245 0.55755
0.37430 0.62570
0.37602 0.62398
0.37793 0.62207
0.99216 0.00784
0.41810 0.58190
0.41769 0.58231
0.41769 0.58231
0.46420 0.53580
0.61087 0.38913
0.46320 0.53680
0.45730 0.54270
0.51848 0.48152
0.58852 0.41148
0.39309 0.60691
0.38549 0.61451
0.86774 0.13226
0.99732 0.00268
0.98195 0.01805
0.43062 0.56938
0.46347 0.53653
0.34730 0.65270
0.47742 0.52258
0.51587 0.48413
0.40019 0.59981
0.52803 0.47197
0.35098 0.64902
0.41386 0.58614
0.36295 0.63705
0.44352 0.55648
0.91233 0.08767
0.33672 0.66328
0.37963 0.62037
0.34643 0.65357
0.55039 0.44961
0.54590 0.45410
0.96173 0.03827
0.99968 0.00032
0.66619 0.33381
0.66619 0.33381
0.89269 0.10731
0.70785 0.29215
0.70504 0.29496
0.70785 0.29215
0.69601 0.30399
0.70785 0.29215
0.70785 0.29215
0.70504 0.29496
0.70785 0.29215
0.69601 0.30399
0.70785 0.29215
0.70785 0.29215
0.70504 0.29496
0.70785 0.29215
0.69601 0.30399
0.70785 0.29215
0.74617 0.25383
0.92835 0.07165
0.40362 0.59638
0.87806 0.12194
0.55464 0.44536
0.49647 0.50353
0.49869 0.50131
0.34731 0.65269
0.99009 0.00991
0.40800 0.59200
0.42111 0.57889
0.42135 0.57865
0.86383 0.13617
0.81259 0.18741
0.38703 0.61297
0.83366 0.16634
0.66762 0.33238
0.83366 0.16634
0.66762 0.33238
0.45164 0.54836
0.86857 0.13143
0.37347 0.62653
0.50582 0.49418
0.99052 0.00948
0.82255 0.17745
0.50582 0.49418
0.99046 0.00954
0.82170 0.17830
0.55149 0.44851
0.81356 0.18644
0.70443 0.29557
0.55149 0.44851
0.81356 0.18644
0.70443 0.29557
0.44302 0.55698
0.44302 0.55698
0.44302 0.55698
0.44302 0.55698
0.40199 0.59801
0.43778 0.56222
0.76427 0.23573
0.39539 0.60461
0.31835 0.68165
0.42026 0.57974
0.42181 0.57819
0.38469 0.61531
0.39130 0.60870
0.93314 0.06686
0.94347 0.05653
0.94129 0.05871
0.45193 0.54807
0.46169 0.53831
0.46754 0.53246
0.47057 0.52943
0.45193 0.54807
0.46169 0.53831
0.46754 0.53246
0.62017 0.37983
0.39283 0.60717
0.39366 0.60634
0.46654 0.53346
0.80204 0.19796
0.83635 0.16365
0.82802 0.17198
0.33361 0.66639
0.76968 0.23032
0.78269 0.21731
0.43565 0.56435
0.55291 0.44709
0.96543 0.03457
0.96543 0.03457
0.91371 0.08629
0.49544 0.50456
0.99881 0.00119
0.97151 0.02849
0.98470 0.01530
0.89545 0.10455
0.80040 0.19960
0.37939 0.62061
0.39499 0.60501
0.73604 0.26396
0.42241 0.57759
0.70813 0.29187
0.40825 0.59175
0.40886 0.59114
0.68387 0.31613
0.38140 0.61860
0.42907 0.57093
0.89783 0.10217
0.41986 0.58014
0.60655 0.39345
0.71856 0.28144
0.61846 0.38154
0.69191 0.30809
0.99455 0.00545
0.95607 0.04393
0.53572 0.46428
0.44392 0.55608
0.93882 0.06118
0.95492 0.04508
0.61837 0.38163
0.38032 0.61968
0.56754 0.43246
0.87698 0.12302
0.55312 0.44688
0.53901 0.46099
0.43517 0.56483
0.43517 0.56483
0.43418 0.56582
0.43299 0.56701
0.86385 0.13615
0.44407 0.55593
0.85041 0.14959
0.85041 0.14959
0.43182 0.56818
0.99292 0.00708
0.95260 0.04740
0.75513 0.24487
0.75611 0.24389
0.97932 0.02068
0.96369 0.03631
0.99466 0.00534
0.56751 0.43249
0.69230 0.30770
0.44345 0.55655
0.38397 0.61603
0.38589 0.61411
0.88953 0.11047
0.48411 0.51589
0.49922 0.50078
0.84172 0.15828
0.48059 0.51941
0.47694 0.52306
0.90631 0.09369
0.86136 0.13864
0.50688 0.49312
0.31068 0.68932
0.40332 0.59668
0.38354 0.61646
0.80967 0.19033
0.47443 0.52557
0.78433 0.21567
0.50497 0.49503
0.90960 0.09040
0.90960 0.09040
0.99860 0.00140
0.90960 0.09040
0.99860 0.00140
0.54104 0.45896
0.39830 0.60170
0.84740 0.15260
0.80523 0.19477
0.47818 0.52182
0.47818 0.52182
0.47818 0.52182
0.71341 0.28659
0.71341 0.28659
0.28778 0.71222
0.32502 0.67498
0.98974 0.01026
0.92995 0.07005
0.78459 0.21541
0.48605 0.51395
0.60687 0.39313
0.72647 0.27353
0.51472 0.48528
0.39596 0.60404
0.93205 0.06795
0.86836 0.13164
0.44059 0.55941
0.96900 0.03100
0.37822 0.62178
0.38491 0.61509
0.49219 0.50781
0.55652 0.44348
0.49219 0.50781
0.55652 0.44348
0.49219 0.50781
0.55652 0.44348
0.49219 0.50781
0.55652 0.44348
0.99982 0.00018
0.96125 0.03875
0.99982 0.00018
0.96022 0.03978
0.51383 0.48617
0.45162 0.54838
0.47269 0.52731
0.35580 0.64420
0.82008 0.17992
0.52036 0.47964
0.95582 0.04418
0.99249 0.00751
0.95657 0.04343
0.51395 0.48605
0.99170 0.00830
0.32727 0.67273
0.39740 0.60260
0.99661 0.00339
0.99578 0.00422
0.99657 0.00343
0.99657 0.00343
0.99813 0.00187
0.99850 0.00150
0.45661 0.54339
0.45661 0.54339
0.45661 0.54339
0.43557 0.56443
0.34713 0.65287
0.89785 0.10215
0.42423 0.57577
0.44987 0.55013
0.51533 0.48467
0.51533 0.48467
0.49344 0.50656
0.98872 0.01128
0.48648 0.51352
0.45191 0.54809
0.72365 0.27635
0.68346 0.31654
0.27746 0.72254
0.74970 0.25030
0.80752 0.19248
0.78171 0.21829
0.50161 0.49839
0.54762 0.45238
0.53097 0.46903
0.74970 0.25030
0.80752 0.19248
0.78171 0.21829
0.49445 0.50555
0.61380 0.38620
0.68150 0.31850
0.61873 0.38127
0.40041 0.59959
0.45854 0.54146
0.41257 0.58743
0.33527 0.66473
0.43447 0.56553
0.81999 0.18001
0.86005 0.13995
0.46081 0.53919
0.35985 0.64015
0.96566 0.03434
0.41858 0.58142
0.40448 0.59552
0.38464 0.61536
0.36903 0.63097
0.30689 0.69311
0.48478 0.51522
0.46872 0.53128
0.53150 0.46850
0.46837 0.53163
0.88966 0.11034
0.46612 0.53388
0.52889 0.47111
0.69354 0.30646
0.79154 0.20846
0.84989 0.15011
0.84989 0.15011
0.82241 0.17759
0.94504 0.05496
0.95387 0.04613
0.79732 0.20268
0.79732 0.20268
0.47138 0.52862
0.32534 0.67466
0.88484 0.11516
0.88560 0.11440
0.87712 0.12288
0.33564 0.66436
0.57233 0.42767
0.87333 0.12667
0.99969 0.00031
0.35857 0.64143
0.34595 0.65405
0.33894 0.66106
0.38733 0.61267
0.38244 0.61756
0.67406 0.32594
0.38366 0.61634
0.38197 0.61803
0.20243 0.79757
0.36680 0.63320
0.60196 0.39804
0.37923 0.62077
0.39824 0.60176
0.88931 0.11069
0.99673 0.00327
0.64315 0.35685
0.77918 0.22082
0.77097 0.22903
0.84596 0.15404
0.84596 0.15404
0.99863 0.00137
0.85262 0.14738
0.99814 0.00186
0.82250 0.17750
0.86224 0.13776
0.84921 0.15079
0.69019 0.30981
0.45155 0.54845
0.38300 0.61700
0.80844 0.19156
0.98823 0.01177
0.79531 0.20469
0.98683 0.01317
0.95189 0.04811
0.58164 0.41836
0.93486 0.06514
0.37614 0.62386
0.81794 0.18206
0.37236 0.62764
0.82834 0.17166
0.90673 0.09327
0.91692 0.08308
0.99312 0.00688
0.44951 0.55049
0.80884 0.19116
0.99404 0.00596
0.46588 0.53412
0.82557 0.17443
0.38018 0.61982
0.50390 0.49610
0.37587 0.62413
0.33649 0.66351
0.34779 0.65221
0.35122 0.64878
0.98452 0.01548
0.53740 0.46260
0.98788 0.01212
0.54880 0.45120
0.55430 0.44570
0.97386 0.02614
0.97505 0.02495
0.45575 0.54425
0.45575 0.54425
0.94296 0.05704
0.94296 0.05704
0.45575 0.54425
0.45575 0.54425
0.45575 0.54425
0.45575 0.54425
0.83231 0.16769
0.82696 0.17304
0.82696 0.17304
0.50251 0.49749
0.84165 0.15835
0.99840 0.00160
0.99113 0.00887
0.39748 0.60252
0.39699 0.60301
0.99877 0.00123
0.99878 0.00122
0.99878 0.00122
0.99809 0.00191
0.99183 0.00817
0.94660 0.05340
0.94660 0.05340
0.38020 0.61980
0.81662 0.18338
0.41705 0.58295
0.55166 0.44834
0.37036 0.62964
0.36319 0.63681
0.43676 0.56324
0.39600 0.60400
0.70543 0.29457
0.66829 0.33171
0.64397 0.35603
0.64397 0.35603
0.30948 0.69052
0.99485 0.00515
0.89883 0.10117
0.47441 0.52559
0.40240 0.59760
0.44644 0.55356
0.57750 0.42250
0.57611 0.42389
0.58774 0.41226
0.58505 0.41495
0.57186 0.42814
0.56037 0.43963
0.38716 0.61284
0.39612 0.60388
0.38467 0.61533
0.39007 0.60993
0.36918 0.63082
0.74315 0.25685
0.34163 0.65837
0.64280 0.35720
0.68120 0.31880
0.64126 0.35874
0.34914 0.65086
0.67591 0.32409
0.67591 0.32409
0.35808 0.64192
0.39450 0.60550
0.50906 0.49094
0.48576 0.51424
0.91555 0.08445
0.45381 0.54619
0.45381 0.54619
0.45381 0.54619
0.45381 0.54619
0.33473 0.66527
0.34559 0.65441
0.36875 0.63125
0.36127 0.63873
0.84306 0.15694
0.36792 0.63208
0.69779 0.30221
0.70733 0.29267
0.76245 0.23755
0.76245 0.23755
0.71264 0.28736
0.91466 0.08534
0.94173 0.05827
0.94173 0.05827
0.85243 0.14757
0.85243 0.14757
0.47496 0.52504
0.47542 0.52458
0.74588 0.25412
0.74588 0.25412
0.99869 0.00131
0.98908 0.01092
0.98908 0.01092
0.96169 0.03831
0.92013 0.07987
0.41062 0.58938
0.99485 0.00515
0.68724 0.31276
0.87915 0.12085
0.88074 0.11926
0.91855 0.08145
0.87119 0.12881
0.98342 0.01658
0.89365 0.10635
0.98925 0.01075
0.98925 0.01075
0.32745 0.67255
0.31586 0.68414
0.68935 0.31065
0.91356 0.08644
0.92658 0.07342
0.91618 0.08382
0.40825 0.59175
0.65401 0.34599
0.89754 0.10246
0.35443 0.64557
0.65702 0.34298
0.35576 0.64424
0.98888 0.01112
0.65401 0.34599
0.89754 0.10246
0.35443 0.64557
0.78558 0.21442
0.48878 0.51122
0.49197 0.50803
0.85643 0.14357
0.93534 0.06466
0.83878 0.16122
0.50488 0.49512
0.50488 0.49512
0.70000 0.30000
0.72549 0.27451
0.49421 0.50579
0.49421 0.50579
0.74173 0.25827
0.76712 0.23288
0.43927 0.56073
0.71586 0.28414
0.39910 0.60090
0.71586 0.28414
0.39695 0.60305
0.39905 0.60095
0.39695 0.60305
0.39695 0.60305
0.39905 0.60095
0.39695 0.60305
0.84671 0.15329
0.78271 0.21729
0.48109 0.51891
0.44224 0.55776
0.91859 0.08141
0.94393 0.05607
0.45425 0.54575
0.44490 0.55510
0.45631 0.54369
0.44684 0.55316
0.96246 0.03754
0.49955 0.50045
0.36956 0.63044
0.37626 0.62374
0.73348 0.26652
0.58097 0.41903
0.43967 0.56033
0.43767 0.56233
0.74664 0.25336
0.74597 0.25403
0.75997 0.24003
0.75483 0.24517
0.74960 0.25040
0.46072 0.53928
0.45950 0.54050
0.34643 0.65357
0.35249 0.64751
0.38782 0.61218
0.39411 0.60589
0.48505 0.51495
0.96828 0.03172
0.38881 0.61119
0.38881 0.61119
0.30406 0.69594
0.92445 0.07555
0.91333 0.08667
0.91832 0.08168
0.92778 0.07222
0.92312 0.07688
0.36273 0.63727
0.64887 0.35113
0.89282 0.10718
0.46152 0.53848
0.37648 0.62352
0.37461 0.62539
0.37654 0.62346
0.76032 0.23968
0.47527 0.52473
0.48797 0.51203
0.47553 0.52447
0.40508 0.59492
0.40952 0.59048
0.40527 0.59473
0.86870 0.13130
0.86870 0.13130
0.39408 0.60592
0.39408 0.60592
0.67997 0.32003
0.73857 0.26143
0.78089 0.21911
0.32883 0.67117
0.60557 0.39443
0.53265 0.46735
0.64993 0.35007
0.39449 0.60551
0.61179 0.38821
0.35087 0.64913
0.90925 0.09075
0.91324 0.08676
0.39777 0.60223
0.36704 0.63296
0.42296 0.57704
0.43348 0.56652
0.38384 0.61616
0.37997 0.62003
0.66213 0.33787
0.86931 0.13069
0.40298 0.59702
0.40298 0.59702
0.37612 0.62388
0.51596 0.48404
0.99381 0.00619
0.99271 0.00729
0.99168 0.00832
0.99972 0.00028
0.98500 0.01500
0.86941 0.13059
0.98136 0.01864
0.87210 0.12790
0.98831 0.01169
0.98893 0.01107
0.95404 0.04596
0.97931 0.02069
0.75390 0.24610
0.82127 0.17873
0.99832 0.00168
0.95782 0.04218
0.94822 0.05178
0.96821 0.03179
0.51931 0.48069
0.40579 0.59421
0.83643 0.16357
0.82834 0.17166
0.38137 0.61863
0.77417 0.22583
0.37021 0.62979
0.33611 0.66390
0.90904 0.09096
0.39702 0.60298
0.82440 0.17560
0.44594 0.55406
0.94520 0.05480
0.92786 0.07214
0.88989 0.11011
0.86279 0.13721
0.96163 0.03837
0.96959 0.03041
0.94482 0.05518
0.46495 0.53505
0.48216 0.51784
0.44121 0.55879
0.88121 0.11879
0.86999 0.13001
0.27817 0.72183
0.41383 0.58617
0.39915 0.60085
0.43484 0.56516
0.31471 0.68529
0.42944 0.57056
0.68912 0.31088
0.70764 0.29236
0.70915 0.29085
0.33292 0.66708
0.58376 0.41624
0.98079 0.01921
0.75712 0.24288
0.41532 0.58468
0.85787 0.14213
0.99874 0.00126
0.57903 0.42097
0.36705 0.63295
0.57295 0.42705
0.97843 0.02157
0.57295 0.42705
0.97843 0.02157
0.57295 0.42705
0.97843 0.02157
0.97033 0.02967
0.60380 0.39620
0.32606 0.67394
0.90327 0.09674
0.36940 0.63060
0.37011 0.62989
0.37036 0.62964
0.35889 0.64111
0.39337 0.60663
0.40662 0.59338
0.88088 0.11912
0.77111 0.22889
0.61630 0.38370
0.77111 0.22889
0.41172 0.58828
0.73902 0.26098
0.38238 0.61762
0.36585 0.63415
0.78057 0.21943
0.71929 0.28071
0.37050 0.62950
0.33744 0.66256
0.48421 0.51579
0.92489 0.07511
0.94797 0.05203
0.49312 0.50688
0.47032 0.52968
0.47032 0.52968
0.47916 0.52084
0.84604 0.15396
0.48444 0.51556
0.99076 0.00924
0.92569 0.07431
0.38287 0.61713
0.37950 0.62050
0.38026 0.61974
0.42843 0.57157
0.42401 0.57599
0.81305 0.18695
0.81847 0.18153
0.82446 0.17554
0.41944 0.58056
0.72745 0.27255
0.73581 0.26419
0.40279 0.59721
0.64537 0.35463
0.64537 0.35463
0.96990 0.03010
0.42029 0.57971
0.42029 0.57971
0.43987 0.56013
0.36062 0.63938
0.46479 0.53521
0.62260 0.37740
0.93127 0.06873
0.95589 0.04411
0.60701 0.39299
0.86505 0.13495
0.39962 0.60038
0.37425 0.62575
0.99615 0.00385
0.99595 0.00405
0.93574 0.06426
0.93283 0.06717
0.94673 0.05327
0.99235 0.00765
0.80184 0.19816
0.82032 0.17968
0.78142 0.21858
0.78226 0.21774
0.80252 0.19748
0.95909 0.04091
0.93475 0.06525
0.93167 0.06833
0.93156 0.06844
0.92396 0.07604
0.92035 0.07965
0.93040 0.06960
0.92791 0.07209
0.95242 0.04758
0.94040 0.05960
0.43800 0.56200
0.43623 0.56377
0.44400 0.55600
0.44216 0.55784
0.42501 0.57499
0.41698 0.58302
0.42841 0.57159
0.43336 0.56664
0.95092 0.04908
0.99451 0.00549
0.99489 0.00511
0.99405 0.00595
0.51646 0.48354
0.51789 0.48211
0.46850 0.53150
0.73460 0.26540
0.99896 0.00104
0.42538 0.57462
0.91103 0.08897
0.34578 0.65422
0.34254 0.65746
0.73337 0.26663
0.86989 0.13011
0.54579 0.45421
0.92513 0.07487
0.92719 0.07281
0.85875 0.14125
0.53220 0.46780
0.48994 0.51006
0.49398 0.50602
0.86298 0.13702
0.99339 0.00661
0.49632 0.50368
0.50036 0.49964
0.62709 0.37291
0.50909 0.49091
0.81286 0.18714
0.42089 0.57911
0.42195 0.57805
0.97509 0.02491
0.39289 0.60711
0.98085 0.01915
0.45631 0.54369
0.85812 0.14188
0.44688 0.55312
0.85579 0.14421
0.99139 0.00861
0.99080 0.00920
0.35940 0.64060
0.38385 0.61615
0.59439 0.40561
0.40472 0.59528
0.54932 0.45068
0.56751 0.43249
0.44802 0.55198
0.60514 0.39486
0.79916 0.20084
0.80478 0.19522
0.76974 0.23026
0.58409 0.41591
0.60104 0.39896
0.31602 0.68398
0.34351 0.65649
0.40285 0.59715
0.98285 0.01715
0.55509 0.44491
0.46251 0.53749
0.45946 0.54054
0.42301 0.57699
0.69775 0.30225
0.42417 0.57583
0.45912 0.54088
0.42098 0.57902
0.97161 0.02839
0.98498 0.01502
0.41226 0.58774
0.44179 0.55821
0.40768 0.59232
0.47261 0.52739
0.47261 0.52739
0.53199 0.46801
0.53674 0.46326
0.53199 0.46801
0.54382 0.45618
0.63390 0.36610
0.93850 0.06150
0.92044 0.07956
0.52700 0.47300
0.51398 0.48602
0.52373 0.47627
0.59461 0.40539
0.85612 0.14388
0.99767 0.00233
0.59036 0.40964
0.59036 0.40964
0.85612 0.14388
0.99767 0.00233
0.59036 0.40964
0.59036 0.40964
0.85612 0.14388
0.99767 0.00233
0.59036 0.40964
0.59036 0.40964
0.85612 0.14388
0.99767 0.00233
0.59036 0.40964
0.35409 0.64591
0.30512 0.69488
0.49770 0.50230
0.46213 0.53787
0.97430 0.02570
0.56371 0.43629
0.95993 0.04007
0.58419 0.41581
0.32835 0.67165
0.44292 0.55708
0.43364 0.56636
0.64449 0.35551
0.64449 0.35551
0.43364 0.56636
0.44206 0.55794
0.84417 0.15583
0.66297 0.33703
0.44789 0.55211
0.44789 0.55211
0.46481 0.53519
0.45311 0.54689
0.68585 0.31415
0.68585 0.31415
0.45364 0.54636
0.62508 0.37492
0.76338 0.23662
0.44049 0.55951
0.44049 0.55951
0.42635 0.57365
0.97720 0.02280
0.97720 0.02280
0.43254 0.56746
0.44049 0.55951
0.44049 0.55951
0.42635 0.57365
0.41724 0.58276
0.40520 0.59480
0.40461 0.59539
0.41171 0.58829
0.65407 0.34593
0.46115 0.53885
0.44665 0.55335
0.44665 0.55335
0.88456 0.11544
0.40872 0.59128
0.46018 0.53982
0.48953 0.51047
0.84386 0.15614
0.89114 0.10886
0.93514 0.06486
0.95886 0.04114
0.45147 0.54853
0.48076 0.51924
0.34974 0.65026
0.43300 0.56700
0.40667 0.59333
0.40289 0.59711
0.78805 0.21195
0.76020 0.23980
0.44623 0.55377
0.71568 0.28432
0.38796 0.61204
0.36682 0.63318
0.79201 0.20799
0.38345 0.61655
0.51956 0.48044
0.51122 0.48878
0.99102 0.00898
0.87613 0.12388
0.89649 0.10351
0.95094 0.04906
0.76399 0.23601
0.45033 0.54967
0.34895 0.65105
0.67565 0.32435
0.41244 0.58756
0.34923 0.65077
0.36132 0.63868
0.38767 0.61233
0.37945 0.62055
0.72212 0.27788
0.35039 0.64961
0.81281 0.18719
0.80206 0.19794
0.91593 0.08407
0.46633 0.53367
0.68763 0.31237
0.63875 0.36125
0.85392 0.14608
0.87387 0.12613
0.82149 0.17851
0.82390 0.17610
0.97478 0.02522
0.36962 0.63038
0.98613 0.01387
0.84577 0.15423
0.75860 0.24140
0.51732 0.48268
0.59075 0.40925
0.85111 0.14889
0.75860 0.24140
0.51732 0.48268
0.99454 0.00546
0.99502 0.00498
0.99454 0.00546
0.99502 0.00498
0.70564 0.29436
0.76263 0.23737
0.80040 0.19960
0.79361 0.20639
0.80530 0.19470
0.79361 0.20639
0.75893 0.24107
0.80792 0.19208
0.77567 0.22433
0.79937 0.20063
0.77567 0.22433
0.79937 0.20063
0.77567 0.22433
0.79937 0.20063
0.78684 0.21316
0.38507 0.61493
0.38482 0.61518
0.38482 0.61518
0.53179 0.46821
0.70784 0.29216
0.70873 0.29127
0.46324 0.53676
0.45838 0.54162
0.40777 0.59223
0.63684 0.36316
0.56570 0.43430
0.41779 0.58221
0.54648 0.45352
0.41600 0.58400
0.94016 0.05984
0.38428 0.61572
0.81074 0.18926
0.74995 0.25005
0.74995 0.25005
0.95553 0.04447
0.82392 0.17608
0.88885 0.11115
0.99534 0.00466
0.99955 0.00045
0.99962 0.00038
0.99532 0.00468
0.99221 0.00779
0.99963 0.00037
0.30373 0.69627
0.30269 0.69731
0.35538 0.64462
0.78383 0.21617
0.35057 0.64943
0.94911 0.05089
0.95135 0.04865
0.44476 0.55524
0.45424 0.54576
0.49090 0.50910
0.44374 0.55626
0.44555 0.55445
0.47628 0.52372
0.90425 0.09575
0.38333 0.61667
0.63469 0.36531
0.36857 0.63143
0.35517 0.64483
0.38581 0.61419
0.73144 0.26856
0.63316 0.36684
0.81721 0.18279
0.45212 0.54788
0.45212 0.54788
0.43452 0.56548
0.43452 0.56548
0.98535 0.01465
0.98535 0.01465
0.43452 0.56548
0.43452 0.56548
0.45290 0.54710
0.46508 0.53492
0.39127 0.60873
0.35757 0.64243
0.35556 0.64444
0.99848 0.00152
0.54783 0.45217
0.58484 0.41516
0.69857 0.30143
0.69857 0.30143
0.43495 0.56505
0.43495 0.56505
0.44766 0.55234
0.44766 0.55234
0.43495 0.56505
0.43495 0.56505
0.44766 0.55234
0.46126 0.53874
0.91978 0.08022
0.33235 0.66765
0.33235 0.66765
0.35894 0.64106
0.36102 0.63898
0.32580 0.67420
0.64846 0.35154
0.81518 0.18482
0.76409 0.23591
0.76409 0.23591
0.34763 0.65237
0.39580 0.60420
0.94706 0.05294
0.95607 0.04393
0.90957 0.09043
0.99267 0.00733
0.42609 0.57391
0.36825 0.63175
0.40136 0.59864
0.92140 0.07860
0.83019 0.16981
0.82514 0.17486
0.82018 0.17982
0.80214 0.19786
0.81120 0.18880
0.66027 0.33973
0.38340 0.61660
0.47970 0.52030
0.47970 0.52030
0.47781 0.52219
0.47781 0.52219
0.41915 0.58085
0.41915 0.58085
0.41930 0.58070
0.41930 0.58070
0.49594 0.50406
0.50021 0.49979
0.98875 0.01125
0.47883 0.52117
0.48271 0.51729
0.99510 0.00490
0.89685 0.10315
0.95438 0.04562
0.66874 0.33126
0.86180 0.13820
0.96053 0.03947
0.96053 0.03947
0.77100 0.22900
0.77062 0.22938
0.76842 0.23158
0.77292 0.22708
0.76812 0.23188
0.79108 0.20892
0.79302 0.20698
0.50719 0.49281
0.99557 0.00443
0.99463 0.00537
0.96236 0.03764
0.87214 0.12786
0.99256 0.00744
0.84374 0.15626
0.47292 0.52708
0.87214 0.12786
0.99256 0.00744
0.98555 0.01445
0.98555 0.01445
0.98467 0.01533
0.99995 0.00005
0.34934 0.65066
0.46767 0.53233
0.52822 0.47178
0.44180 0.55820
0.99633 0.00367
0.44618 0.55382
0.99614 0.00386
0.95230 0.04770
0.34717 0.65283
0.33936 0.66064
0.43995 0.56005
0.44195 0.55805
0.78036 0.21964
0.45036 0.54964
0.96722 0.03278
0.42209 0.57791
0.92373 0.07627
0.38921 0.61079
0.78794 0.21206
0.76783 0.23217
0.59715 0.40285
0.63732 0.36268
0.46236 0.53764
0.78593 0.21407
0.44244 0.55756
0.34731 0.65269
0.34913 0.65087
0.35105 0.64895
0.35288 0.64712
0.45662 0.54338
0.44890 0.55110
0.46467 0.53533
0.45668 0.54332
0.46067 0.53933
0.45288 0.54712
0.38190 0.61810
0.38318 0.61682
0.36968 0.63032
0.41753 0.58247
0.41397 0.58603
0.78446 0.21554
0.48456 0.51544
0.47214 0.52786
0.47659 0.52341
0.39685 0.60315
0.39931 0.60069
0.39685 0.60315
0.39940 0.60060
0.39940 0.60060
0.40400 0.59600
0.37283 0.62717
0.37429 0.62571
0.43374 0.56626
0.35050 0.64950
0.98283 0.01717
0.72924 0.27076
0.98574 0.01426
0.74596 0.25404
0.95441 0.04559
0.96182 0.03818
0.98681 0.01319
0.95888 0.04112
0.98574 0.01426
0.74596 0.25404
0.95441 0.04559
0.37284 0.62716
0.87357 0.12643
0.67571 0.32429
0.97105 0.02895
0.96570 0.03430
0.96377 0.03623
0.96636 0.03364
0.85736 0.14264
0.85822 0.14178
0.85303 0.14697
0.86043 0.13957
0.41592 0.58408
0.42704 0.57296
0.44275 0.55725
0.97937 0.02063
0.32469 0.67531
0.38237 0.61763
0.31075 0.68925
0.89067 0.10933
0.43250 0.56750
0.87625 0.12375
0.36277 0.63723
0.35470 0.64530
0.71257 0.28743
0.83895 0.16105
0.42087 0.57913
0.34318 0.65682
0.45191 0.54809
0.33699 0.66301
0.38485 0.61515
0.38565 0.61435
0.38327 0.61673
0.37096 0.62904
0.36877 0.63123
0.37898 0.62102
0.37760 0.62240
0.48386 0.51614
0.48178 0.51822
0.48386 0.51614
0.51204 0.48796
0.50632 0.49368
0.42705 0.57295
0.39277 0.60723
0.36372 0.63628
0.96518 0.03482
0.96270 0.03730
0.60213 0.39787
0.96418 0.03582
0.35830 0.64170
0.37769 0.62231
0.46885 0.53115
0.84889 0.15111
0.90897 0.09103
0.40215 0.59785
0.40399 0.59601
0.87378 0.12622
0.79049 0.20951
0.43900 0.56100
0.98661 0.01339
0.94094 0.05906
0.44804 0.55196
0.34987 0.65013
0.97568 0.02432
0.37471 0.62529
0.43923 0.56077
0.43054 0.56946
0.84098 0.15902
0.46721 0.53279
0.99755 0.00245
0.33654 0.66346
0.33209 0.66791
0.44083 0.55917
0.49130 0.50870
0.43592 0.56408
0.89859 0.10141
0.33112 0.66888
0.39547 0.60453
0.42377 0.57623
0.43867 0.56133
0.75036 0.24964
0.92104 0.07896
0.70984 0.29016
0.74019 0.25981
0.95321 0.04679
0.49923 0.50077
0.33405 0.66595
0.30231 0.69769
0.84022 0.15978
0.83113 0.16887
0.88476 0.11524
0.99830 0.00170
0.83441 0.16559
0.47311 0.52689
0.44680 0.55320
0.83588 0.16412
0.88829 0.11171
0.43742 0.56258
0.42841 0.57159
0.99911 0.00089
0.38539 0.61461
0.88549 0.11451
0.38381 0.61619
0.58922 0.41078
0.67110 0.32890
0.38612 0.61388
0.40586 0.59414
0.89449 0.10551
0.40958 0.59042
0.56518 0.43482
0.64317 0.35683
0.59144 0.40856
0.57298 0.42702
0.45319 0.54681
0.86495 0.13505
0.97745 0.02255
0.99928 0.00072
0.98556 0.01444
0.49260 0.50740
0.49696 0.50304
0.47889 0.52111
0.47817 0.52183
0.49154 0.50846
0.44847 0.55153
0.49872 0.50128
0.44419 0.55581
0.49264 0.50736
0.36154 0.63846
0.67049 0.32951
0.37210 0.62790
0.81810 0.18190
0.33876 0.66124
0.39068 0.60932
0.66027 0.33973
0.74683 0.25317
0.67464 0.32536
0.75501 0.24499
0.73938 0.26062
0.68447 0.31553
0.45094 0.54906
0.42431 0.57569
0.44224 0.55776
0.44425 0.55575
0.67697 0.32303
0.74683 0.25317
0.67464 0.32536
0.75501 0.24499
0.73938 0.26062
0.68447 0.31553
0.58184 0.41816
0.84129 0.15871
0.84218 0.15782
0.57877 0.42123
0.54066 0.45934
0.47939 0.52061
0.58184 0.41816
0.84129 0.15871
0.84218 0.15782
0.57151 0.42849
0.54066 0.45934
0.47939 0.52061
0.76301 0.23699
0.74253 0.25747
0.74139 0.25861
0.50390 0.49610
0.39597 0.60403
0.39199 0.60801
0.39057 0.60943
0.67834 0.32166
0.93641 0.06359
0.33994 0.66006
0.34775 0.65225
0.47120 0.52880
0.74747 0.25253
0.35451 0.64549
0.36102 0.63898
0.99444 0.00556
0.49373 0.50627
0.99335 0.00665
0.96130 0.03870
0.47898 0.52102
0.40630 0.59370
0.93796 0.06204
0.93105 0.06895
0.38678 0.61322
0.41119 0.58881
0.50530 0.49470
0.55217 0.44783
0.37840 0.62160
0.37728 0.62272
0.37237 0.62763
0.89331 0.10669
0.91034 0.08966
0.99864 0.00136
0.96881 0.03119
0.48404 0.51596
0.50080 0.49920
0.81312 0.18688
0.83852 0.16148
0.81312 0.18688
0.83852 0.16148
0.42456 0.57544
0.43698 0.56302
0.95887 0.04113
0.95887 0.04113
0.76824 0.23176
0.76824 0.23176
0.49884 0.50116
0.49884 0.50116
0.40727 0.59273
0.67442 0.32558
0.40792 0.59208
0.67015 0.32985
0.86000 0.14000
0.76243 0.23757
0.40118 0.59882
0.70863 0.29137
0.39417 0.60583
0.92364 0.07636
0.90242 0.09758
0.91556 0.08444
0.66493 0.33507
0.66493 0.33507
0.67961 0.32039
0.67961 0.32039
0.45558 0.54442
0.45558 0.54442
0.77187 0.22813
0.77187 0.22813
0.66980 0.33020
0.66980 0.33020
0.97577 0.02423
0.31519 0.68481
0.45911 0.54089
0.57246 0.42754
0.63517 0.36483
0.61188 0.38812
0.63228 0.36772
0.51920 0.48080
0.52157 0.47843
0.50792 0.49208
0.51920 0.48080
0.85111 0.14889
0.83972 0.16028
0.84964 0.15036
0.50903 0.49097
0.52297 0.47703
0.42342 0.57658
0.98069 0.01931
0.51820 0.48180
0.88955 0.11045
0.92786 0.07214
0.59703 0.40297
0.92786 0.07214
0.61605 0.38395
0.59703 0.40297
0.38176 0.61824
0.54368 0.45632
0.58208 0.41792
0.37261 0.62739
0.70623 0.29377
0.80724 0.19276
0.36549 0.63451
0.59315 0.40685
0.34465 0.65535
0.37267 0.62733
0.33147 0.66853
0.56671 0.43329
0.71714 0.28286
0.66120 0.33880
0.56830 0.43170
0.88697 0.11303
0.55694 0.44306
0.99727 0.00273
0.54093 0.45907
0.61606 0.38394
0.31645 0.68355
0.42986 0.57014
0.91805 0.08195
0.43756 0.56244
0.42274 0.57726
0.43756 0.56244
0.42274 0.57726
0.64664 0.35336
0.55924 0.44076
0.49410 0.50590
0.54595 0.45405
0.93795 0.06205
0.76961 0.23039
0.44386 0.55614
0.97125 0.02875
0.81708 0.18292
0.32359 0.67641
0.89578 0.10422
0.97537 0.02463
0.88680 0.11320
0.88697 0.11303
0.53333 0.46667
0.99590 0.00410
0.94163 0.05837
0.97296 0.02704
0.48891 0.51109
0.99659 0.00341
0.95701 0.04299
0.35461 0.64539
0.35444 0.64556
0.32500 0.67500
0.64783 0.35217
0.61476 0.38524
0.97064 0.02936
0.96338 0.03662
0.32999 0.67001
0.34564 0.65436
0.99919 0.00081
0.99798 0.00202
0.99798 0.00202
0.57440 0.42560
0.57440 0.42560
0.41003 0.58997
0.90441 0.09559
0.43596 0.56404
0.81083 0.18917
0.43596 0.56404
0.81083 0.18917
0.48402 0.51598
0.47998 0.52002
0.93108 0.06892
0.44286 0.55714
0.45354 0.54646
0.45292 0.54708
0.66855 0.33145
0.43926 0.56074
0.44082 0.55918
0.65452 0.34548
0.51051 0.48949
0.47250 0.52750
0.44249 0.55751
0.92219 0.07781
0.45421 0.54579
0.92644 0.07356
0.95448 0.04552
0.42520 0.57480
0.42793 0.57207
0.99979 0.00021
0.43318 0.56682
0.99012 0.00988
0.98616 0.01384
0.98421 0.01579
0.99485 0.00515
0.99986 0.00014
0.77416 0.22584
0.45250 0.54750
0.72408 0.27592
0.71170 0.28830
0.47234 0.52766
0.50860 0.49140
0.42740 0.57260
0.95277 0.04723
0.41034 0.58966
0.42740 0.57260
0.84060 0.15940
0.42740 0.57260
0.95277 0.04723
0.41034 0.58966
0.42740 0.57260
0.84060 0.15940
0.99076 0.00924
0.67983 0.32017
0.99076 0.00924
0.73271 0.26729
0.39424 0.60576
0.98744 0.01256
0.97637 0.02363
0.68048 0.31952
0.93330 0.06670
0.36906 0.63094
0.36357 0.63643
0.94825 0.05175
0.94334 0.05666
0.73606 0.26394
0.84947 0.15053
0.38036 0.61964
0.93666 0.06334
0.77339 0.22661
0.90493 0.09507
0.45970 0.54030
0.98328 0.01672
0.75818 0.24182
0.98344 0.01656
0.77073 0.22927
0.90274 0.09726
0.99579 0.00421
0.97449 0.02551
0.99027 0.00973
0.98790 0.01210
0.98897 0.01103
0.97449 0.02551
0.81594 0.18406
0.82369 0.17631
0.75339 0.24661
0.83360 0.16640
0.76170 0.23830
0.82216 0.17784
0.93353 0.06647
0.47915 0.52085
0.89603 0.10397
0.82851 0.17149
0.93585 0.06415
0.82103 0.17897
0.93357 0.06643
0.44890 0.55110
0.43791 0.56209
0.42617 0.57383
0.99779 0.00221
0.57412 0.42588
0.33160 0.66840
0.54786 0.45214
0.47299 0.52701
0.47841 0.52159
0.89068 0.10932
0.50860 0.49140
0.89810 0.10190
0.53715 0.46285
0.50996 0.49004
0.66462 0.33538
0.63253 0.36747
0.45489 0.54511
0.41567 0.58433
0.32880 0.67120
0.60205 0.39795
0.62992 0.37008
0.78965 0.21035
0.76579 0.23421
0.80435 0.19565
0.79703 0.20297
0.53189 0.46811
0.43047 0.56953
0.72257 0.27743
0.72387 0.27613
0.73375 0.26625
0.36077 0.63923
0.48129 0.51871
0.49001 0.50999
0.49105 0.50895
0.50140 0.49860
0.48360 0.51640
0.49001 0.50999
0.47973 0.52027
0.45262 0.54738
0.45262 0.54738
0.45262 0.54738
0.45262 0.54738
0.39059 0.60941
0.39006 0.60994
0.42515 0.57485
0.43995 0.56005
0.43082 0.56918
0.44596 0.55404
0.48953 0.51047
0.48953 0.51047
0.44967 0.55033
0.45209 0.54791
0.47239 0.52761
0.48430 0.51570
0.47191 0.52809
0.47329 0.52671
0.48430 0.51570
0.47191 0.52809
0.48657 0.51343
0.50782 0.49218
0.49391 0.50609
0.49448 0.50552
0.38094 0.61906
0.33119 0.66881
0.36212 0.63788
0.35003 0.64997
0.61796 0.38204
0.33903 0.66097
0.32422 0.67578
0.57606 0.42394
0.58023 0.41977
0.37561 0.62439
0.53659 0.46341
0.37354 0.62646
0.57484 0.42516
0.57484 0.42516
0.57904 0.42096
0.57904 0.42096
0.34929 0.65071
0.34929 0.65071
0.48386 0.51614
0.48386 0.51614
0.34929 0.65071
0.34929 0.65071
0.34438 0.65562
0.92386 0.07614
0.92088 0.07912
0.51816 0.48184
0.54017 0.45983
0.50251 0.49749
0.47619 0.52381
0.46867 0.53133
0.96650 0.03350
0.98876 0.01124
0.91975 0.08025
0.93501 0.06499
0.92233 0.07767
0.82342 0.17658
0.83521 0.16479
0.83356 0.16644
0.83356 0.16644
0.42362 0.57638
0.38123 0.61877
0.57085 0.42915
0.57519 0.42481
0.55948 0.44052
0.74171 0.25829
0.74171 0.25829
0.90096 0.09904
0.50491 0.49509
0.50518 0.49482
0.87165 0.12835
0.96730 0.03270
0.99784 0.00216
0.79070 0.20930
0.78587 0.21413
0.73480 0.26520
0.77277 0.22723
0.76641 0.23359
0.79603 0.20397
0.79117 0.20883
0.80720 0.19280
0.80260 0.19740
0.47318 0.52682
0.47440 0.52560
0.68865 0.31135
0.48912 0.51088
0.40424 0.59576
0.46543 0.53457
0.38640 0.61360
0.93097 0.06903
0.43042 0.56958
0.98971 0.01029
0.86818 0.13182
0.84977 0.15023
0.88498 0.11502
0.40057 0.59943
0.99138 0.00862
0.99138 0.00862
0.99179 0.00821
0.99179 0.00821
0.99297 0.00703
0.99297 0.00703
0.92410 0.07590
0.92410 0.07590
0.99138 0.00862
0.99138 0.00862
0.70140 0.29860
0.82134 0.17866
0.35048 0.64952
0.38367 0.61633
0.43962 0.56038
0.81435 0.18565
0.46551 0.53449
0.90115 0.09885
0.38297 0.61703
0.62688 0.37312
0.40083 0.59917
0.61288 0.38712
0.93824 0.06176
0.68875 0.31125
0.62402 0.37598
0.44654 0.55346
0.47977 0.52023
0.75951 0.24049
0.44374 0.55626
0.99420 0.00580
0.99420 0.00580
0.99116 0.00884
0.65249 0.34751
0.65249 0.34751
0.65249 0.34751
0.65249 0.34751
0.65249 0.34751
0.65249 0.34751
0.36560 0.63440
0.67274 0.32726
0.98837 0.01163
0.88006 0.11994
0.99096 0.00904
0.99696 0.00304
0.99265 0.00735
0.34034 0.65966
0.51863 0.48137
0.48306 0.51694
0.55352 0.44648
0.61345 0.38655
0.61345 0.38655
0.33244 0.66756
0.31519 0.68481
0.77901 0.22099
0.52130 0.47870
0.99456 0.00544
0.99460 0.00540
0.71349 0.28651
0.66108 0.33892
0.39549 0.60451
0.37659 0.62341
0.44950 0.55050
0.48335 0.51665
0.40186 0.59814
0.32866 0.67134
0.83523 0.16477
0.32866 0.67134
0.83523 0.16477
0.40861 0.59139
0.40112 0.59888
0.38998 0.61002
0.39118 0.60882
0.38908 0.61092
0.40861 0.59139
0.41693 0.58307
0.40861 0.59139
0.40112 0.59888
0.38998 0.61002
0.39118 0.60882
0.38908 0.61092
0.40861 0.59139
0.41693 0.58307
0.40861 0.59139
0.40112 0.59888
0.38998 0.61002
0.39118 0.60882
0.38908 0.61092
0.40861 0.59139
0.41693 0.58307
0.65475 0.34525
0.47692 0.52308
0.77064 0.22936
0.46505 0.53495
0.48768 0.51232
0.41716 0.58284
0.63798 0.36202
0.31078 0.68922
0.43490 0.56510
0.99928 0.00072
0.43323 0.56677
0.41707 0.58293
0.82735 0.17265
0.88445 0.11555
0.83931 0.16069
0.82419 0.17581
0.82128 0.17872
0.27277 0.72723
0.38606 0.61394
0.36803 0.63197
0.37481 0.62519
0.87116 0.12884
0.36870 0.63130
0.35734 0.64266
0.39781 0.60219
0.51906 0.48094
0.41017 0.58983
0.34787 0.65213
0.34787 0.65213
0.63403 0.36597
0.63403 0.36597
0.39796 0.60204
0.58796 0.41204
0.39829 0.60171
0.39800 0.60200
0.37732 0.62268
0.71791 0.28209
0.98250 0.01750
0.39481 0.60519
0.72328 0.27672
0.81752 0.18248
0.50247 0.49753
0.99416 0.00584
0.82853 0.17147
0.99338 0.00662
0.81457 0.18543
0.37785 0.62215
0.45875 0.54125
0.46335 0.53665
0.99223 0.00777
0.64503 0.35497
0.78464 0.21536
0.53511 0.46489
0.52818 0.47182
0.64143 0.35857
0.53163 0.46837
0.44832 0.55168
0.44910 0.55090
0.75347 0.24653
0.68475 0.31525
0.75534 0.24466
0.81423 0.18577
0.44614 0.55386
0.44509 0.55491
0.45883 0.54117
0.45199 0.54801
0.52985 0.47015
0.51714 0.48286
0.51159 0.48841
0.45312 0.54688
0.90744 0.09256
0.42462 0.57538
0.99890 0.00110
0.75361 0.24639
0.47292 0.52708
0.96221 0.03779
0.97273 0.02727
0.55126 0.44874
0.99507 0.00493
0.37891 0.62109
0.92083 0.07917
0.91174 0.08826
0.56968 0.43032
0.55361 0.44639
0.92083 0.07917
0.91174 0.08826
0.56968 0.43032
0.55361 0.44639
0.99837 0.00163
0.99805 0.00195
0.60358 0.39642
0.59139 0.40861
0.60358 0.39642
0.59139 0.40861
0.90070 0.09930
0.59898 0.40102
0.91464 0.08536
0.62724 0.37276
0.99837 0.00163
0.99805 0.00195
0.38204 0.61796
0.34126 0.65874
0.65453 0.34547
0.35168 0.64832
0.78565 0.21435
0.78565 0.21435
0.89769 0.10231
0.89769 0.10231
0.89769 0.10231
0.89769 0.10231
0.44412 0.55588
0.44647 0.55353
0.77688 0.22312
0.42461 0.57539
0.29124 0.70876
0.67000 0.33000
0.36094 0.63906
0.42656 0.57344
0.41154 0.58846
0.37819 0.62181
0.40297 0.59703
0.36624 0.63376
0.36624 0.63376
0.46163 0.53837
0.34492 0.65508
0.74537 0.25463
0.74537 0.25463
0.74744 0.25256
0.74744 0.25256
0.46670 0.53330
0.46700 0.53300
0.45000 0.55000
0.45036 0.54964
0.96703 0.03297
0.96673 0.03327
0.96739 0.03261
0.96709 0.03291
0.46670 0.53330
0.46700 0.53300
0.54019 0.45981
0.99069 0.00931
0.66549 0.33451
0.82334 0.17666
0.89544 0.10456
0.98168 0.01832
0.53519 0.46481
0.53775 0.46225
0.97769 0.02231
0.80371 0.19629
0.74233 0.25767
0.79296 0.20704
0.54644 0.45356
0.42712 0.57288
0.49276 0.50724
0.74565 0.25435
0.99801 0.00199
0.50075 0.49925
0.84393 0.15607
0.44898 0.55102
0.46933 0.53067
0.99366 0.00634
0.53547 0.46453
0.47310 0.52690
0.47627 0.52373
0.47627 0.52373
0.47627 0.52373
0.47627 0.52373
0.35914 0.64086
0.79373 0.20627
0.35914 0.64086
0.79373 0.20627
0.67010 0.32990
0.71106 0.28894
0.64676 0.35324
0.59225 0.40775
0.42350 0.57650
0.41446 0.58554
0.39599 0.60401
0.40209 0.59791
0.39671 0.60329
0.42350 0.57650
0.43311 0.56689
0.39795 0.60205
0.40160 0.59840
0.39306 0.60694
0.42350 0.57650
0.41446 0.58554
0.39599 0.60401
0.40209 0.59791
0.39671 0.60329
0.42350 0.57650
0.43311 0.56689
0.39795 0.60205
0.40160 0.59840
0.39306 0.60694
0.42350 0.57650
0.41446 0.58554
0.39599 0.60401
0.40209 0.59791
0.39671 0.60329
0.42350 0.57650
0.43311 0.56689
0.39795 0.60205
0.40160 0.59840
0.39306 0.60694
0.42438 0.57562
0.41684 0.58316
0.41772 0.58228
0.44960 0.55040
0.44804 0.55196
0.79215 0.20785
0.36737 0.63263
0.72743 0.27257
0.42755 0.57245
0.41552 0.58448
0.72743 0.27257
0.42755 0.57245
0.72743 0.27257
0.42755 0.57245
0.41552 0.58448
0.72743 0.27257
0.42755 0.57245
0.48619 0.51381
0.48619 0.51381
0.99672 0.00328
0.48619 0.51381
0.48619 0.51381
0.48619 0.51381
0.99672 0.00328
0.48619 0.51381
0.83178 0.16822
0.83178 0.16822
0.50939 0.49061
0.81206 0.18794
0.50939 0.49061
0.47364 0.52636
0.62418 0.37582
0.53680 0.46320
0.53768 0.46232
0.51527 0.48473
0.53821 0.46179
0.50352 0.49648
0.50739 0.49261
0.49233 0.50767
0.56681 0.43319
0.57316 0.42684
0.53722 0.46278
0.87927 0.12073
0.88390 0.11610
0.41695 0.58305
0.41710 0.58290
0.36712 0.63288
0.42570 0.57430
0.43436 0.56564
0.99355 0.00645
0.83744 0.16256
0.99514 0.00486
0.85078 0.14922
0.85078 0.14922
0.74692 0.25308
0.74692 0.25308
0.73476 0.26524
0.73476 0.26524
0.73609 0.26391
0.73609 0.26391
0.89847 0.10153
0.87944 0.12056
0.96486 0.03514
0.99607 0.00393
0.96244 0.03756
0.85303 0.14697
0.93483 0.06517
0.79672 0.20328
0.49353 0.50647
0.78238 0.21762
0.79861 0.20139
0.48249 0.51751
0.99361 0.00639
0.99095 0.00905
0.84741 0.15259
0.85574 0.14426
0.98874 0.01126
0.94149 0.05851
0.79729 0.20271
0.73896 0.26104
0.73558 0.26442
0.75381 0.24619
0.79035 0.20965
0.45291 0.54709
0.44060 0.55940
0.75688 0.24312
0.98201 0.01799
0.81559 0.18441
0.66216 0.33784
0.95510 0.04490
0.81355 0.18645
0.80914 0.19086
0.48373 0.51627
0.44180 0.55820
0.87693 0.12307
0.37621 0.62379
0.45746 0.54254
0.40218 0.59782
0.40361 0.59639
0.65317 0.34683
0.91786 0.08214
0.45376 0.54624
0.79837 0.20163
0.80183 0.19817
0.92382 0.07618
0.43731 0.56269
0.65999 0.34001
0.45228 0.54772
0.90345 0.09655
0.98363 0.01637
0.80721 0.19279
0.98333 0.01667
0.92485 0.07515
0.98318 0.01682
0.91061 0.08939
0.98676 0.01324
0.92532 0.07468
0.90358 0.09642
0.88851 0.11149
0.88783 0.11217
0.98811 0.01189
0.98428 0.01572
0.98409 0.01591
0.46757 0.53243
0.40963 0.59037
0.38989 0.61011
0.41770 0.58230
0.41615 0.58385
0.86593 0.13407
0.43540 0.56460
0.40317 0.59683
0.88987 0.11013
0.47739 0.52261
0.63070 0.36930
0.49942 0.50058
0.91358 0.08642
0.85602 0.14398
0.87325 0.12675
0.46322 0.53678
0.99412 0.00588
0.45337 0.54663
0.45989 0.54011
0.47049 0.52951
0.45337 0.54663
0.45989 0.54011
0.47049 0.52951
0.40667 0.59333
0.36414 0.63586
0.44010 0.55990
0.44010 0.55990
0.40673 0.59327
0.40225 0.59775
0.40294 0.59706
0.41752 0.58248
0.44919 0.55081
0.43444 0.56556
0.45235 0.54765
0.43760 0.56240
0.43927 0.56073
0.41397 0.58603
0.41681 0.58319
0.47178 0.52822
0.36011 0.63989
0.45763 0.54237
0.42091 0.57909
0.38809 0.61191
0.39454 0.60546
0.72617 0.27383
0.43720 0.56280
0.40963 0.59037
0.41533 0.58467
0.50133 0.49867
0.65968 0.34032
0.32137 0.67863
0.75643 0.24357
0.75588 0.24412
0.36581 0.63419
0.71937 0.28063
0.83323 0.16677
0.76982 0.23018
0.30155 0.69845
0.93272 0.06728
0.93272 0.06728
0.43766 0.56234
0.43766 0.56234
0.43766 0.56234
0.43766 0.56234
0.93153 0.06847
0.93153 0.06847
0.97642 0.02358
0.97642 0.02358
0.75478 0.24522
0.64303 0.35697
0.77675 0.22325
0.68884 0.31116
0.34955 0.65045
0.36446 0.63554
0.39604 0.60396
0.43056 0.56944
0.34938 0.65062
0.87716 0.12284
0.88017 0.11983
0.94450 0.05550
0.94593 0.05407
0.90983 0.09017
0.56101 0.43899
0.91224 0.08776
0.56673 0.43327
0.91224 0.08776
0.56673 0.43327
0.90989 0.09011
0.91144 0.08856
0.39889 0.60111
0.39775 0.60225
0.39904 0.60096
0.36460 0.63540
0.36627 0.63373
0.29684 0.70316
0.35315 0.64685
0.29729 0.70271
0.42219 0.57781
0.42219 0.57781
0.90048 0.09952
0.88649 0.11351
0.83153 0.16847
0.86386 0.13614
0.99098 0.00902
0.85155 0.14845
0.81783 0.18217
0.82798 0.17202
0.82798 0.17202
0.82798 0.17202
0.43097 0.56903
0.38180 0.61820
0.47615 0.52385
0.91529 0.08471
0.90828 0.09172
0.96122 0.03878
0.83419 0.16581
0.82262 0.17738
0.80343 0.19657
0.38994 0.61006
0.40650 0.59350
0.82109 0.17891
0.97142 0.02858
0.96572 0.03428
0.96909 0.03091
0.93478 0.06522
0.97847 0.02153
0.97415 0.02585
0.95139 0.04861
0.41645 0.58355
0.99747 0.00253
0.42745 0.57255
0.43322 0.56678
0.36158 0.63842
0.54844 0.45156
0.46211 0.53789
0.82498 0.17502
0.48258 0.51742
0.35780 0.64220
0.95174 0.04826
0.70974 0.29026
0.95174 0.04826
0.70974 0.29026
0.52442 0.47558
0.76470 0.23530
0.47982 0.52018
0.47083 0.52917
0.47982 0.52018
0.47851 0.52149
0.47982 0.52018
0.47083 0.52917
0.47982 0.52018
0.47851 0.52149
0.43944 0.56056
0.43778 0.56222
0.37730 0.62270
0.37841 0.62159
0.39136 0.60864
0.39243 0.60757
0.42806 0.57194
0.48791 0.51209
0.49248 0.50752
0.44892 0.55108
0.44596 0.55404
0.42028 0.57972
0.57201 0.42799
0.84444 0.15556
0.85128 0.14872
0.85747 0.14253
0.89257 0.10743
0.55551 0.44449
0.89944 0.10056
0.89106 0.10894
0.58983 0.41017
0.92027 0.07973
0.61022 0.38978
0.67568 0.32432
0.69630 0.30370
0.76543 0.23457
0.77669 0.22331
0.77470 0.22530
0.60798 0.39202
0.48607 0.51393
0.62594 0.37406
0.53126 0.46874
0.83956 0.16044
0.53126 0.46874
0.83956 0.16044
0.83862 0.16138
0.34945 0.65055
0.50942 0.49058
0.50942 0.49058
0.36824 0.63176
0.42747 0.57253
0.42829 0.57171
0.41153 0.58847
0.44536 0.55464
0.46694 0.53306
0.43325 0.56675
0.46296 0.53704
0.44036 0.55964
0.47257 0.52743
0.33506 0.66494
0.35942 0.64058
0.72539 0.27461
0.72344 0.27656
0.35080 0.64920
0.99130 0.00870
0.39538 0.60462
0.93408 0.06592
0.39774 0.60226
0.43173 0.56827
0.85500 0.14500
0.43173 0.56827
0.34551 0.65449
0.30173 0.69827
0.42523 0.57477
0.92971 0.07029
0.62206 0.37794
0.99586 0.00414
0.80948 0.19052
0.99701 0.00299
0.51436 0.48564
0.50269 0.49731
0.85891 0.14109
0.33154 0.66846
0.33154 0.66846
0.37636 0.62364
0.37636 0.62364
0.36114 0.63886
0.36114 0.63886
0.99887 0.00113
0.34914 0.65086
0.80660 0.19340
0.91108 0.08892
0.65276 0.34724
0.65276 0.34724
0.41655 0.58345
0.41655 0.58345
0.35455 0.64545
0.35455 0.64545
0.90198 0.09802
0.90198 0.09802
0.37312 0.62688
0.37312 0.62688
0.56375 0.43625
0.56375 0.43625
0.37312 0.62688
0.37312 0.62688
0.90198 0.09802
0.90198 0.09802
0.56375 0.43625
0.56375 0.43625
0.79595 0.20405
0.78399 0.21601
0.87297 0.12703
0.89209 0.10791
0.84090 0.15910
0.73388 0.26612
0.78512 0.21488
0.92297 0.07703
0.91905 0.08095
0.88035 0.11965
0.40353 0.59647
0.40256 0.59744
0.68324 0.31676
0.68390 0.31610
0.99838 0.00162
0.55173 0.44827
0.55221 0.44779
0.43093 0.56907
0.49948 0.50052
0.97454 0.02546
0.35312 0.64688
0.48399 0.51601
0.46359 0.53641
0.46359 0.53641
0.52974 0.47026
0.52797 0.47203
0.88305 0.11695
0.54080 0.45920
0.56090 0.43910
0.52284 0.47716
0.88305 0.11695
0.54080 0.45920
0.81636 0.18364
0.43853 0.56147
0.34701 0.65299
0.93593 0.06407
0.40637 0.59363
0.40944 0.59056
0.47918 0.52082
0.46000 0.54000
0.47883 0.52117
0.84790 0.15210
0.80128 0.19872
0.78460 0.21540
0.78141 0.21859
0.51912 0.48088
0.42059 0.57941
0.53136 0.46864
0.72344 0.27656
0.43178 0.56822
0.40466 0.59534
0.54015 0.45985
0.70964 0.29036
0.41692 0.58308
0.48405 0.51595
0.45254 0.54746
0.36600 0.63400
0.50250 0.49750
0.72905 0.27095
0.45332 0.54668
0.38122 0.61878
0.69584 0.30416
0.80702 0.19298
0.80702 0.19298
0.86878 0.13122
0.46691 0.53309
0.48776 0.51224
0.86878 0.13122
0.46691 0.53309
0.48776 0.51224
0.82480 0.17520
0.87687 0.12313
0.90860 0.09140
0.93659 0.06341
0.93927 0.06073
0.93532 0.06468
0.41753 0.58247
0.93550 0.06450
0.39117 0.60883
0.63523 0.36477
0.39278 0.60722
0.39249 0.60751
0.63758 0.36242
0.39390 0.60610
0.44845 0.55155
0.99367 0.00633
0.84683 0.15317
0.82927 0.17073
0.48931 0.51069
0.96495 0.03505
0.96691 0.03309
0.96975 0.03025
0.77023 0.22977
0.82242 0.17758
0.85621 0.14379
0.99771 0.00229
0.98836 0.01164
0.46573 0.53427
0.95729 0.04271
0.48648 0.51352
0.41234 0.58766
0.99087 0.00913
0.44854 0.55146
0.42148 0.57852
0.99648 0.00352
0.99588 0.00412
0.45206 0.54794
0.40555 0.59445
0.99900 0.00100
0.99900 0.00100
0.40514 0.59486
0.40514 0.59486
0.40514 0.59486
0.40514 0.59486
0.99823 0.00177
0.94552 0.05448
0.90926 0.09074
0.85459 0.14541
0.50787 0.49213
0.52058 0.47942
0.54310 0.45690
0.59669 0.40331
0.64730 0.35270
0.67763 0.32237
0.92754 0.07246
0.40474 0.59526
0.44190 0.55810
0.40289 0.59711
0.40082 0.59918
0.43703 0.56297
0.43972 0.56028
0.44238 0.55762
0.26927 0.73073
0.71121 0.28879
0.43478 0.56522
0.72611 0.27389
0.44304 0.55696
0.32521 0.67479
0.70030 0.29970
0.73230 0.26770
0.32827 0.67173
0.33660 0.66340
0.33682 0.66318
0.94836 0.05164
0.95284 0.04716
0.45020 0.54980
0.39645 0.60355
0.86446 0.13554
0.37277 0.62723
0.49498 0.50502
0.39313 0.60687
0.84687 0.15313
0.88616 0.11384
0.64853 0.35147
0.99898 0.00102
0.75823 0.24177
0.99891 0.00109
0.75056 0.24944
0.98206 0.01794
0.74984 0.25016
0.99883 0.00117
0.74235 0.25765
0.98206 0.01794
0.74984 0.25016
0.98585 0.01415
0.78819 0.21181
0.99873 0.00127
0.73394 0.26606
0.40024 0.59976
0.79884 0.20116
0.79884 0.20116
0.79884 0.20116
0.79884 0.20116
0.67448 0.32552
0.66703 0.33297
0.66561 0.33439
0.70610 0.29390
0.65214 0.34786
0.76019 0.23981
0.76076 0.23924
0.76732 0.23268
0.80371 0.19629
0.79216 0.20784
0.76065 0.23935
0.75851 0.24149
0.88205 0.11795
0.82577 0.17423
0.68595 0.31405
0.93170 0.06830
0.85001 0.14999
0.45578 0.54422
0.42339 0.57661
0.59800 0.40200
0.98154 0.01846
0.98154 0.01846
0.98903 0.01097
0.98748 0.01252
0.98858 0.01142
0.98361 0.01639
0.77509 0.22491
0.75991 0.24009
0.77953 0.22047
0.76467 0.23533
0.77919 0.22081
0.76432 0.23568
0.51689 0.48311
0.51982 0.48018
0.51689 0.48311
0.51982 0.48018
0.56065 0.43935
0.56307 0.43693
0.56816 0.43184
0.57057 0.42943
0.98520 0.01480
0.98532 0.01468
0.56360 0.43640
0.56605 0.43395
0.56868 0.43132
0.57117 0.42883
0.98569 0.01431
0.98581 0.01419
0.56360 0.43640
0.56605 0.43395
0.98569 0.01431
0.98581 0.01419
0.56868 0.43132
0.57117 0.42883
0.98569 0.01431
0.98581 0.01419
0.48750 0.51250
0.49121 0.50879
0.91582 0.08418
0.48296 0.51704
0.91515 0.08485
0.48610 0.51390
0.91515 0.08485
0.61600 0.38400
0.62166 0.37834
0.63412 0.36588
0.98779 0.01221
0.47795 0.52205
0.47960 0.52040
0.42674 0.57326
0.32896 0.67104
0.99980 0.00020
0.42668 0.57332
0.42668 0.57332
0.86813 0.13187
0.90857 0.09143
0.89975 0.10025
0.72839 0.27161
0.71669 0.28331
0.82210 0.17790
0.80581 0.19419
0.79301 0.20699
0.81881 0.18119
0.80622 0.19378
0.83571 0.16429
0.86415 0.13585
0.93515 0.06485
0.92770 0.07230
0.72012 0.27988
0.86401 0.13599
0.85184 0.14816
0.86401 0.13599
0.85184 0.14816
0.48039 0.51961
0.47835 0.52165
0.48699 0.51301
0.49745 0.50255
0.49439 0.50561
0.50632 0.49368
0.49430 0.50570
0.50517 0.49483
0.34049 0.65951
0.34083 0.65917
0.44716 0.55284
0.44548 0.55452
0.45395 0.54605
0.49149 0.50851
0.48564 0.51436
0.92796 0.07204
0.34422 0.65578
0.68361 0.31639
0.37651 0.62349
0.94068 0.05932
0.74086 0.25914
0.48500 0.51500
0.78789 0.21211
0.81587 0.18413
0.81812 0.18188
0.38409 0.61591
0.45045 0.54955
0.45633 0.54367
0.33527 0.66473
0.60738 0.39262
0.61533 0.38467
0.61533 0.38467
0.35817 0.64183
0.34932 0.65068
0.99778 0.00222
0.36205 0.63795
0.98480 0.01520
0.44573 0.55427
0.94998 0.05002
0.32528 0.67472
0.49517 0.50483
0.85426 0.14574
0.44299 0.55701
0.34613 0.65387
0.76977 0.23023
0.38868 0.61132
0.38690 0.61310
0.84021 0.15979
0.38868 0.61132
0.50138 0.49862
0.53328 0.46672
0.52372 0.47628
0.33612 0.66388
0.29072 0.70928
0.99941 0.00059
0.99876 0.00124
0.99265 0.00735
0.99897 0.00103
0.38313 0.61687
0.38007 0.61993
0.82537 0.17463
0.82896 0.17104
0.38313 0.61687
0.38007 0.61993
0.70882 0.29118
0.71156 0.28844
0.42447 0.57553
0.42998 0.57002
0.85333 0.14667
0.85333 0.14667
0.99965 0.00035
0.99965 0.00035
0.99965 0.00035
0.99965 0.00035
0.91688 0.08312
0.96635 0.03365
0.39105 0.60895
0.64587 0.35413
0.42581 0.57419
0.53095 0.46905
0.71874 0.28126
0.50985 0.49015
0.50985 0.49015
0.50985 0.49015
0.50985 0.49015
0.44397 0.55603
0.44397 0.55603
0.98366 0.01634
0.98366 0.01634
0.44397 0.55603
0.44397 0.55603
0.44431 0.55569
0.88216 0.11784
0.99584 0.00416
0.99624 0.00376
0.82764 0.17236
0.86213 0.13787
0.50737 0.49263
0.51022 0.48978
0.99307 0.00693
0.53087 0.46913
0.82954 0.17046
0.99288 0.00712
0.69313 0.30687
0.39833 0.60167
0.69576 0.30424
0.66386 0.33614
0.89069 0.10931
0.93088 0.06912
0.44328 0.55672
0.45534 0.54466
0.82204 0.17796
0.83210 0.16790
0.40678 0.59322
0.36406 0.63594
0.93706 0.06294
0.36412 0.63588
0.93297 0.06703
0.97050 0.02950
0.93998 0.06002
0.54544 0.45456
0.98174 0.01826
0.36978 0.63022
0.36978 0.63022
0.49500 0.50500
0.68303 0.31697
0.67778 0.32222
0.88256 0.11744
0.87482 0.12518
0.35844 0.64156
0.82471 0.17529
0.50746 0.49254
0.53936 0.46064
0.66986 0.33014
0.58970 0.41030
0.72458 0.27542
0.65058 0.34942
0.32992 0.67008
0.42675 0.57325
0.36633 0.63367
0.40617 0.59383
0.39854 0.60146
0.35476 0.64524
0.98706 0.01294
0.39508 0.60492
0.46703 0.53297
0.41238 0.58762
0.33961 0.66039
0.60021 0.39979
0.79060 0.20940
0.96005 0.03995
0.83221 0.16779
0.53997 0.46003
0.76281 0.23719
0.76369 0.23631
0.67779 0.32221
0.68868 0.31132
0.86826 0.13174
0.76421 0.23579
0.79262 0.20738
0.48270 0.51730
0.51568 0.48432
0.85148 0.14852
0.82383 0.17617
0.82383 0.17617
0.62790 0.37210
0.33408 0.66592
0.36685 0.63315
0.98573 0.01427
0.98521 0.01479
0.33614 0.66386
0.98249 0.01751
0.28787 0.71213
0.32757 0.67243
0.87170 0.12830
0.49271 0.50729
0.93560 0.06440
0.95836 0.04164
0.96887 0.03113
0.33081 0.66919
0.64370 0.35630
0.64478 0.35522
0.91333 0.08667
0.91124 0.08876
0.45067 0.54933
0.44812 0.55188
0.69156 0.30844
0.67944 0.32056
0.69781 0.30219
0.69781 0.30219
0.88948 0.11052
0.88948 0.11052
0.77282 0.22718
0.94380 0.05620
0.81219 0.18781
0.44309 0.55691
0.68982 0.31018
0.92080 0.07920
0.35468 0.64532
0.99947 0.00053
0.96862 0.03138
0.95978 0.04022
0.42088 0.57912
0.98182 0.01818
0.43821 0.56179
0.41705 0.58295
0.99737 0.00263
0.40800 0.59200
0.81928 0.18072
0.40800 0.59200
0.81928 0.18072
0.98939 0.01061
0.94834 0.05166
0.40825 0.59175
0.96755 0.03245
0.44104 0.55896
0.99904 0.00096
0.44104 0.55896
0.99904 0.00096
0.99895 0.00105
0.99304 0.00696
0.99405 0.00595
0.42188 0.57812
0.36616 0.63384
0.38295 0.61705
0.46735 0.53265
0.71911 0.28089
0.95885 0.04115
0.69594 0.30406
0.45615 0.54385
0.91592 0.08408
0.99060 0.00940
0.98337 0.01663
0.98317 0.01683
0.83979 0.16021
0.83948 0.16052
0.62519 0.37481
0.62506 0.37494
0.54846 0.45154
0.54041 0.45959
0.53046 0.46954
0.54819 0.45181
0.54013 0.45987
0.53020 0.46980
0.75590 0.24410
0.49077 0.50923
0.49772 0.50228
0.49739 0.50261
0.49772 0.50228
0.49739 0.50261
0.40990 0.59010
0.41625 0.58375
0.36191 0.63809
0.42516 0.57484
0.36602 0.63398
0.36772 0.63228
0.46953 0.53047
0.74316 0.25684
0.50709 0.49291
0.99222 0.00778
0.91826 0.08174
0.51142 0.48858
0.80271 0.19729
0.80167 0.19833
0.80271 0.19729
0.46375 0.53625
0.45821 0.54179
0.46085 0.53915
0.45627 0.54373
0.46166 0.53834
0.62861 0.37139
0.41496 0.58504
0.41059 0.58941
0.41753 0.58247
0.53649 0.46351
0.99705 0.00295
0.88391 0.11609
0.54801 0.45199
0.54976 0.45024
0.56370 0.43630
0.31291 0.68709
0.37546 0.62454
0.69352 0.30648
0.70822 0.29178
0.48150 0.51850
0.82518 0.17482
0.46518 0.53482
0.82518 0.17482
0.46518 0.53482
0.82518 0.17482
0.46518 0.53482
0.83119 0.16881
0.74314 0.25686
0.70480 0.29520
0.72362 0.27638
0.96316 0.03684
0.72561 0.27439
0.44314 0.55686
0.86717 0.13283
0.95991 0.04009
0.41403 0.58597
0.41403 0.58597
0.41403 0.58597
0.41403 0.58597
0.42033 0.57967
0.54943 0.45057
0.54943 0.45057
0.54943 0.45057
0.54943 0.45057
0.56493 0.43507
0.49663 0.50337
0.49264 0.50736
0.79349 0.20651
0.51165 0.48835
0.97838 0.02162
0.77958 0.22042
0.50677 0.49323
0.89002 0.10998
0.99086 0.00914
0.99729 0.00271
0.89276 0.10724
0.99282 0.00718
0.89350 0.10650
0.58075 0.41925
0.53326 0.46674
0.89350 0.10650
0.58075 0.41925
0.53326 0.46674
0.51886 0.48114
0.99893 0.00107
0.67662 0.32338
0.68080 0.31920
0.89090 0.10910
0.63637 0.36363
0.45718 0.54282
0.40210 0.59790
0.72889 0.27111
0.73700 0.26300
0.98484 0.01516
0.40859 0.59141
0.96091 0.03909
0.99037 0.00963
0.42093 0.57907
0.96644 0.03356
0.95967 0.04033
0.40451 0.59549
0.39930 0.60070
0.39668 0.60332
0.40470 0.59530
0.40402 0.59598
0.62482 0.37518
0.65099 0.34901
0.99874 0.00126
0.99877 0.00123
0.98059 0.01941
0.98086 0.01914
0.98028 0.01972
0.98051 0.01949
0.99199 0.00801
0.46876 0.53124
0.47572 0.52428
0.98486 0.01514
0.47783 0.52217
0.48066 0.51934
0.41878 0.58122
0.40937 0.59063
0.40937 0.59063
0.47661 0.52339
0.89068 0.10932
0.38945 0.61055
0.38945 0.61055
0.42840 0.57160
0.42703 0.57297
0.42703 0.57297
0.42341 0.57659
0.38336 0.61664
0.69270 0.30730
0.47890 0.52110
0.49069 0.50931
0.99388 0.00612
0.48613 0.51387
0.99612 0.00388
0.48828 0.51172
0.77909 0.22091
0.77909 0.22091
0.51855 0.48145
0.99240 0.00760
0.99240 0.00760
0.52007 0.47993
0.49794 0.50206
0.99288 0.00712
0.99288 0.00712
0.38876 0.61124
0.49008 0.50992
0.48784 0.51216
0.98862 0.01138
0.62386 0.37614
0.77370 0.22630
0.40426 0.59574
0.95284 0.04716
0.95284 0.04716
0.87277 0.12723
0.45683 0.54317
0.44309 0.55691
0.48098 0.51902
0.85803 0.14197
0.83426 0.16574
0.99777 0.00223
0.36826 0.63174
0.43511 0.56489
0.50233 0.49767
0.57448 0.42552
0.57448 0.42552
0.71461 0.28539
0.33450 0.66550
0.41358 0.58642
0.39301 0.60699
0.79471 0.20529
0.41358 0.58642
0.40749 0.59251
0.36741 0.63259
0.68507 0.31493
0.71306 0.28694
0.37052 0.62948
0.65106 0.34894
0.66213 0.33787
0.33140 0.66860
0.42557 0.57443
0.44857 0.55143
0.67360 0.32640
0.99328 0.00672
0.76351 0.23649
0.80894 0.19106
0.81165 0.18835
0.45287 0.54713
0.44596 0.55404
0.81165 0.18835
0.45287 0.54713
0.44596 0.55404
0.70652 0.29348
0.94191 0.05809
0.67771 0.32229
0.70955 0.29045
0.78049 0.21951
0.76892 0.23108
0.64861 0.35139
0.66601 0.33399
0.64861 0.35139
0.66601 0.33399
0.28699 0.71301
0.33947 0.66053
0.34980 0.65020
0.49195 0.50805
0.86630 0.13370
0.86630 0.13370
0.85588 0.14412
0.85588 0.14412
0.48726 0.51274
0.48726 0.51274
0.86545 0.13455
0.53191 0.46809
0.60856 0.39144
0.60951 0.39049
0.77830 0.22170
0.42470 0.57530
0.77938 0.22062
0.62864 0.37136
0.76798 0.23202
0.45351 0.54649
0.33692 0.66308
0.96958 0.03042
0.40933 0.59067
0.42327 0.57673
0.39999 0.60001
0.40867 0.59133
0.38163 0.61837
0.92130 0.07870
0.33831 0.66169
0.33831 0.66169
0.72383 0.27617
0.87933 0.12067
0.88601 0.11399
0.84533 0.15467
0.43683 0.56317
0.47065 0.52935
0.83768 0.16232
0.47823 0.52177
0.34525 0.65475
0.51642 0.48358
0.76720 0.23280
0.99664 0.00336
0.76720 0.23280
0.99664 0.00336
0.76961 0.23039
0.99081 0.00919
0.49217 0.50783
0.46520 0.53480
0.98873 0.01127
0.50413 0.49587
0.49046 0.50954
0.97583 0.02417
0.52769 0.47231
0.94641 0.05359
0.55709 0.44291
0.99267 0.00733
0.52433 0.47567
0.99673 0.00327
0.48312 0.51688
0.52433 0.47567
0.99673 0.00327
0.48312 0.51688
0.59644 0.40356
0.96934 0.03066
0.99853 0.00147
0.76171 0.23829
0.53992 0.46008
0.76566 0.23434
0.84787 0.15213
0.77658 0.22342
0.93101 0.06899
0.93814 0.06186
0.84434 0.15566
0.63594 0.36406
0.41050 0.58950
0.64532 0.35468
0.62289 0.37711
0.52223 0.47777
0.50931 0.49069
0.52000 0.48000
0.88591 0.11409
0.86825 0.13175
0.88203 0.11797
0.88006 0.11994
0.47244 0.52756
0.87616 0.12384
0.41976 0.58024
0.64380 0.35620
0.51067 0.48933
0.99606 0.00394
0.86501 0.13499
0.83178 0.16822
0.86663 0.13337
0.68200 0.31800
0.67301 0.32699
0.95979 0.04021
0.39053 0.60947
0.38261 0.61739
0.67667 0.32333
0.99708 0.00292
0.83058 0.16942
0.84476 0.15524
0.99681 0.00319
0.46952 0.53048
0.83560 0.16440
0.72027 0.27973
0.66320 0.33680
0.34621 0.65379
0.34132 0.65868
0.81139 0.18861
0.68259 0.31741
0.69081 0.30919
0.40138 0.59862
0.68259 0.31741
0.68259 0.31741
0.78382 0.21618
0.76832 0.23168
0.41455 0.58545
0.59470 0.40530
0.95552 0.04448
0.92335 0.07665
0.35849 0.64151
0.38104 0.61896
0.54819 0.45181
0.41224 0.58776
0.98753 0.01247
0.40926 0.59074
0.89970 0.10030
0.41139 0.58861
0.41946 0.58054
0.42185 0.57815
0.39932 0.60068
0.39932 0.60068
0.44497 0.55503
0.44497 0.55503
0.31143 0.68857
0.83261 0.16739
0.37622 0.62378
0.38267 0.61733
0.44616 0.55384
0.44760 0.55240
0.44392 0.55608
0.45038 0.54962
0.44463 0.55537
0.44760 0.55240
0.44392 0.55608
0.45038 0.54962
0.44463 0.55537
0.35242 0.64758
0.99496 0.00504
0.90680 0.09320
0.90365 0.09635
0.36232 0.63768
0.36970 0.63030
0.35108 0.64892
0.38571 0.61429
0.45434 0.54566
0.93576 0.06424
0.92222 0.07778
0.76212 0.23788
0.74013 0.25987
0.74013 0.25987
0.76018 0.23982
0.53944 0.46056
0.74760 0.25240
0.76212 0.23788
0.74013 0.25987
0.74013 0.25987
0.76018 0.23982
0.53944 0.46056
0.74760 0.25240
0.76212 0.23788
0.74013 0.25987
0.74013 0.25987
0.76018 0.23982
0.53944 0.46056
0.74760 0.25240
0.79774 0.20226
0.79774 0.20226
0.57161 0.42839
0.88565 0.11435
0.48907 0.51093
0.46169 0.53831
0.70808 0.29192
0.78405 0.21595
0.76137 0.23863
0.60923 0.39077
0.58926 0.41074
0.34107 0.65893
0.74701 0.25299
0.77878 0.22122
0.77878 0.22122
0.71216 0.28784
0.49576 0.50424
0.49576 0.50424
0.88211 0.11789
0.79099 0.20901
0.99719 0.00281
0.99268 0.00732
0.43049 0.56951
0.76437 0.23563
0.76437 0.23563
0.38509 0.61491
0.61603 0.38397
0.38429 0.61571
0.60773 0.39227
0.47336 0.52664
0.90557 0.09443
0.40017 0.59983
0.92932 0.07068
0.40039 0.59961
0.93116 0.06884
0.35972 0.64028
0.36062 0.63938
0.35972 0.64028
0.36062 0.63938
0.37309 0.62691
0.40302 0.59698
0.90457 0.09543
0.90509 0.09491
0.68516 0.31484
0.36978 0.63022
0.43581 0.56419
0.83407 0.16593
0.82020 0.17980
0.97737 0.02263
0.36420 0.63580
0.36190 0.63810
0.99408 0.00592
0.99333 0.00667
0.38939 0.61061
0.39670 0.60330
0.87581 0.12419
0.96978 0.03022
0.98794 0.01206
0.75720 0.24280
0.38796 0.61204
0.38819 0.61181
0.36236 0.63764
0.36243 0.63757
0.56508 0.43492
0.41196 0.58804
0.74801 0.25199
0.39294 0.60706
0.39313 0.60687
0.39294 0.60706
0.40369 0.59631
0.40369 0.59631
0.40404 0.59596
0.37785 0.62215
0.51400 0.48600
0.99564 0.00436
0.51400 0.48600
0.90435 0.09565
0.85061 0.14939
0.96051 0.03949
0.99026 0.00974
0.98812 0.01188
0.94787 0.05213
0.93859 0.06141
0.85899 0.14101
0.98667 0.01333
0.65085 0.34915
0.69590 0.30410
0.28849 0.71151
0.39611 0.60389
0.39611 0.60389
0.38263 0.61737
0.38973 0.61027
0.42995 0.57005
0.45287 0.54713
0.41115 0.58885
0.43605 0.56395
0.45729 0.54271
0.41767 0.58233
0.39104 0.60896
0.48238 0.51762
0.44855 0.55145
0.50298 0.49702
0.48238 0.51762
0.44855 0.55145
0.50298 0.49702
0.50734 0.49266
0.50144 0.49856
0.52912 0.47088
0.55004 0.44996
0.51814 0.48186
0.52517 0.47483
0.52494 0.47506
0.50582 0.49418
0.82912 0.17088
0.33835 0.66165
0.34364 0.65636
0.82194 0.17806
0.40624 0.59376
0.70523 0.29477
0.96629 0.03371
0.88873 0.11127
0.45566 0.54434
0.46147 0.53853
0.42079 0.57921
0.62510 0.37490
0.34725 0.65275
0.50895 0.49105
0.88607 0.11393
0.88723 0.11277
0.33305 0.66695
0.35872 0.64128
0.38840 0.61160
0.85137 0.14863
0.83404 0.16596
0.99719 0.00281
0.51527 0.48473
0.99966 0.00034
0.49558 0.50442
0.49558 0.50442
0.50787 0.49213
0.45231 0.54769
0.33479 0.66521
0.37587 0.62413
0.33011 0.66989
0.34364 0.65636
0.90587 0.09413
0.34610 0.65390
0.45697 0.54303
0.97191 0.02809
0.97191 0.02809
0.74713 0.25287
0.43230 0.56770
0.90914 0.09086
0.86676 0.13324
0.99217 0.00783
0.98571 0.01429
0.98398 0.01602
0.50726 0.49274
0.92790 0.07210
0.53568 0.46432
0.40906 0.59094
0.41016 0.58984
0.41904 0.58096
0.38522 0.61478
0.35590 0.64410
0.35658 0.64342
0.38081 0.61919
0.35487 0.64513
0.46969 0.53031
0.73826 0.26174
0.97910 0.02090
0.42405 0.57595
0.38058 0.61942
0.38912 0.61088
0.87728 0.12272
0.81909 0.18091
0.50103 0.49897
0.77637 0.22363
0.77637 0.22363
0.37327 0.62673
0.37327 0.62673
0.46142 0.53858
0.78181 0.21819
0.35674 0.64326
0.38183 0.61817
0.47383 0.52617
0.41807 0.58193
0.52419 0.47581
0.37061 0.62939
0.35217 0.64783
0.34192 0.65808
0.46104 0.53896
0.46104 0.53896
0.48860 0.51140
0.48987 0.51013
0.46104 0.53896
0.46104 0.53896
0.48860 0.51140
0.48987 0.51013
0.42996 0.57004
0.37087 0.62913
0.37227 0.62773
0.38345 0.61655
0.37087 0.62913
0.37227 0.62773
0.38345 0.61655
0.44218 0.55782
0.44218 0.55782
0.46729 0.53271
0.44218 0.55782
0.44218 0.55782
0.46729 0.53271
0.35299 0.64701
0.42513 0.57487
0.42513 0.57487
0.45468 0.54532
0.42513 0.57487
0.42513 0.57487
0.45468 0.54532
0.88475 0.11525
0.99507 0.00493
0.96703 0.03297
0.96993 0.03007
0.99701 0.00299
0.86689 0.13311
0.62813 0.37187
0.97453 0.02547
0.97972 0.02028
0.79261 0.20739
0.87570 0.12430
0.89293 0.10707
0.41629 0.58371
0.44369 0.55631
0.98277 0.01723
0.40609 0.59391
0.43002 0.56998
0.42966 0.57034
0.50875 0.49125
0.99626 0.00374
0.48891 0.51109
0.50810 0.49190
0.88531 0.11469
0.97352 0.02648
0.87355 0.12645
0.49767 0.50233
0.49215 0.50785
0.92645 0.07355
0.98879 0.01121
0.84836 0.15164
0.53705 0.46295
0.86179 0.13821
0.96895 0.03105
0.29378 0.70622
0.33333 0.66667
0.45754 0.54246
0.69836 0.30164
0.69836 0.30164
0.48588 0.51412
0.92668 0.07332
0.77754 0.22246
0.46960 0.53040
0.47381 0.52619
0.47381 0.52619
0.47381 0.52619
0.41159 0.58841
0.37594 0.62406
0.39778 0.60222
0.39475 0.60525
0.63130 0.36870
0.50314 0.49686
0.50314 0.49686
0.50314 0.49686
0.50314 0.49686
0.46607 0.53393
0.38798 0.61202
0.38275 0.61725
0.47817 0.52183
0.46278 0.53722
0.38584 0.61416
0.67084 0.32916
0.34439 0.65561
0.90178 0.09822
0.56566 0.43434
0.36525 0.63475
0.64762 0.35238
0.64762 0.35238
0.97314 0.02686
0.75290 0.24710
0.36789 0.63211
0.68200 0.31800
0.35194 0.64806
0.32126 0.67874
0.97485 0.02515
0.53739 0.46261
0.97581 0.02419
0.36744 0.63256
0.36705 0.63295
0.45667 0.54333
0.42528 0.57472
0.72574 0.27426
0.88185 0.11815
0.88185 0.11815
0.87270 0.12730
0.88185 0.11815
0.88185 0.11815
0.87270 0.12730
0.77265 0.22735
0.77265 0.22735
0.88517 0.11483
0.43482 0.56518
0.76279 0.23721
0.76279 0.23721
0.77470 0.22530
0.76279 0.23721
0.76279 0.23721
0.77470 0.22530
0.94668 0.05332
0.93610 0.06390
0.91502 0.08498
0.40918 0.59082
0.41917 0.58083
0.87547 0.12453
0.43747 0.56253
0.44126 0.55874
0.83053 0.16947
0.51474 0.48526
0.84586 0.15414
0.93213 0.06787
0.55767 0.44233
0.76638 0.23362
0.86187 0.13813
0.86187 0.13813
0.76638 0.23362
0.63906 0.36094
0.76372 0.23628
0.89481 0.10519
0.75245 0.24755
0.83351 0.16649
0.46796 0.53204
0.94512 0.05488
0.92584 0.07416
0.66826 0.33174
0.61007 0.38993
0.36578 0.63422
0.60822 0.39178
0.68330 0.31670
0.75016 0.24984
0.74122 0.25878
0.68839 0.31161
0.99756 0.00244
0.96838 0.03162
0.99751 0.00249
0.97321 0.02679
0.99982 0.00018
0.99978 0.00022
0.97998 0.02002
0.97998 0.02002
0.85793 0.14207
0.85793 0.14207
0.90990 0.09010
0.90990 0.09010
0.90990 0.09010
0.81137 0.18863
0.81137 0.18863
0.81137 0.18863
0.71079 0.28921
0.69564 0.30436
0.44687 0.55313
0.44089 0.55911
0.98257 0.01743
0.45997 0.54003
0.98257 0.01743
0.45997 0.54003
0.98257 0.01743
0.45997 0.54003
0.48435 0.51565
0.48435 0.51565
0.41119 0.58881
0.40568 0.59432
0.40568 0.59432
0.37009 0.62991
0.36721 0.63279
0.36721 0.63279
0.45586 0.54414
0.99059 0.00941
0.99343 0.00657
