0.55839 0.44161
0.56198 0.43802
0.56153 0.43847
0.55784 0.44216
0.55784 0.44216
0.55739 0.44261
0.55954 0.44046
0.56416 0.43584
0.56423 0.43577
0.55333 0.44667
0.55955 0.44045
0.55836 0.44164
0.57057 0.42943
0.57096 0.42904
0.56466 0.43534
0.56917 0.43083
0.57087 0.42913
0.57519 0.42481
0.57519 0.42481
0.56843 0.43157
0.57307 0.42693
0.57441 0.42559
0.57307 0.42693
0.57441 0.42559
0.56831 0.43169
0.56700 0.43300
0.56108 0.43892
0.56716 0.43284
0.56831 0.43169
0.56700 0.43300
0.56108 0.43892
0.56716 0.43284
0.56991 0.43009
0.57099 0.42901
0.56699 0.43301
0.55584 0.44416
0.56060 0.43940
0.55920 0.44080
0.56913 0.43087
0.57335 0.42665
0.56338 0.43662
0.56300 0.43700
0.56878 0.43122
0.57414 0.42586
0.57007 0.42993
0.56364 0.43636
0.55812 0.44188
0.56423 0.43577
0.56552 0.43448
0.55512 0.44488
0.55623 0.44377
0.56955 0.43045
0.57049 0.42951
0.56955 0.43045
0.55973 0.44027
0.56053 0.43947
0.56090 0.43910
0.55469 0.44531
0.56063 0.43937
0.57175 0.42825
0.57550 0.42450
0.57462 0.42538
0.57363 0.42637
0.57278 0.42722
0.57058 0.42942
0.56942 0.43058
0.55423 0.44577
0.55850 0.44150
0.56030 0.43970
0.56033 0.43967
0.55897 0.44103
0.55988 0.44012
0.56750 0.43250
0.56542 0.43458
0.56842 0.43158
0.57066 0.42934
0.56420 0.43580
0.56357 0.43643
0.56540 0.43460
0.56540 0.43460
0.56540 0.43460
0.56540 0.43460
0.57451 0.42549
0.57451 0.42549
0.57307 0.42693
0.55803 0.44197
0.55613 0.44387
0.55613 0.44387
0.56454 0.43546
0.56166 0.43834
0.56387 0.43613
0.56074 0.43926
0.56285 0.43715
0.57149 0.42851
0.56974 0.43026
0.57083 0.42917
0.57041 0.42959
0.56431 0.43569
0.56682 0.43318
0.56170 0.43830
0.56196 0.43804
0.57124 0.42876
0.56960 0.43040
0.55872 0.44128
0.55916 0.44084
0.56022 0.43978
0.57159 0.42841
0.56672 0.43328
0.56772 0.43228
0.56634 0.43366
0.56607 0.43393
0.56457 0.43543
0.56913 0.43087
0.56625 0.43375
0.54653 0.45347
0.55889 0.44111
0.55396 0.44604
0.55700 0.44300
0.55445 0.44555
0.55748 0.44252
0.55708 0.44292
0.55980 0.44020
0.55679 0.44321
0.57125 0.42875
0.57007 0.42993
0.57001 0.42999
0.55121 0.44879
0.56549 0.43451
0.56062 0.43938
0.55897 0.44103
0.57076 0.42924
0.57076 0.42924
0.55313 0.44688
0.55654 0.44346
0.55236 0.44764
0.55893 0.44107
0.57072 0.42928
0.55994 0.44006
0.57826 0.42174
0.57092 0.42908
0.58033 0.41968
0.57272 0.42728
0.58033 0.41968
0.57272 0.42728
0.57571 0.42429
0.57431 0.42569
0.56719 0.43281
0.56687 0.43313
0.56551 0.43449
0.56425 0.43575
0.56462 0.43538
0.55983 0.44017
0.56605 0.43395
0.56401 0.43599
0.55492 0.44508
0.55321 0.44679
0.56827 0.43173
0.57032 0.42968
0.57122 0.42878
0.57021 0.42979
0.57127 0.42873
0.56665 0.43335
0.56835 0.43165
0.56655 0.43345
0.56665 0.43335
0.56439 0.43561
0.55265 0.44735
0.56270 0.43730
0.56280 0.43720
0.57035 0.42965
0.57708 0.42292
0.57653 0.42347
0.57635 0.42365
0.57720 0.42280
0.56798 0.43202
0.57751 0.42249
0.56489 0.43511
0.56477 0.43523
0.55733 0.44267
0.56530 0.43470
0.56166 0.43834
0.56919 0.43081
0.56882 0.43118
0.56812 0.43188
0.56773 0.43227
0.56119 0.43881
0.57053 0.42947
0.55922 0.44078
0.56023 0.43977
0.55674 0.44326
0.57121 0.42879
0.57241 0.42759
0.56443 0.43557
0.57262 0.42738
0.57262 0.42738
0.55445 0.44555
0.56536 0.43464
0.56932 0.43068
0.57491 0.42509
0.57465 0.42535
0.55644 0.44356
0.57438 0.42562
0.56178 0.43822
0.55967 0.44033
0.56101 0.43899
0.55886 0.44114
0.56477 0.43523
0.56189 0.43811
0.55998 0.44002
0.57058 0.42942
0.57330 0.42670
0.56606 0.43394
0.57002 0.42998
0.57002 0.42998
0.56680 0.43320
0.57067 0.42933
0.56707 0.43293
0.57067 0.42933
0.56453 0.43547
0.56424 0.43576
0.56881 0.43119
0.56858 0.43142
0.55312 0.44688
0.57441 0.42559
0.58254 0.41746
0.58286 0.41714
0.58211 0.41789
0.56794 0.43206
0.56043 0.43957
0.56035 0.43965
0.56032 0.43968
0.56058 0.43942
0.56012 0.43988
0.57584 0.42416
0.57245 0.42755
0.57180 0.42820
0.57248 0.42752
0.57070 0.42930
0.55727 0.44273
0.56317 0.43683
0.56620 0.43380
0.56317 0.43683
0.56620 0.43380
0.55100 0.44900
0.54694 0.45306
0.56555 0.43445
0.56821 0.43179
0.57857 0.42143
0.57712 0.42288
0.57272 0.42728
0.57301 0.42699
0.57382 0.42618
0.57411 0.42589
0.57382 0.42618
0.57091 0.42909
0.57070 0.42930
0.57741 0.42259
0.57490 0.42510
0.56670 0.43330
0.56670 0.43330
0.56646 0.43354
0.56646 0.43354
0.55268 0.44732
0.56216 0.43784
0.57030 0.42970
0.56699 0.43301
0.56982 0.43018
0.56474 0.43526
0.56752 0.43248
0.56929 0.43071
0.57222 0.42778
0.57118 0.42882
0.56363 0.43637
0.55776 0.44224
0.55796 0.44204
0.57180 0.42820
0.56433 0.43567
0.56942 0.43058
0.57090 0.42910
0.56915 0.43085
0.57410 0.42590
0.57231 0.42769
0.57410 0.42590
0.57231 0.42769
0.57254 0.42746
0.56318 0.43682
0.57502 0.42498
0.56395 0.43605
0.56395 0.43605
0.56233 0.43767
0.56266 0.43734
0.56604 0.43396
0.56436 0.43564
0.57407 0.42593
0.55308 0.44692
0.55284 0.44716
0.55341 0.44659
0.57056 0.42944
0.57017 0.42983
0.57017 0.42983
0.56859 0.43141
0.57110 0.42890
0.57017 0.42983
0.57017 0.42983
0.56785 0.43215
0.54056 0.45944
0.54837 0.45163
0.55615 0.44385
0.56044 0.43956
0.56032 0.43968
0.56259 0.43741
0.56727 0.43273
0.57361 0.42639
0.57326 0.42674
0.57220 0.42780
0.56943 0.43057
0.57019 0.42981
0.57567 0.42433
0.57567 0.42433
0.57567 0.42433
0.57567 0.42433
0.56502 0.43498
0.55747 0.44253
0.55747 0.44253
0.57156 0.42844
0.55994 0.44006
0.56521 0.43479
0.57405 0.42595
0.56138 0.43862
0.56138 0.43862
0.57556 0.42444
0.57613 0.42387
0.57776 0.42224
0.56663 0.43337
0.56285 0.43715
0.55325 0.44675
0.56419 0.43581
0.56187 0.43813
0.55786 0.44214
0.55786 0.44214
0.56566 0.43434
0.55802 0.44198
0.56584 0.43416
0.56093 0.43907
0.56558 0.43442
0.57060 0.42940
0.56304 0.43696
0.56429 0.43571
0.56758 0.43242
0.55933 0.44067
0.57035 0.42965
0.56213 0.43787
0.55882 0.44118
0.56388 0.43612
0.56534 0.43466
0.56450 0.43550
0.56694 0.43306
0.56599 0.43400
0.56361 0.43639
0.56324 0.43676
0.56252 0.43748
0.56499 0.43501
0.56405 0.43595
0.56166 0.43834
0.56819 0.43181
0.55921 0.44079
0.56013 0.43987
0.56519 0.43481
0.56141 0.43859
0.56894 0.43106
0.56523 0.43477
0.57749 0.42251
0.57749 0.42251
0.56179 0.43821
0.54988 0.45012
0.55141 0.44859
0.55978 0.44022
0.56683 0.43317
0.56507 0.43493
0.56659 0.43341
0.57211 0.42789
0.57016 0.42984
0.57371 0.42629
0.57176 0.42824
0.57338 0.42662
0.57338 0.42662
0.57406 0.42594
0.57406 0.42594
0.56796 0.43204
0.56944 0.43056
0.56229 0.43771
0.55181 0.44819
0.55906 0.44094
0.55505 0.44495
0.55682 0.44318
0.55455 0.44545
0.55617 0.44383
0.55455 0.44545
0.55617 0.44383
0.56770 0.43230
0.55833 0.44167
0.56533 0.43467
0.55053 0.44947
0.55282 0.44718
0.55136 0.44864
0.55366 0.44634
0.55685 0.44315
0.56173 0.43827
0.55787 0.44213
0.56262 0.43738
0.56284 0.43716
0.56005 0.43995
0.57256 0.42744
0.56386 0.43614
0.56109 0.43891
0.57356 0.42644
0.56173 0.43827
0.56269 0.43731
0.57479 0.42521
0.57454 0.42546
0.57770 0.42230
0.57218 0.42782
0.57647 0.42353
0.57647 0.42353
0.57678 0.42322
0.57678 0.42322
0.55812 0.44188
0.55916 0.44084
0.55916 0.44084
0.55470 0.44530
0.55834 0.44166
0.55939 0.44061
0.55939 0.44061
0.55491 0.44509
0.55728 0.44272
0.56579 0.43421
0.56400 0.43600
0.56407 0.43593
0.57130 0.42870
0.57130 0.42870
0.57160 0.42840
0.57160 0.42840
0.56278 0.43722
0.56940 0.43060
0.56719 0.43281
0.57104 0.42896
0.56693 0.43307
0.56775 0.43225
0.57045 0.42955
0.56586 0.43414
0.56892 0.43108
0.59623 0.40377
0.55660 0.44340
0.56730 0.43270
0.56749 0.43251
0.56871 0.43129
0.56941 0.43059
0.57113 0.42887
0.57286 0.42714
0.57015 0.42985
0.57128 0.42872
0.55077 0.44923
0.55132 0.44868
0.55136 0.44864
0.55191 0.44809
0.56183 0.43817
0.55855 0.44145
0.56041 0.43959
0.56241 0.43759
0.56018 0.43982
0.56417 0.43583
0.57004 0.42996
0.57116 0.42884
0.55361 0.44639
0.55263 0.44737
0.56542 0.43458
0.57092 0.42908
0.56366 0.43634
0.56919 0.43081
0.56916 0.43084
0.57079 0.42921
0.57079 0.42921
0.56916 0.43084
0.57050 0.42950
0.57192 0.42808
0.55660 0.44340
0.55804 0.44196
0.54798 0.45202
0.56795 0.43205
0.56932 0.43068
0.56717 0.43283
0.57072 0.42928
0.55952 0.44048
0.55800 0.44200
0.56059 0.43941
0.55276 0.44724
0.56323 0.43677
0.56232 0.43768
0.55202 0.44798
0.56238 0.43762
0.56158 0.43842
0.56363 0.43637
0.56278 0.43722
0.55299 0.44701
0.56453 0.43547
0.56356 0.43644
0.55378 0.44622
0.55688 0.44312
0.55091 0.44909
0.55850 0.44150
0.55961 0.44039
0.57800 0.42200
0.56750 0.43250
0.56381 0.43619
0.57084 0.42916
0.56349 0.43651
0.56385 0.43615
0.57466 0.42534
0.56134 0.43866
0.56089 0.43911
0.56284 0.43716
0.56167 0.43833
0.56134 0.43866
0.56316 0.43684
0.56113 0.43887
0.56063 0.43937
0.56262 0.43738
0.56730 0.43270
0.55672 0.44328
0.57935 0.42065
0.57350 0.42650
0.57474 0.42526
0.56286 0.43714
0.55930 0.44070
0.56316 0.43684
0.56575 0.43425
0.56872 0.43128
0.56192 0.43808
0.55843 0.44157
0.56216 0.43784
0.56471 0.43529
0.56766 0.43234
0.55842 0.44158
0.55580 0.44420
0.55564 0.44436
0.55555 0.44445
0.55538 0.44462
0.56298 0.43702
0.56175 0.43825
0.57217 0.42783
0.57070 0.42930
0.57312 0.42688
0.57155 0.42845
0.57556 0.42444
0.57181 0.42819
0.56955 0.43045
0.56931 0.43069
0.56955 0.43045
0.56931 0.43069
0.57052 0.42948
0.57018 0.42982
0.55614 0.44386
0.55889 0.44111
0.55996 0.44004
0.55247 0.44753
0.56170 0.43830
0.57019 0.42981
0.57127 0.42873
0.57117 0.42883
0.57222 0.42778
0.55926 0.44074
0.55744 0.44256
0.56090 0.43910
0.56279 0.43721
0.56425 0.43575
0.56668 0.43332
0.56607 0.43393
0.56836 0.43164
0.58427 0.41573
0.55982 0.44018
0.55939 0.44061
0.55753 0.44247
0.55939 0.44061
0.56404 0.43596
0.56061 0.43939
0.56081 0.43919
0.55914 0.44086
0.55835 0.44165
0.56348 0.43652
0.57895 0.42105
0.54918 0.45082
0.55169 0.44831
0.56926 0.43074
0.56483 0.43517
0.57132 0.42868
0.56796 0.43204
0.56787 0.43213
0.56496 0.43504
0.56128 0.43872
0.56433 0.43567
0.56667 0.43333
0.56769 0.43231
0.56995 0.43005
0.55980 0.44020
0.56301 0.43699
0.56489 0.43511
0.55746 0.44254
0.55706 0.44294
0.56260 0.43740
0.56226 0.43774
0.56941 0.43059
0.56853 0.43147
0.55922 0.44078
0.58286 0.41714
0.57778 0.42222
0.57639 0.42361
0.56475 0.43525
0.55794 0.44206
0.56343 0.43657
0.56545 0.43455
0.55723 0.44277
0.56273 0.43727
0.56477 0.43523
0.55879 0.44121
0.56557 0.43443
0.55951 0.44049
0.56629 0.43371
0.56706 0.43294
0.56627 0.43373
0.55937 0.44063
0.55739 0.44261
0.55603 0.44397
0.55420 0.44580
0.56070 0.43930
0.55068 0.44932
0.55879 0.44121
0.54894 0.45106
0.56544 0.43456
0.57305 0.42695
0.56716 0.43284
0.57097 0.42903
0.56496 0.43504
0.55100 0.44900
0.55279 0.44721
0.55279 0.44721
0.56977 0.43023
0.56053 0.43947
0.56535 0.43465
0.57183 0.42817
0.57281 0.42719
0.57269 0.42731
0.55358 0.44642
0.55559 0.44441
0.56708 0.43292
0.56925 0.43075
0.57449 0.42551
0.57597 0.42403
0.57403 0.42597
0.57550 0.42450
0.57454 0.42546
0.57602 0.42398
0.57551 0.42449
0.57699 0.42301
0.57804 0.42196
0.57959 0.42041
0.55974 0.44026
0.56161 0.43839
0.55272 0.44728
0.55464 0.44536
0.56006 0.43994
0.56006 0.43994
0.56236 0.43764
0.56236 0.43764
0.56412 0.43588
0.56412 0.43588
0.56319 0.43681
0.56319 0.43681
0.56249 0.43751
0.56249 0.43751
0.56383 0.43617
0.56383 0.43617
0.55372 0.44628
0.56394 0.43606
0.56215 0.43785
0.56715 0.43285
0.56536 0.43464
0.55548 0.44452
0.56009 0.43991
0.56041 0.43959
0.56525 0.43475
0.56862 0.43138
0.56728 0.43272
0.56323 0.43677
0.56009 0.43991
0.56846 0.43154
0.56777 0.43223
0.56777 0.43223
0.57024 0.42976
0.57079 0.42921
0.57121 0.42879
0.57412 0.42588
0.57469 0.42531
0.57511 0.42489
0.57588 0.42412
0.57311 0.42689
0.56182 0.43818
0.56498 0.43502
0.56252 0.43748
0.56914 0.43086
0.57056 0.42944
0.57047 0.42953
0.57083 0.42917
0.57950 0.42050
0.57334 0.42666
0.56059 0.43941
0.55833 0.44167
0.55833 0.44167
0.56059 0.43941
0.56047 0.43953
0.56810 0.43190
0.56644 0.43356
0.57178 0.42822
0.57077 0.42923
0.57033 0.42967
0.56931 0.43069
0.57233 0.42767
0.57233 0.42767
0.56448 0.43552
0.56250 0.43750
0.55808 0.44192
0.54758 0.45242
0.55218 0.44782
0.55967 0.44033
0.54761 0.45239
0.55479 0.44521
0.55235 0.44765
0.55561 0.44439
0.55318 0.44682
0.55834 0.44166
0.55388 0.44612
0.57051 0.42949
0.56729 0.43271
0.57154 0.42846
0.56834 0.43166
0.57051 0.42949
0.56729 0.43271
0.57154 0.42846
0.56834 0.43166
0.57115 0.42885
0.56801 0.43199
0.57609 0.42391
0.56226 0.43774
0.57401 0.42599
0.57064 0.42936
0.57633 0.42367
0.57427 0.42573
0.56614 0.43386
0.57543 0.42457
0.57815 0.42185
0.57543 0.42457
0.57815 0.42185
0.56052 0.43948
0.56052 0.43948
0.56052 0.43948
0.56052 0.43948
0.56451 0.43549
0.55796 0.44204
0.55577 0.44423
0.57161 0.42839
0.55518 0.44482
0.55484 0.44516
0.55667 0.44333
0.55543 0.44457
0.56195 0.43805
0.55849 0.44151
0.55758 0.44242
0.55448 0.44552
0.55370 0.44630
0.57039 0.42961
0.56380 0.43620
0.56599 0.43401
0.56723 0.43277
0.56634 0.43366
0.56402 0.43598
0.56799 0.43201
0.55930 0.44070
0.57878 0.42122
0.57526 0.42474
0.56501 0.43499
0.56275 0.43725
0.56407 0.43593
0.56234 0.43766
0.56234 0.43766
0.57228 0.42772
0.57579 0.42421
0.57044 0.42956
0.57379 0.42621
0.56790 0.43210
0.56562 0.43438
0.56721 0.43279
0.55941 0.44059
0.56922 0.43078
0.56645 0.43355
0.56048 0.43952
0.56902 0.43098
0.55584 0.44416
0.56094 0.43906
0.56094 0.43906
0.56653 0.43347
0.56925 0.43075
0.56755 0.43245
0.56942 0.43058
0.56112 0.43888
0.55964 0.44036
0.56062 0.43938
0.57098 0.42902
0.57103 0.42897
0.56923 0.43077
0.57337 0.42663
0.57314 0.42686
0.57106 0.42894
0.57619 0.42381
0.57595 0.42405
0.57416 0.42584
0.55176 0.44824
0.55055 0.44945
0.56114 0.43886
0.55975 0.44025
0.55939 0.44061
0.55985 0.44015
0.56092 0.43908
0.56121 0.43879
0.55939 0.44061
0.55985 0.44015
0.56009 0.43991
0.56009 0.43991
0.55356 0.44644
0.55502 0.44498
0.55943 0.44057
0.56218 0.43782
0.56099 0.43901
0.56091 0.43909
0.55081 0.44919
0.55029 0.44971
0.55937 0.44063
0.55099 0.44901
0.57062 0.42938
0.57133 0.42867
0.57359 0.42641
0.55799 0.44201
0.55987 0.44013
0.56243 0.43757
0.56077 0.43923
0.56611 0.43389
0.56611 0.43389
0.55419 0.44581
0.56088 0.43912
0.56051 0.43949
0.55793 0.44207
0.55653 0.44347
0.56999 0.43001
0.56772 0.43228
0.56669 0.43331
0.55937 0.44063
0.57955 0.42045
0.58058 0.41942
0.58415 0.41585
0.58553 0.41447
0.58060 0.41940
0.56342 0.43658
0.56342 0.43658
0.56627 0.43373
0.56627 0.43373
0.56256 0.43744
0.56256 0.43744
0.56632 0.43368
0.56789 0.43211
0.55859 0.44141
0.56053 0.43947
0.56053 0.43947
0.55655 0.44345
0.55655 0.44345
0.55952 0.44048
0.55952 0.44048
0.57196 0.42804
0.57103 0.42897
0.56267 0.43733
0.55379 0.44621
0.55431 0.44569
0.55463 0.44537
0.57458 0.42542
0.56871 0.43129
0.57168 0.42832
0.55432 0.44568
0.56700 0.43300
0.56854 0.43146
0.56854 0.43146
0.57712 0.42288
0.57497 0.42503
0.55978 0.44022
0.55927 0.44073
0.56639 0.43361
0.56647 0.43353
0.55562 0.44438
0.56269 0.43731
0.56277 0.43723
0.56039 0.43961
0.56768 0.43232
0.56776 0.43224
0.57869 0.42131
0.57724 0.42276
0.57400 0.42600
0.57590 0.42410
0.57046 0.42954
0.55542 0.44458
0.55432 0.44568
0.55752 0.44248
0.55633 0.44367
0.55752 0.44248
0.55633 0.44367
0.56661 0.43339
0.56289 0.43711
0.56641 0.43359
0.56388 0.43612
0.54520 0.45480
0.55999 0.44001
0.55794 0.44206
0.55025 0.44975
0.56926 0.43074
0.57044 0.42956
0.56429 0.43571
0.55493 0.44507
0.56299 0.43701
0.57831 0.42169
0.57806 0.42194
0.56825 0.43175
0.56691 0.43309
0.55311 0.44689
0.56659 0.43341
0.56845 0.43155
0.56715 0.43285
0.56715 0.43285
0.56187 0.43813
0.57876 0.42124
0.55762 0.44238
0.55651 0.44349
0.56234 0.43766
0.55999 0.44001
0.56182 0.43818
0.56198 0.43802
0.56643 0.43357
0.56666 0.43334
0.56296 0.43704
0.55658 0.44342
0.54703 0.45297
0.57190 0.42810
0.56146 0.43854
0.56514 0.43486
0.57781 0.42219
0.56778 0.43222
0.56914 0.43086
0.55797 0.44203
0.54137 0.45863
0.55916 0.44084
0.55901 0.44099
0.54901 0.45099
0.55573 0.44427
0.56236 0.43764
0.54752 0.45248
0.55062 0.44938
0.56167 0.43833
0.56060 0.43940
0.55587 0.44413
0.55587 0.44413
0.57249 0.42751
0.56096 0.43904
0.56012 0.43988
0.56096 0.43904
0.55996 0.44004
0.56096 0.43904
0.56096 0.43904
0.56012 0.43988
0.56096 0.43904
0.55996 0.44004
0.56096 0.43904
0.56096 0.43904
0.56012 0.43988
0.56096 0.43904
0.55996 0.44004
0.56096 0.43904
0.55360 0.44640
0.55263 0.44737
0.57415 0.42585
0.57378 0.42622
0.55305 0.44695
0.57400 0.42600
0.57444 0.42556
0.55774 0.44226
0.57495 0.42505
0.57662 0.42338
0.56177 0.43823
0.56029 0.43971
0.56152 0.43848
0.56004 0.43996
0.56081 0.43919
0.56069 0.43931
0.55898 0.44102
0.56069 0.43931
0.55898 0.44102
0.56510 0.43490
0.55794 0.44206
0.55854 0.44146
0.56130 0.43870
0.56032 0.43968
0.56090 0.43910
0.56130 0.43870
0.56042 0.43958
0.56073 0.43927
0.56059 0.43941
0.55943 0.44057
0.56033 0.43967
0.56059 0.43941
0.55943 0.44057
0.56033 0.43967
0.56688 0.43312
0.56688 0.43312
0.56688 0.43312
0.56688 0.43312
0.55045 0.44955
0.56441 0.43559
0.56187 0.43813
0.56111 0.43889
0.58537 0.41463
0.56653 0.43347
0.56768 0.43232
0.56349 0.43651
0.56162 0.43838
0.57932 0.42068
0.57729 0.42271
0.57517 0.42483
0.57881 0.42119
0.57799 0.42201
0.58023 0.41977
0.57964 0.42036
0.57881 0.42119
0.57799 0.42201
0.58023 0.41977
0.56284 0.43716
0.56065 0.43935
0.56179 0.43821
0.56415 0.43585
0.56666 0.43334
0.56489 0.43511
0.56304 0.43696
0.56538 0.43462
0.55901 0.44099
0.55099 0.44901
0.56272 0.43728
0.56172 0.43828
0.56572 0.43428
0.56572 0.43428
0.56806 0.43194
0.56660 0.43340
0.56600 0.43400
0.56743 0.43257
0.57324 0.42676
0.56609 0.43391
0.57202 0.42798
0.55108 0.44892
0.56274 0.43726
0.55250 0.44750
0.56003 0.43997
0.55379 0.44621
0.55732 0.44268
0.56594 0.43406
0.55839 0.44161
0.55344 0.44656
0.57392 0.42608
0.56664 0.43336
0.56966 0.43034
0.55638 0.44362
0.55856 0.44144
0.55516 0.44484
0.55736 0.44264
0.57340 0.42660
0.57169 0.42831
0.55359 0.44641
0.56649 0.43351
0.55177 0.44823
0.55960 0.44040
0.55597 0.44403
0.56629 0.43371
0.56315 0.43685
0.56604 0.43396
0.56446 0.43554
0.56217 0.43783
0.56172 0.43828
0.56172 0.43828
0.56124 0.43876
0.56013 0.43987
0.56059 0.43941
0.56315 0.43685
0.56446 0.43554
0.56446 0.43554
0.57012 0.42988
0.57022 0.42978
0.56878 0.43122
0.56733 0.43267
0.57043 0.42957
0.56611 0.43389
0.56604 0.43396
0.56789 0.43211
0.56438 0.43562
0.54987 0.45013
0.56297 0.43703
0.56768 0.43232
0.56726 0.43274
0.55393 0.44607
0.56068 0.43932
0.56263 0.43737
0.56017 0.43983
0.56217 0.43783
0.56187 0.43813
0.56382 0.43618
0.56185 0.43815
0.56383 0.43617
0.55114 0.44886
0.56269 0.43731
0.55843 0.44157
0.57294 0.42706
0.57473 0.42527
0.57842 0.42158
0.57302 0.42698
0.57475 0.42525
0.57475 0.42525
0.57590 0.42410
0.57475 0.42525
0.57590 0.42410
0.57494 0.42506
0.55418 0.44582
0.56256 0.43744
0.56046 0.43954
0.57174 0.42826
0.57174 0.42826
0.57174 0.42826
0.56384 0.43616
0.56384 0.43616
0.57882 0.42118
0.57166 0.42834
0.57991 0.42009
0.56395 0.43605
0.55723 0.44277
0.56441 0.43559
0.55343 0.44657
0.56725 0.43275
0.55044 0.44956
0.55470 0.44530
0.56551 0.43449
0.56028 0.43972
0.55116 0.44884
0.57118 0.42882
0.56733 0.43267
0.55623 0.44377
0.56519 0.43481
0.56863 0.43137
0.56519 0.43481
0.56863 0.43137
0.56519 0.43481
0.56863 0.43137
0.56519 0.43481
0.56863 0.43137
0.57552 0.42448
0.58313 0.41687
0.57552 0.42448
0.58167 0.41833
0.57399 0.42601
0.57218 0.42783
0.57514 0.42486
0.56153 0.43847
0.55898 0.44102
0.57543 0.42457
0.56967 0.43033
0.57256 0.42744
0.56659 0.43341
0.57600 0.42400
0.57046 0.42954
0.56219 0.43781
0.56585 0.43415
0.57315 0.42685
0.57098 0.42902
0.57309 0.42691
0.57309 0.42691
0.57629 0.42371
0.57860 0.42140
0.56863 0.43137
0.56863 0.43137
0.56863 0.43137
0.56661 0.43339
0.55605 0.44395
0.56899 0.43101
0.55929 0.44071
0.56888 0.43112
0.57680 0.42320
0.57680 0.42320
0.57400 0.42600
0.57650 0.42350
0.56057 0.43943
0.55123 0.44877
0.55538 0.44462
0.56428 0.43572
0.57398 0.42602
0.56575 0.43425
0.56587 0.43413
0.56443 0.43557
0.56359 0.43641
0.56371 0.43629
0.56225 0.43775
0.56575 0.43425
0.56587 0.43413
0.56443 0.43557
0.57748 0.42252
0.56001 0.43999
0.55990 0.44010
0.55696 0.44304
0.55796 0.44204
0.55788 0.44212
0.55493 0.44507
0.56129 0.43871
0.57004 0.42996
0.56878 0.43122
0.57096 0.42904
0.57186 0.42814
0.56199 0.43801
0.55981 0.44019
0.56257 0.43743
0.56455 0.43545
0.56023 0.43977
0.55801 0.44199
0.55092 0.44908
0.56259 0.43741
0.56191 0.43809
0.56552 0.43448
0.56119 0.43881
0.56494 0.43506
0.55962 0.44038
0.56323 0.43677
0.57630 0.42370
0.57994 0.42006
0.56530 0.43470
0.56530 0.43470
0.57422 0.42578
0.56854 0.43146
0.57366 0.42634
0.57505 0.42495
0.57505 0.42495
0.55907 0.44093
0.55892 0.44108
0.57236 0.42764
0.57326 0.42674
0.57156 0.42844
0.57770 0.42230
0.55605 0.44395
0.56964 0.43036
0.56416 0.43584
0.54432 0.45568
0.54793 0.45207
0.56930 0.43070
0.53870 0.46130
0.54079 0.45921
0.55448 0.44552
0.55626 0.44374
0.56137 0.43863
0.55504 0.44496
0.56033 0.43967
0.56014 0.43986
0.54968 0.45032
0.55797 0.44203
0.57083 0.42917
0.57420 0.42580
0.56041 0.43959
0.57653 0.42347
0.57560 0.42440
0.56739 0.43261
0.56739 0.43261
0.56584 0.43416
0.56825 0.43175
0.56545 0.43455
0.56440 0.43560
0.56784 0.43216
0.56789 0.43211
0.55509 0.44491
0.55680 0.44320
0.55551 0.44449
0.57379 0.42621
0.57620 0.42380
0.57226 0.42774
0.57462 0.42538
0.56553 0.43447
0.56516 0.43484
0.56334 0.43666
0.55961 0.44039
0.55704 0.44296
0.56251 0.43749
0.56001 0.43999
0.57127 0.42873
0.57485 0.42515
0.57007 0.42993
0.56129 0.43871
0.56819 0.43181
0.57353 0.42647
0.56472 0.43528
0.57167 0.42833
0.55870 0.44130
0.55939 0.44061
0.55997 0.44003
0.57452 0.42548
0.57114 0.42886
0.56471 0.43529
0.58006 0.41994
0.57641 0.42359
0.56563 0.43437
0.57126 0.42874
0.56642 0.43358
0.56129 0.43871
0.55661 0.44339
0.56160 0.43840
0.56160 0.43840
0.55396 0.44604
0.55396 0.44604
0.56160 0.43840
0.56160 0.43840
0.56160 0.43840
0.56160 0.43840
0.56807 0.43193
0.57342 0.42658
0.57342 0.42658
0.55618 0.44382
0.57288 0.42712
0.59063 0.40937
0.56834 0.43166
0.56474 0.43526
0.56576 0.43424
0.58245 0.41755
0.58113 0.41887
0.58113 0.41887
0.57554 0.42446
0.56845 0.43155
0.55044 0.44956
0.55044 0.44956
0.56728 0.43272
0.56361 0.43639
0.55058 0.44942
0.54717 0.45283
0.55405 0.44595
0.57139 0.42861
0.55838 0.44162
0.55318 0.44682
0.55758 0.44242
0.55646 0.44354
0.56621 0.43379
0.56621 0.43379
0.55582 0.44418
0.56522 0.43478
0.56648 0.43352
0.56492 0.43508
0.55559 0.44441
0.56533 0.43467
0.57785 0.42215
0.57758 0.42242
0.57904 0.42096
0.57726 0.42274
0.57603 0.42397
0.57442 0.42558
0.55933 0.44067
0.56051 0.43949
0.55795 0.44205
0.55914 0.44086
0.55893 0.44107
0.56025 0.43975
0.55568 0.44432
0.55397 0.44603
0.54982 0.45018
0.55512 0.44488
0.55631 0.44369
0.55363 0.44637
0.55363 0.44637
0.56047 0.43953
0.54978 0.45022
0.55084 0.44916
0.56758 0.43242
0.57185 0.42815
0.56788 0.43212
0.56788 0.43212
0.56788 0.43212
0.56788 0.43212
0.56116 0.43884
0.55695 0.44305
0.56510 0.43490
0.56898 0.43102
0.56422 0.43578
0.56514 0.43486
0.56329 0.43671
0.57035 0.42965
0.56639 0.43361
0.56639 0.43361
0.55893 0.44107
0.56205 0.43795
0.56342 0.43658
0.56342 0.43658
0.56772 0.43228
0.56772 0.43228
0.56313 0.43687
0.55944 0.44056
0.56299 0.43701
0.56299 0.43701
0.58031 0.41969
0.55943 0.44057
0.55943 0.44057
0.56927 0.43073
0.56874 0.43126
0.56193 0.43807
0.57165 0.42835
0.55702 0.44298
0.56210 0.43790
0.56237 0.43763
0.56134 0.43866
0.56154 0.43846
0.56333 0.43667
0.56295 0.43705
0.56637 0.43363
0.56637 0.43363
0.56381 0.43619
0.56240 0.43760
0.57090 0.42910
0.57135 0.42865
0.57545 0.42455
0.57455 0.42545
0.54892 0.45108
0.56317 0.43683
0.55963 0.44037
0.56328 0.43672
0.56365 0.43635
0.56013 0.43987
0.56387 0.43613
0.56317 0.43683
0.55963 0.44037
0.56328 0.43672
0.57967 0.42033
0.58282 0.41718
0.58233 0.41767
0.57696 0.42304
0.57588 0.42412
0.57760 0.42240
0.57702 0.42298
0.57702 0.42298
0.56607 0.43393
0.56735 0.43265
0.56684 0.43316
0.56684 0.43316
0.57405 0.42595
0.57629 0.42371
0.57571 0.42429
0.56435 0.43565
0.56584 0.43416
0.56435 0.43565
0.56384 0.43616
0.56548 0.43452
0.56384 0.43616
0.56384 0.43616
0.56548 0.43452
0.56384 0.43616
0.57802 0.42198
0.57558 0.42442
0.57882 0.42118
0.57630 0.42370
0.56714 0.43286
0.56774 0.43226
0.56785 0.43215
0.56855 0.43145
0.56745 0.43255
0.56814 0.43186
0.56837 0.43163
0.56872 0.43128
0.55813 0.44187
0.55620 0.44380
0.55690 0.44310
0.56652 0.43348
0.56071 0.43929
0.56092 0.43908
0.57062 0.42938
0.56957 0.43043
0.57080 0.42920
0.57015 0.42985
0.57041 0.42959
0.55996 0.44004
0.55901 0.44099
0.55930 0.44070
0.55757 0.44243
0.55069 0.44931
0.54994 0.45006
0.56711 0.43289
0.56718 0.43282
0.56431 0.43569
0.56431 0.43569
0.56146 0.43854
0.56040 0.43960
0.56011 0.43989
0.56887 0.43113
0.56454 0.43546
0.56352 0.43648
0.56814 0.43186
0.57048 0.42952
0.56333 0.43667
0.56162 0.43838
0.56168 0.43832
0.56082 0.43918
0.56157 0.43843
0.56970 0.43030
0.56980 0.43020
0.56881 0.43119
0.56968 0.43032
0.57262 0.42738
0.57163 0.42837
0.57250 0.42750
0.57554 0.42446
0.57554 0.42446
0.57294 0.42706
0.57294 0.42706
0.56198 0.43802
0.56330 0.43670
0.56383 0.43617
0.54909 0.45091
0.55744 0.44256
0.55976 0.44024
0.56166 0.43834
0.55432 0.44568
0.55742 0.44258
0.56047 0.43953
0.56956 0.43044
0.57108 0.42892
0.54590 0.45410
0.54444 0.45556
0.58546 0.41454
0.58672 0.41328
0.54005 0.45995
0.55063 0.44937
0.54955 0.45045
0.55941 0.44059
0.56247 0.43754
0.56247 0.43754
0.57082 0.42918
0.56978 0.43022
0.56702 0.43298
0.56645 0.43355
0.56781 0.43219
0.57153 0.42847
0.56580 0.43420
0.56960 0.43040
0.56478 0.43522
0.56962 0.43038
0.56782 0.43218
0.56926 0.43074
0.56442 0.43558
0.57243 0.42757
0.57043 0.42957
0.55835 0.44165
0.56265 0.43735
0.55842 0.44158
0.55589 0.44411
0.55570 0.44430
0.55986 0.44014
0.56915 0.43085
0.57413 0.42587
0.57549 0.42451
0.57289 0.42711
0.56710 0.43290
0.56483 0.43517
0.56420 0.43580
0.56647 0.43353
0.56759 0.43241
0.57025 0.42975
0.56784 0.43216
0.57742 0.42258
0.58010 0.41990
0.57317 0.42683
0.57738 0.42262
0.56331 0.43669
0.56474 0.43526
0.56206 0.43794
0.56838 0.43162
0.56981 0.43019
0.56714 0.43286
0.56581 0.43419
0.57103 0.42897
0.54619 0.45381
0.58044 0.41956
0.58154 0.41846
0.55410 0.44590
0.55566 0.44434
0.55909 0.44091
0.56280 0.43720
0.55636 0.44364
0.55627 0.44373
0.57141 0.42859
0.57170 0.42830
0.57217 0.42783
0.57191 0.42809
0.56697 0.43303
0.56606 0.43394
0.57984 0.42016
0.56665 0.43335
0.56639 0.43361
0.55966 0.44034
0.56110 0.43890
0.55966 0.44034
0.56110 0.43890
0.55966 0.44034
0.56110 0.43890
0.55953 0.44047
0.56089 0.43911
0.58061 0.41939
0.58075 0.41925
0.56425 0.43575
0.56391 0.43609
0.56430 0.43570
0.54814 0.45186
0.54665 0.45335
0.57218 0.42782
0.56984 0.43016
0.56198 0.43802
0.56054 0.43946
0.56198 0.43802
0.54635 0.45365
0.56273 0.43727
0.56485 0.43515
0.56537 0.43463
0.56933 0.43067
0.56837 0.43163
0.57071 0.42929
0.56405 0.43595
0.57551 0.42449
0.57252 0.42748
0.57350 0.42650
0.56933 0.43067
0.56749 0.43251
0.56749 0.43251
0.56950 0.43050
0.56842 0.43158
0.56591 0.43409
0.56331 0.43669
0.56546 0.43454
0.56276 0.43724
0.56065 0.43935
0.56225 0.43775
0.57296 0.42704
0.57296 0.42704
0.57358 0.42642
0.57430 0.42570
0.57248 0.42752
0.57297 0.42703
0.57233 0.42767
0.57302 0.42698
0.57168 0.42832
0.56511 0.43489
0.56511 0.43489
0.56913 0.43087
0.56805 0.43195
0.56805 0.43195
0.57070 0.42930
0.56080 0.43920
0.56720 0.43280
0.56316 0.43684
0.56834 0.43166
0.56883 0.43117
0.57637 0.42363
0.57524 0.42476
0.54755 0.45245
0.55969 0.44031
0.57953 0.42047
0.57974 0.42026
0.57961 0.42039
0.57983 0.42017
0.56990 0.43010
0.57432 0.42568
0.56946 0.43054
0.57372 0.42628
0.56863 0.43137
0.56780 0.43220
0.56846 0.43154
0.58505 0.41495
0.58225 0.41775
0.57866 0.42134
0.58090 0.41910
0.58253 0.41747
0.57937 0.42063
0.58381 0.41619
0.58364 0.41636
0.58227 0.41773
0.57596 0.42404
0.58208 0.41792
0.57887 0.42113
0.58339 0.41661
0.58322 0.41678
0.58202 0.41798
0.57555 0.42445
0.58305 0.41695
0.57021 0.42979
0.56438 0.43562
0.57036 0.42964
0.57075 0.42925
0.56971 0.43029
0.57668 0.42332
0.57707 0.42293
0.57614 0.42386
0.55964 0.44036
0.57370 0.42630
0.56614 0.43386
0.56227 0.43773
0.55898 0.44102
0.55886 0.44114
0.55845 0.44155
0.56273 0.43727
0.56187 0.43813
0.55821 0.44179
0.55554 0.44446
0.56394 0.43606
0.56354 0.43646
0.55948 0.44052
0.55684 0.44316
0.56380 0.43620
0.56357 0.43643
0.55935 0.44065
0.55670 0.44330
0.55202 0.44798
0.54901 0.45099
0.56194 0.43806
0.56253 0.43747
0.57126 0.42874
0.57012 0.42988
0.56759 0.43241
0.56648 0.43352
0.57062 0.42938
0.57406 0.42594
0.56838 0.43162
0.57169 0.42831
0.57244 0.42756
0.57623 0.42377
0.56465 0.43535
0.55499 0.44501
0.55744 0.44256
0.56326 0.43674
0.56861 0.43139
0.56941 0.43059
0.56020 0.43980
0.56826 0.43174
0.58067 0.41933
0.57771 0.42229
0.57809 0.42191
0.56413 0.43587
0.56484 0.43516
0.55254 0.44746
0.55432 0.44568
0.56440 0.43560
0.56648 0.43352
0.55557 0.44443
0.55988 0.44012
0.56172 0.43828
0.55555 0.44445
0.56436 0.43564
0.55317 0.44683
0.55857 0.44143
0.54830 0.45170
0.55718 0.44282
0.56091 0.43909
0.55541 0.44459
0.55914 0.44086
0.56097 0.43903
0.56485 0.43515
0.56485 0.43515
0.56702 0.43298
0.56243 0.43757
0.56702 0.43298
0.56195 0.43805
0.55849 0.44151
0.55286 0.44714
0.55558 0.44442
0.55900 0.44100
0.55964 0.44036
0.55952 0.44048
0.56179 0.43821
0.56337 0.43663
0.56574 0.43426
0.56212 0.43788
0.56212 0.43788
0.56337 0.43663
0.56574 0.43426
0.56212 0.43788
0.56212 0.43788
0.56337 0.43663
0.56574 0.43426
0.56212 0.43788
0.56212 0.43788
0.56337 0.43663
0.56574 0.43426
0.56212 0.43788
0.55611 0.44389
0.56660 0.43340
0.56262 0.43738
0.56130 0.43870
0.58206 0.41794
0.58107 0.41893
0.58514 0.41486
0.58393 0.41607
0.56179 0.43821
0.55872 0.44128
0.55933 0.44067
0.56071 0.43929
0.56071 0.43929
0.55933 0.44067
0.55877 0.44123
0.55527 0.44473
0.55892 0.44108
0.55137 0.44863
0.55137 0.44863
0.55093 0.44907
0.55112 0.44888
0.55234 0.44766
0.55234 0.44766
0.54759 0.45241
0.56767 0.43233
0.56762 0.43238
0.57353 0.42647
0.57353 0.42647
0.57149 0.42851
0.57328 0.42672
0.57328 0.42672
0.57110 0.42890
0.57353 0.42647
0.57353 0.42647
0.57149 0.42851
0.55901 0.44099
0.55975 0.44025
0.56791 0.43209
0.56777 0.43223
0.56377 0.43623
0.57179 0.42821
0.57118 0.42882
0.57118 0.42882
0.58147 0.41853
0.57882 0.42118
0.57507 0.42493
0.57720 0.42280
0.57716 0.42284
0.57931 0.42069
0.57518 0.42482
0.57733 0.42267
0.57523 0.42477
0.57735 0.42265
0.56357 0.43643
0.56656 0.43344
0.56210 0.43790
0.56224 0.43776
0.58013 0.41987
0.57774 0.42226
0.57815 0.42185
0.58029 0.41971
0.58095 0.41905
0.56957 0.43043
0.57143 0.42857
0.56168 0.43832
0.56168 0.43832
0.58280 0.41720
0.58163 0.41837
0.57986 0.42014
0.56641 0.43359
0.56856 0.43144
0.57388 0.42612
0.57135 0.42865
0.56050 0.43950
0.55998 0.44002
0.57085 0.42915
0.56270 0.43730
0.56017 0.43983
0.56078 0.43922
0.57180 0.42820
0.56686 0.43314
0.57112 0.42888
0.56846 0.43154
0.55444 0.44556
0.57364 0.42636
0.55516 0.44484
0.56371 0.43629
0.56013 0.43987
0.57075 0.42925
0.57188 0.42812
0.56518 0.43482
0.56834 0.43166
0.58009 0.41991
0.56334 0.43666
0.56141 0.43859
0.55816 0.44184
0.55979 0.44021
0.55653 0.44347
0.56325 0.43675
0.56009 0.43991
0.55979 0.44021
0.55653 0.44347
0.56984 0.43016
0.56825 0.43175
0.56984 0.43016
0.56825 0.43175
0.57233 0.42767
0.56584 0.43416
0.56515 0.43485
0.56659 0.43341
0.56636 0.43364
0.56659 0.43341
0.56275 0.43725
0.56179 0.43821
0.57174 0.42826
0.57103 0.42897
0.57174 0.42826
0.57103 0.42897
0.57174 0.42826
0.57103 0.42897
0.56752 0.43248
0.56560 0.43440
0.56221 0.43779
0.56221 0.43779
0.57411 0.42589
0.57730 0.42270
0.57751 0.42249
0.57288 0.42712
0.57230 0.42770
0.57470 0.42530
0.57029 0.42971
0.57247 0.42753
0.55588 0.44412
0.55785 0.44215
0.55311 0.44689
0.55359 0.44641
0.55108 0.44892
0.55337 0.44663
0.55924 0.44076
0.55924 0.44076
0.56477 0.43523
0.57360 0.42640
0.57645 0.42355
0.58351 0.41649
0.58172 0.41828
0.58261 0.41739
0.58107 0.41893
0.57893 0.42107
0.58014 0.41986
0.56629 0.43371
0.56630 0.43370
0.56777 0.43223
0.57094 0.42906
0.56908 0.43092
0.58091 0.41909
0.58093 0.41907
0.56556 0.43444
0.56801 0.43199
0.56425 0.43575
0.56968 0.43032
0.56984 0.43016
0.56700 0.43300
0.56510 0.43490
0.57466 0.42534
0.55148 0.44852
0.56674 0.43326
0.56898 0.43102
0.55556 0.44444
0.57094 0.42906
0.57383 0.42617
0.56570 0.43430
0.56882 0.43118
0.56882 0.43118
0.56870 0.43130
0.56870 0.43130
0.56969 0.43031
0.56969 0.43031
0.56870 0.43130
0.56870 0.43130
0.56877 0.43123
0.56815 0.43185
0.54568 0.45432
0.56651 0.43349
0.56542 0.43458
0.57969 0.42031
0.57675 0.42325
0.57671 0.42329
0.55108 0.44892
0.55108 0.44892
0.55182 0.44818
0.55182 0.44818
0.55266 0.44734
0.55266 0.44734
0.55182 0.44818
0.55182 0.44818
0.55266 0.44734
0.55233 0.44767
0.56396 0.43604
0.56487 0.43513
0.56487 0.43513
0.56677 0.43323
0.56566 0.43434
0.55616 0.44384
0.55853 0.44147
0.55596 0.44404
0.56570 0.43430
0.56570 0.43430
0.56069 0.43931
0.55806 0.44194
0.55168 0.44832
0.57179 0.42821
0.56582 0.43418
0.57021 0.42979
0.56916 0.43084
0.56896 0.43104
0.56047 0.43953
0.56278 0.43722
0.56724 0.43276
0.56649 0.43351
0.56436 0.43564
0.56273 0.43727
0.56635 0.43365
0.55864 0.44136
0.56894 0.43106
0.56577 0.43423
0.56577 0.43423
0.56339 0.43661
0.56339 0.43661
0.55744 0.44256
0.55744 0.44256
0.55952 0.44048
0.55952 0.44048
0.55555 0.44445
0.55758 0.44242
0.56434 0.43566
0.56088 0.43912
0.56314 0.43686
0.56175 0.43825
0.55741 0.44259
0.57219 0.42781
0.54939 0.45061
0.57573 0.42427
0.57458 0.42542
0.57458 0.42542
0.56352 0.43648
0.56201 0.43799
0.56353 0.43647
0.56188 0.43812
0.56645 0.43355
0.57416 0.42584
0.57348 0.42652
0.56725 0.43275
0.58441 0.41559
0.57937 0.42063
0.57583 0.42417
0.57901 0.42099
0.57560 0.42440
0.57699 0.42301
0.57342 0.42658
0.57901 0.42099
0.57560 0.42440
0.58470 0.41530
0.58470 0.41530
0.58137 0.41863
0.57952 0.42048
0.56389 0.43611
0.56752 0.43248
0.56957 0.43043
0.56507 0.43493
0.56586 0.43414
0.56318 0.43682
0.56657 0.43343
0.56387 0.43613
0.54052 0.45948
0.54739 0.45261
0.55745 0.44255
0.55592 0.44408
0.56463 0.43537
0.57124 0.42876
0.55978 0.44022
0.57888 0.42112
0.58375 0.41625
0.56430 0.43570
0.56840 0.43160
0.57095 0.42905
0.56155 0.43845
0.57036 0.42964
0.55862 0.44138
0.56785 0.43215
0.56422 0.43578
0.56439 0.43561
0.56370 0.43630
0.56440 0.43560
0.56371 0.43629
0.57275 0.42725
0.57193 0.42807
0.57318 0.42682
0.57236 0.42764
0.57353 0.42647
0.57271 0.42729
0.55488 0.44512
0.55431 0.44569
0.55651 0.44349
0.56051 0.43949
0.55192 0.44808
0.55801 0.44199
0.56319 0.43681
0.55983 0.44017
0.55735 0.44265
0.56131 0.43869
0.56100 0.43900
0.56131 0.43869
0.55930 0.44070
0.55930 0.44070
0.55904 0.44096
0.55357 0.44643
0.55692 0.44308
0.55513 0.44487
0.57048 0.42952
0.56530 0.43470
0.57501 0.42499
0.57995 0.42005
0.57055 0.42945
0.57435 0.42565
0.57819 0.42181
0.58213 0.41787
0.57434 0.42566
0.57829 0.42171
0.57055 0.42945
0.57435 0.42565
0.55392 0.44608
0.56726 0.43274
0.55513 0.44487
0.59196 0.40804
0.59536 0.40464
0.59410 0.40590
0.58813 0.41187
0.57684 0.42316
0.57796 0.42204
0.57692 0.42308
0.57197 0.42803
0.56458 0.43542
0.57253 0.42747
0.57386 0.42614
0.56945 0.43055
0.54669 0.45331
0.55884 0.44116
0.55710 0.44290
0.56951 0.43049
0.57302 0.42698
0.57387 0.42613
0.55809 0.44191
0.55743 0.44257
0.55154 0.44846
0.55396 0.44604
0.55637 0.44363
0.56231 0.43769
0.57453 0.42547
0.55169 0.44831
0.56570 0.43430
0.56326 0.43674
0.56071 0.43929
0.56032 0.43968
0.56131 0.43869
0.55912 0.44088
0.55974 0.44026
0.56554 0.43446
0.56469 0.43531
0.56554 0.43446
0.56858 0.43142
0.56675 0.43325
0.57276 0.42724
0.56519 0.43481
0.56057 0.43943
0.56820 0.43180
0.56402 0.43598
0.57004 0.42996
0.56741 0.43259
0.55736 0.44264
0.55921 0.44079
0.57523 0.42477
0.56116 0.43884
0.56357 0.43643
0.56768 0.43232
0.56879 0.43121
0.56455 0.43545
0.56985 0.43015
0.57024 0.42976
0.56985 0.43015
0.56392 0.43608
0.56921 0.43079
0.55168 0.44832
0.56648 0.43352
0.56385 0.43615
0.56698 0.43302
0.56350 0.43650
0.56849 0.43151
0.56534 0.43466
0.57848 0.42152
0.55258 0.44742
0.55276 0.44724
0.55744 0.44256
0.55578 0.44422
0.55622 0.44378
0.55460 0.44540
0.55552 0.44448
0.55152 0.44848
0.55943 0.44057
0.56295 0.43705
0.55866 0.44134
0.56318 0.43682
0.56303 0.43697
0.56434 0.43566
0.56173 0.43827
0.56287 0.43713
0.55496 0.44504
0.55354 0.44646
0.57423 0.42577
0.57308 0.42692
0.57556 0.42444
0.57440 0.42560
0.57319 0.42681
0.57552 0.42448
0.57439 0.42561
0.57338 0.42662
0.57586 0.42414
0.57231 0.42769
0.57118 0.42882
0.57385 0.42615
0.56452 0.43548
0.56696 0.43304
0.56612 0.43388
0.56651 0.43349
0.56880 0.43120
0.56805 0.43195
0.56130 0.43870
0.56360 0.43640
0.56256 0.43744
0.56295 0.43705
0.56513 0.43487
0.56425 0.43575
0.56304 0.43696
0.56513 0.43487
0.56437 0.43563
0.57876 0.42124
0.58047 0.41953
0.57550 0.42450
0.56912 0.43088
0.57070 0.42930
0.56642 0.43358
0.56467 0.43533
0.56554 0.43446
0.56666 0.43334
0.57270 0.42730
0.56652 0.43348
0.57255 0.42745
0.55891 0.44109
0.56812 0.43188
0.56710 0.43290
0.56839 0.43161
0.56732 0.43268
0.56082 0.43918
0.56179 0.43821
0.56449 0.43551
0.56453 0.43547
0.56537 0.43463
0.56476 0.43524
0.56402 0.43598
0.56349 0.43651
0.56353 0.43647
0.56434 0.43566
0.56375 0.43625
0.56314 0.43686
0.56449 0.43551
0.56453 0.43547
0.56537 0.43463
0.56476 0.43524
0.56402 0.43598
0.56662 0.43338
0.56392 0.43608
0.56736 0.43264
0.56528 0.43472
0.56293 0.43707
0.56632 0.43368
0.56662 0.43338
0.56392 0.43608
0.56736 0.43264
0.56577 0.43423
0.56293 0.43707
0.56632 0.43368
0.56795 0.43205
0.56967 0.43033
0.56974 0.43026
0.56889 0.43111
0.56755 0.43245
0.56665 0.43335
0.56617 0.43383
0.57021 0.42979
0.56709 0.43291
0.57023 0.42977
0.56702 0.43298
0.55611 0.44389
0.55478 0.44522
0.55694 0.44306
0.55481 0.44519
0.56881 0.43119
0.56624 0.43376
0.56613 0.43387
0.56359 0.43641
0.56363 0.43637
0.57061 0.42939
0.58148 0.41852
0.57837 0.42163
0.57611 0.42389
0.57068 0.42932
0.56718 0.43282
0.56100 0.43900
0.55650 0.44350
0.55520 0.44480
0.55728 0.44272
0.58136 0.41864
0.58301 0.41700
0.58148 0.41852
0.58296 0.41704
0.58057 0.41943
0.58222 0.41778
0.56881 0.43119
0.57020 0.42980
0.56881 0.43119
0.57020 0.42980
0.56814 0.43186
0.56953 0.43047
0.58296 0.41705
0.58296 0.41705
0.56817 0.43183
0.56817 0.43183
0.56753 0.43247
0.56753 0.43247
0.55357 0.44643
0.55523 0.44477
0.55278 0.44722
0.55447 0.44553
0.56361 0.43639
0.56443 0.43557
0.56797 0.43203
0.57056 0.42944
0.56049 0.43951
0.55767 0.44233
0.55657 0.44343
0.56508 0.43492
0.55973 0.44027
0.55973 0.44027
0.56851 0.43149
0.56851 0.43149
0.56409 0.43591
0.56409 0.43591
0.56489 0.43511
0.56489 0.43511
0.56780 0.43220
0.56780 0.43220
0.56406 0.43594
0.55908 0.44092
0.56170 0.43830
0.55374 0.44626
0.56329 0.43671
0.56117 0.43883
0.56315 0.43685
0.56051 0.43949
0.56133 0.43867
0.55930 0.44070
0.56051 0.43949
0.57066 0.42934
0.56831 0.43169
0.57051 0.42949
0.56386 0.43614
0.57295 0.42705
0.55394 0.44606
0.56247 0.43753
0.56181 0.43819
0.56698 0.43302
0.57545 0.42455
0.57563 0.42437
0.57545 0.42455
0.57742 0.42258
0.57563 0.42437
0.55361 0.44639
0.57457 0.42543
0.57328 0.42672
0.56593 0.43407
0.56425 0.43575
0.56735 0.43265
0.56541 0.43459
0.55872 0.44128
0.55935 0.44065
0.55978 0.44022
0.55647 0.44353
0.55997 0.44003
0.56646 0.43354
0.56393 0.43607
0.57711 0.42289
0.57586 0.42414
0.57508 0.42492
0.57674 0.42326
0.57333 0.42667
0.56185 0.43815
0.54673 0.45327
0.55654 0.44346
0.56403 0.43597
0.56187 0.43813
0.55530 0.44470
0.56187 0.43813
0.55530 0.44470
0.56274 0.43726
0.55607 0.44393
0.57279 0.42721
0.56965 0.43035
0.57540 0.42460
0.56816 0.43184
0.56307 0.43693
0.56788 0.43212
0.55926 0.44074
0.56544 0.43456
0.57960 0.42040
0.57265 0.42735
0.58658 0.41342
0.58779 0.41221
0.58015 0.41985
0.57732 0.42268
0.57690 0.42310
0.57339 0.42661
0.58431 0.41569
0.58105 0.41895
0.56323 0.43677
0.56980 0.43020
0.54418 0.45582
0.56282 0.43718
0.55780 0.44220
0.55689 0.44311
0.55790 0.44210
0.55699 0.44301
0.55501 0.44499
0.55714 0.44286
0.58374 0.41626
0.56619 0.43381
0.56619 0.43381
0.56727 0.43273
0.56727 0.43273
0.56504 0.43496
0.56393 0.43607
0.56428 0.43572
0.56494 0.43506
0.56428 0.43572
0.56494 0.43506
0.56929 0.43071
0.56986 0.43014
0.56206 0.43794
0.56120 0.43880
0.56244 0.43756
0.56170 0.43830
0.56003 0.43997
0.56066 0.43934
0.56049 0.43951
0.56124 0.43876
0.56212 0.43788
0.55934 0.44066
0.57626 0.42374
0.58042 0.41958
0.57317 0.42683
0.57723 0.42277
0.58374 0.41626
0.58284 0.41716
0.58267 0.41733
0.58180 0.41820
0.58555 0.41445
0.58508 0.41492
0.58443 0.41557
0.58424 0.41576
0.58283 0.41717
0.58728 0.41272
0.55887 0.44113
0.56027 0.43973
0.55747 0.44253
0.55889 0.44111
0.55249 0.44751
0.55759 0.44241
0.57242 0.42758
0.56343 0.43657
0.56142 0.43858
0.57242 0.42758
0.57214 0.42786
0.57242 0.42758
0.56343 0.43657
0.56142 0.43858
0.57242 0.42758
0.57214 0.42786
0.56372 0.43628
0.56339 0.43661
0.56372 0.43628
0.56856 0.43144
0.56800 0.43200
0.56168 0.43832
0.57544 0.42456
0.55079 0.44921
0.56124 0.43876
0.55944 0.44056
0.55953 0.44047
0.57455 0.42545
0.57148 0.42852
0.56749 0.43251
0.56422 0.43578
0.57165 0.42835
0.56877 0.43123
0.56193 0.43807
0.55905 0.44095
0.56648 0.43352
0.56381 0.43619
0.56825 0.43175
0.56548 0.43452
0.56901 0.43099
0.56611 0.43389
0.56756 0.43244
0.56553 0.43447
0.56058 0.43942
0.56726 0.43274
0.56806 0.43194
0.56553 0.43447
0.55854 0.44146
0.55240 0.44760
0.55706 0.44294
0.55972 0.44028
0.55747 0.44253
0.56323 0.43677
0.55631 0.44369
0.56784 0.43216
0.56105 0.43895
0.56320 0.43680
0.55625 0.44375
0.56311 0.43689
0.55617 0.44383
0.57051 0.42949
0.55919 0.44081
0.55971 0.44029
0.57328 0.42672
0.57041 0.42959
0.56505 0.43495
0.56452 0.43548
0.56800 0.43200
0.56352 0.43648
0.56184 0.43816
0.57400 0.42600
0.56417 0.43583
0.56582 0.43418
0.56358 0.43642
0.57094 0.42906
0.57215 0.42785
0.55194 0.44806
0.55386 0.44614
0.55769 0.44231
0.56328 0.43672
0.56223 0.43777
0.57069 0.42931
0.57186 0.42814
0.56134 0.43866
0.55963 0.44037
0.55610 0.44390
0.55365 0.44635
0.55785 0.44215
0.55718 0.44282
0.56069 0.43931
0.56575 0.43425
0.56316 0.43684
0.56345 0.43655
0.56267 0.43733
0.56341 0.43659
0.56291 0.43709
0.56345 0.43655
0.57466 0.42534
0.56602 0.43398
0.56602 0.43398
0.56602 0.43398
0.56602 0.43398
0.56695 0.43305
0.56584 0.43416
0.56498 0.43502
0.56669 0.43331
0.56559 0.43441
0.56748 0.43252
0.56453 0.43547
0.56453 0.43547
0.56420 0.43580
0.56518 0.43482
0.56044 0.43956
0.56039 0.43961
0.55941 0.44059
0.55972 0.44028
0.56039 0.43961
0.55941 0.44059
0.56580 0.43420
0.56630 0.43370
0.56523 0.43477
0.56636 0.43364
0.55311 0.44689
0.55679 0.44321
0.55700 0.44300
0.55931 0.44069
0.57689 0.42311
0.57941 0.42059
0.55812 0.44188
0.56009 0.43991
0.56039 0.43961
0.55974 0.44026
0.55679 0.44321
0.56616 0.43384
0.57079 0.42921
0.57079 0.42921
0.57117 0.42883
0.57117 0.42883
0.57036 0.42964
0.57036 0.42964
0.56769 0.43231
0.56769 0.43231
0.57036 0.42964
0.57036 0.42964
0.56961 0.43039
0.58726 0.41274
0.58600 0.41400
0.58503 0.41497
0.58552 0.41448
0.58478 0.41522
0.56508 0.43492
0.56560 0.43440
0.56486 0.43514
0.56521 0.43479
0.58063 0.41937
0.57784 0.42216
0.58281 0.41719
0.56668 0.43332
0.57064 0.42936
0.56886 0.43114
0.56886 0.43114
0.57141 0.42859
0.56703 0.43297
0.55413 0.44587
0.55496 0.44504
0.55191 0.44809
0.55890 0.44110
0.55890 0.44110
0.57513 0.42487
0.57188 0.42812
0.57147 0.42853
0.57245 0.42755
0.56627 0.43373
0.56547 0.43453
0.56367 0.43633
0.56322 0.43678
0.56395 0.43605
0.55999 0.44001
0.55952 0.44048
0.56209 0.43791
0.56200 0.43800
0.56213 0.43787
0.56204 0.43796
0.56484 0.43516
0.57237 0.42763
0.55600 0.44400
0.55576 0.44424
0.55981 0.44019
0.56775 0.43225
0.55874 0.44126
0.56502 0.43498
0.56709 0.43291
0.56801 0.43199
0.56580 0.43420
0.56501 0.43499
0.56037 0.43963
0.55970 0.44030
0.57155 0.42845
0.57155 0.42845
0.57323 0.42677
0.57323 0.42677
0.57314 0.42686
0.57314 0.42686
0.56904 0.43096
0.56904 0.43096
0.57155 0.42845
0.57155 0.42845
0.56541 0.43459
0.57202 0.42798
0.54780 0.45220
0.55168 0.44832
0.56158 0.43842
0.56148 0.43852
0.56384 0.43616
0.56377 0.43623
0.56153 0.43847
0.55845 0.44155
0.55660 0.44340
0.55956 0.44044
0.58258 0.41742
0.56020 0.43980
0.57308 0.42692
0.56915 0.43085
0.56984 0.43016
0.55286 0.44714
0.56069 0.43931
0.57146 0.42854
0.57146 0.42854
0.56359 0.43641
0.56688 0.43312
0.56688 0.43312
0.56688 0.43312
0.56688 0.43312
0.56688 0.43312
0.56688 0.43312
0.55715 0.44285
0.56129 0.43871
0.57426 0.42574
0.57819 0.42181
0.58135 0.41865
0.57945 0.42055
0.58259 0.41741
0.55665 0.44335
0.55955 0.44045
0.56566 0.43434
0.55862 0.44138
0.55815 0.44185
0.55815 0.44185
0.55497 0.44503
0.56026 0.43974
0.58454 0.41546
0.57269 0.42731
0.57116 0.42884
0.56760 0.43240
0.56118 0.43882
0.55824 0.44176
0.56125 0.43875
0.55832 0.44168
0.56225 0.43775
0.56030 0.43970
0.55962 0.44038
0.57497 0.42503
0.57105 0.42895
0.57497 0.42503
0.57105 0.42895
0.56319 0.43681
0.56242 0.43758
0.55798 0.44202
0.56221 0.43779
0.56239 0.43761
0.56319 0.43681
0.56333 0.43667
0.56319 0.43681
0.56242 0.43758
0.55798 0.44202
0.56221 0.43779
0.56239 0.43761
0.56319 0.43681
0.56333 0.43667
0.56319 0.43681
0.56242 0.43758
0.55798 0.44202
0.56221 0.43779
0.56239 0.43761
0.56319 0.43681
0.56333 0.43667
0.55743 0.44257
0.56745 0.43255
0.56730 0.43270
0.56295 0.43705
0.55365 0.44635
0.56037 0.43963
0.56395 0.43605
0.54586 0.45414
0.57079 0.42921
0.57216 0.42784
0.57083 0.42917
0.56321 0.43679
0.57390 0.42610
0.57210 0.42790
0.56763 0.43237
0.56827 0.43173
0.56969 0.43031
0.56008 0.43992
0.55821 0.44179
0.55388 0.44612
0.55958 0.44042
0.56388 0.43612
0.56748 0.43252
0.56033 0.43967
0.56092 0.43908
0.56230 0.43770
0.56220 0.43780
0.56031 0.43969
0.56031 0.43969
0.56932 0.43068
0.56932 0.43068
0.55576 0.44424
0.56195 0.43805
0.56398 0.43602
0.56366 0.43634
0.56000 0.44000
0.57593 0.42407
0.57623 0.42377
0.57231 0.42769
0.57266 0.42734
0.57525 0.42475
0.57488 0.42512
0.57971 0.42029
0.57940 0.42060
0.57868 0.42132
0.57838 0.42162
0.56974 0.43026
0.56386 0.43614
0.56735 0.43265
0.56771 0.43229
0.56568 0.43432
0.56595 0.43405
0.56210 0.43790
0.56224 0.43776
0.56257 0.43743
0.55876 0.44124
0.56139 0.43861
0.56189 0.43811
0.56405 0.43595
0.55937 0.44063
0.56392 0.43608
0.56657 0.43343
0.56561 0.43439
0.56267 0.43733
0.56382 0.43618
0.56467 0.43533
0.56333 0.43667
0.56434 0.43566
0.56445 0.43555
0.56659 0.43341
0.56796 0.43204
0.56253 0.43747
0.56555 0.43445
0.56369 0.43631
0.56220 0.43780
0.56445 0.43555
0.56113 0.43887
0.56243 0.43757
0.55948 0.44052
0.56181 0.43819
0.57179 0.42821
0.57071 0.42929
0.56976 0.43024
0.56868 0.43132
0.57179 0.42821
0.57071 0.42929
0.56976 0.43024
0.56868 0.43132
0.56465 0.43535
0.56368 0.43632
0.56290 0.43710
0.56193 0.43807
0.56290 0.43710
0.56193 0.43807
0.56286 0.43714
0.56204 0.43796
0.56347 0.43653
0.56266 0.43734
0.56465 0.43535
0.56368 0.43632
0.55616 0.44384
0.55531 0.44469
0.55383 0.44617
0.55731 0.44269
0.56963 0.43037
0.56963 0.43037
0.57161 0.42839
0.57161 0.42839
0.57161 0.42839
0.57161 0.42839
0.56165 0.43835
0.56156 0.43844
0.56000 0.44000
0.56371 0.43629
0.55217 0.44783
0.56509 0.43491
0.56206 0.43794
0.57128 0.42872
0.57186 0.42814
0.55745 0.44255
0.55960 0.44040
0.55485 0.44515
0.55485 0.44515
0.57236 0.42764
0.55760 0.44240
0.54942 0.45058
0.54942 0.45058
0.54913 0.45087
0.54913 0.45087
0.56172 0.43828
0.56172 0.43828
0.56096 0.43904
0.56096 0.43904
0.55740 0.44260
0.55740 0.44260
0.55702 0.44298
0.55702 0.44298
0.56172 0.43828
0.56172 0.43828
0.55898 0.44102
0.57432 0.42568
0.57223 0.42777
0.57100 0.42900
0.55696 0.44304
0.57264 0.42736
0.56182 0.43818
0.56240 0.43760
0.55892 0.44108
0.56976 0.43024
0.55613 0.44387
0.55605 0.44395
0.56624 0.43376
0.55789 0.44211
0.55950 0.44050
0.55801 0.44199
0.57048 0.42952
0.56575 0.43425
0.56498 0.43502
0.56393 0.43607
0.56307 0.43693
0.56889 0.43111
0.56771 0.43229
0.56996 0.43004
0.57941 0.42059
0.57941 0.42059
0.57941 0.42059
0.57941 0.42059
0.56696 0.43304
0.56605 0.43395
0.56696 0.43304
0.56605 0.43395
0.56110 0.43890
0.56223 0.43777
0.56726 0.43274
0.55483 0.44517
0.57583 0.42417
0.57494 0.42506
0.56978 0.43022
0.57473 0.42527
0.57490 0.42510
0.57583 0.42417
0.57599 0.42401
0.57111 0.42889
0.56797 0.43203
0.56416 0.43584
0.57583 0.42417
0.57494 0.42506
0.56978 0.43022
0.57473 0.42527
0.57490 0.42510
0.57583 0.42417
0.57599 0.42401
0.57111 0.42889
0.56797 0.43203
0.56416 0.43584
0.57583 0.42417
0.57494 0.42506
0.56978 0.43022
0.57473 0.42527
0.57490 0.42510
0.57583 0.42417
0.57599 0.42401
0.57111 0.42889
0.56797 0.43203
0.56416 0.43584
0.56728 0.43272
0.56650 0.43350
0.55803 0.44197
0.56368 0.43632
0.56407 0.43593
0.57622 0.42378
0.55661 0.44339
0.57085 0.42915
0.56874 0.43126
0.57009 0.42991
0.57085 0.42915
0.56874 0.43126
0.57085 0.42915
0.56874 0.43126
0.57009 0.42991
0.57085 0.42915
0.56874 0.43126
0.56880 0.43120
0.56880 0.43120
0.57213 0.42787
0.56880 0.43120
0.56880 0.43120
0.56880 0.43120
0.57213 0.42787
0.56880 0.43120
0.57157 0.42843
0.57157 0.42843
0.56744 0.43256
0.56948 0.43052
0.56744 0.43256
0.57116 0.42884
0.58254 0.41746
0.57592 0.42408
0.57441 0.42559
0.57266 0.42734
0.57637 0.42363
0.57199 0.42801
0.57719 0.42281
0.57727 0.42273
0.56111 0.43889
0.55560 0.44440
0.54671 0.45329
0.55508 0.44492
0.55546 0.44454
0.55885 0.44115
0.55952 0.44048
0.55870 0.44130
0.55387 0.44613
0.55354 0.44646
0.57180 0.42820
0.57072 0.42928
0.56963 0.43037
0.56855 0.43145
0.56855 0.43145
0.57836 0.42164
0.57836 0.42164
0.57724 0.42276
0.57724 0.42276
0.57676 0.42324
0.57676 0.42324
0.57305 0.42695
0.57228 0.42772
0.55384 0.44616
0.57060 0.42940
0.55283 0.44717
0.56845 0.43155
0.55121 0.44879
0.55987 0.44013
0.55931 0.44069
0.54926 0.45074
0.54885 0.45115
0.55584 0.44416
0.56026 0.43974
0.55983 0.44017
0.54950 0.45050
0.54909 0.45091
0.55634 0.44366
0.56127 0.43873
0.55111 0.44889
0.55973 0.44027
0.54975 0.45025
0.56171 0.43829
0.55140 0.44860
0.56611 0.43389
0.56206 0.43794
0.55458 0.44542
0.57472 0.42528
0.57340 0.42660
0.57115 0.42885
0.57481 0.42519
0.57867 0.42133
0.57763 0.42237
0.57144 0.42856
0.56109 0.43891
0.56387 0.43613
0.56690 0.43310
0.55599 0.44401
0.55268 0.44732
0.55842 0.44158
0.55766 0.44234
0.55919 0.44081
0.55683 0.44317
0.57148 0.42852
0.56541 0.43459
0.58277 0.41723
0.55670 0.44330
0.56010 0.43990
0.55544 0.44456
0.56719 0.43281
0.56903 0.43097
0.56172 0.43828
0.57338 0.42662
0.57285 0.42715
0.57295 0.42705
0.57724 0.42276
0.57269 0.42731
0.57826 0.42174
0.56288 0.43712
0.56238 0.43762
0.56200 0.43800
0.57723 0.42277
0.57663 0.42337
0.57616 0.42384
0.55610 0.44390
0.55910 0.44090
0.56076 0.43924
0.55632 0.44368
0.56878 0.43122
0.56559 0.43441
0.56426 0.43574
0.56028 0.43972
0.56999 0.43001
0.55649 0.44351
0.55656 0.44344
0.57486 0.42514
0.57524 0.42476
0.57165 0.42835
0.56810 0.43190
0.56792 0.43208
0.57445 0.42555
0.56855 0.43145
0.56766 0.43234
0.56655 0.43345
0.56855 0.43145
0.56766 0.43234
0.56655 0.43345
0.56468 0.43532
0.55916 0.44084
0.56365 0.43635
0.56365 0.43635
0.54640 0.45360
0.56776 0.43224
0.56714 0.43286
0.56661 0.43339
0.56428 0.43572
0.56301 0.43699
0.56239 0.43761
0.56109 0.43891
0.55667 0.44333
0.55689 0.44311
0.55517 0.44483
0.56047 0.43953
0.56060 0.43940
0.56630 0.43370
0.55639 0.44361
0.57033 0.42967
0.56458 0.43542
0.56926 0.43074
0.57025 0.42975
0.56169 0.43831
0.55691 0.44309
0.56452 0.43548
0.56140 0.43860
0.55323 0.44677
0.56172 0.43828
0.56261 0.43739
0.56407 0.43593
0.56073 0.43927
0.56667 0.43333
0.56862 0.43138
0.56509 0.43491
0.56424 0.43576
0.56424 0.43576
0.56459 0.43541
0.56459 0.43541
0.56459 0.43541
0.56459 0.43541
0.56289 0.43711
0.56289 0.43711
0.56543 0.43457
0.56543 0.43457
0.55845 0.44155
0.55812 0.44188
0.56253 0.43747
0.56116 0.43884
0.56039 0.43961
0.55684 0.44316
0.55169 0.44831
0.56169 0.43831
0.56023 0.43977
0.56960 0.43040
0.57038 0.42962
0.58102 0.41898
0.58193 0.41807
0.56891 0.43109
0.56799 0.43201
0.56968 0.43032
0.56874 0.43126
0.56968 0.43032
0.56874 0.43126
0.57040 0.42960
0.57122 0.42878
0.57655 0.42345
0.57397 0.42603
0.57514 0.42486
0.57281 0.42719
0.57137 0.42863
0.55403 0.44597
0.55303 0.44697
0.55516 0.44484
0.56494 0.43506
0.56494 0.43506
0.57720 0.42280
0.57540 0.42460
0.56176 0.43824
0.57494 0.42506
0.57484 0.42516
0.57351 0.42649
0.56157 0.43843
0.56203 0.43797
0.56203 0.43797
0.56203 0.43797
0.55480 0.44520
0.55436 0.44564
0.56828 0.43172
0.56710 0.43290
0.56662 0.43338
0.56284 0.43716
0.56193 0.43807
0.56603 0.43397
0.56493 0.43507
0.56504 0.43496
0.56318 0.43682
0.56771 0.43229
0.56845 0.43155
0.56795 0.43205
0.56815 0.43185
0.57083 0.42917
0.57160 0.42840
0.57110 0.42890
0.57150 0.42850
0.56943 0.43057
0.57071 0.42929
0.56991 0.43009
0.57010 0.42990
0.55489 0.44511
0.55290 0.44710
0.55843 0.44157
0.55289 0.44711
0.55387 0.44613
0.55962 0.44038
0.56352 0.43648
0.56081 0.43919
0.56352 0.43648
0.56081 0.43919
0.56363 0.43637
0.55850 0.44150
0.56986 0.43014
0.56797 0.43203
0.56986 0.43014
0.56798 0.43202
0.56986 0.43014
0.56797 0.43203
0.56986 0.43014
0.56798 0.43202
0.56096 0.43904
0.55943 0.44057
0.55742 0.44258
0.55603 0.44397
0.55193 0.44807
0.55063 0.44937
0.55910 0.44090
0.58452 0.41548
0.55842 0.44158
0.55760 0.44240
0.55694 0.44306
0.56715 0.43285
0.56314 0.43686
0.56526 0.43474
0.56982 0.43018
0.56956 0.43044
0.56744 0.43256
0.56839 0.43161
0.57083 0.42917
0.57193 0.42807
0.57353 0.42647
0.57676 0.42324
0.57757 0.42243
0.56062 0.43938
0.56366 0.43634
0.55671 0.44329
0.56023 0.43977
0.56009 0.43991
0.56415 0.43585
0.56203 0.43797
0.56052 0.43948
0.57375 0.42625
0.57781 0.42219
0.57375 0.42625
0.57781 0.42219
0.56376 0.43624
0.56794 0.43206
0.57015 0.42985
0.57015 0.42985
0.56009 0.43991
0.55445 0.44555
0.55421 0.44579
0.55152 0.44848
0.55478 0.44522
0.55763 0.44237
0.55459 0.44541
0.56148 0.43852
0.55808 0.44192
0.56070 0.43930
0.55533 0.44467
0.55955 0.44045
0.55679 0.44321
0.55304 0.44696
0.57352 0.42648
0.57389 0.42611
0.56142 0.43858
0.57137 0.42863
0.55924 0.44076
0.57686 0.42314
0.57164 0.42836
0.57686 0.42314
0.56361 0.43639
0.56257 0.43743
0.56588 0.43412
0.57856 0.42144
0.57669 0.42331
0.56249 0.43751
0.56213 0.43787
0.56380 0.43620
0.56146 0.43854
0.56116 0.43884
0.56290 0.43710
0.55286 0.44714
0.55286 0.44714
0.55504 0.44496
0.55504 0.44496
0.55393 0.44607
0.55393 0.44607
0.57347 0.42653
0.57054 0.42946
0.57198 0.42802
0.58255 0.41745
0.56483 0.43517
0.56483 0.43517
0.56349 0.43651
0.56349 0.43651
0.56218 0.43782
0.56218 0.43782
0.56238 0.43762
0.56238 0.43762
0.55989 0.44011
0.55989 0.44011
0.56112 0.43888
0.56112 0.43888
0.55989 0.44011
0.55989 0.44011
0.56238 0.43762
0.56238 0.43762
0.56112 0.43888
0.56112 0.43888
0.56504 0.43496
0.56505 0.43495
0.56401 0.43599
0.57196 0.42804
0.56938 0.43062
0.56255 0.43745
0.56490 0.43510
0.57229 0.42771
0.57073 0.42927
0.57076 0.42924
0.55720 0.44280
0.55139 0.44861
0.56958 0.43042
0.56861 0.43139
0.57181 0.42819
0.55649 0.44351
0.55569 0.44431
0.56598 0.43402
0.56689 0.43311
0.57220 0.42780
0.55817 0.44183
0.57189 0.42811
0.57305 0.42695
0.57305 0.42695
0.56251 0.43749
0.56187 0.43813
0.56978 0.43022
0.57174 0.42826
0.57026 0.42974
0.57231 0.42769
0.56978 0.43022
0.57174 0.42826
0.55725 0.44275
0.56545 0.43455
0.56475 0.43525
0.57022 0.42978
0.55836 0.44164
0.55260 0.44740
0.56642 0.43358
0.56214 0.43786
0.56395 0.43605
0.57502 0.42498
0.57030 0.42970
0.57098 0.42902
0.57251 0.42749
0.56406 0.43594
0.55197 0.44803
0.56202 0.43798
0.55856 0.44144
0.55463 0.44537
0.54435 0.45565
0.55159 0.44841
0.56135 0.43865
0.56130 0.43870
0.56808 0.43192
0.55948 0.44052
0.57362 0.42638
0.55799 0.44201
0.55583 0.44417
0.54910 0.45090
0.55372 0.44628
0.55972 0.44028
0.55001 0.44999
0.55001 0.44999
0.55661 0.44339
0.55550 0.44450
0.56234 0.43766
0.55661 0.44339
0.55550 0.44450
0.56234 0.43766
0.56340 0.43660
0.57485 0.42515
0.57215 0.42785
0.57210 0.42790
0.57311 0.42689
0.57119 0.42881
0.57239 0.42761
0.57187 0.42813
0.55788 0.44212
0.55627 0.44373
0.56135 0.43865
0.56416 0.43584
0.56702 0.43298
0.55667 0.44333
0.56738 0.43262
0.57416 0.42584
0.57273 0.42727
0.56886 0.43114
0.56281 0.43719
0.56177 0.43823
0.56330 0.43670
0.56230 0.43770
0.57392 0.42608
0.56553 0.43447
0.57348 0.42652
0.58237 0.41763
0.56124 0.43876
0.56670 0.43330
0.56309 0.43691
0.56252 0.43748
0.56125 0.43875
0.56692 0.43308
0.56884 0.43116
0.57361 0.42639
0.57664 0.42336
0.57557 0.42443
0.57250 0.42750
0.56744 0.43256
0.57112 0.42888
0.57112 0.42888
0.56474 0.43526
0.56474 0.43526
0.56474 0.43526
0.56474 0.43526
0.57199 0.42801
0.57274 0.42726
0.57067 0.42933
0.57443 0.42557
0.55610 0.44390
0.55589 0.44411
0.55247 0.44753
0.55245 0.44755
0.56641 0.43359
0.56745 0.43255
0.57200 0.42800
0.56098 0.43902
0.56148 0.43852
0.56262 0.43738
0.56253 0.43747
0.57429 0.42571
0.57463 0.42537
0.57725 0.42275
0.55806 0.44194
0.55346 0.44654
0.55505 0.44495
0.55652 0.44348
0.55812 0.44188
0.56168 0.43832
0.55531 0.44469
0.56246 0.43754
0.56555 0.43445
0.55700 0.44300
0.55076 0.44924
0.56178 0.43822
0.56065 0.43935
0.56178 0.43822
0.55563 0.44437
0.55420 0.44580
0.55824 0.44176
0.56039 0.43961
0.55623 0.44377
0.57185 0.42815
0.57605 0.42395
0.56681 0.43319
0.57694 0.42306
0.57118 0.42882
0.57642 0.42358
0.57065 0.42935
0.57608 0.42392
0.57058 0.42942
0.57552 0.42448
0.56977 0.43023
0.57608 0.42392
0.57058 0.42942
0.57544 0.42456
0.56993 0.43007
0.57432 0.42568
0.56857 0.43143
0.55427 0.44573
0.56748 0.43252
0.56748 0.43252
0.56748 0.43252
0.56748 0.43252
0.57132 0.42868
0.57081 0.42919
0.56846 0.43154
0.57008 0.42992
0.56872 0.43128
0.56902 0.43098
0.56909 0.43091
0.57108 0.42892
0.57205 0.42795
0.57185 0.42815
0.57057 0.42943
0.56904 0.43096
0.57378 0.42622
0.57141 0.42859
0.57205 0.42795
0.56133 0.43867
0.56908 0.43092
0.56063 0.43937
0.55882 0.44118
0.55839 0.44161
0.56303 0.43697
0.56303 0.43697
0.56395 0.43605
0.56345 0.43655
0.56423 0.43577
0.57131 0.42869
0.57544 0.42456
0.57377 0.42623
0.57599 0.42401
0.57434 0.42566
0.57658 0.42342
0.57493 0.42507
0.57398 0.42602
0.57356 0.42644
0.57398 0.42602
0.57356 0.42644
0.56046 0.43954
0.56034 0.43966
0.56058 0.43942
0.56045 0.43955
0.56208 0.43792
0.56196 0.43804
0.56098 0.43902
0.56086 0.43914
0.56143 0.43857
0.56131 0.43869
0.56201 0.43799
0.56189 0.43811
0.56098 0.43902
0.56086 0.43914
0.56201 0.43799
0.56189 0.43811
0.56143 0.43857
0.56131 0.43869
0.56201 0.43799
0.56189 0.43811
0.55322 0.44678
0.55398 0.44602
0.55446 0.44554
0.55312 0.44688
0.55401 0.44599
0.55351 0.44649
0.55401 0.44599
0.57440 0.42560
0.57495 0.42505
0.57499 0.42501
0.57564 0.42436
0.56347 0.43653
0.56393 0.43607
0.56213 0.43787
0.56171 0.43829
0.57261 0.42739
0.56887 0.43113
0.56887 0.43113
0.56994 0.43006
0.55747 0.44253
0.55667 0.44333
0.56466 0.43534
0.56534 0.43466
0.56181 0.43819
0.56107 0.43893
0.56015 0.43985
0.56517 0.43483
0.56419 0.43581
0.56605 0.43395
0.57174 0.42826
0.57666 0.42334
0.57557 0.42443
0.56734 0.43266
0.57430 0.42570
0.57319 0.42681
0.57430 0.42570
0.57319 0.42681
0.56629 0.43371
0.56434 0.43566
0.56570 0.43430
0.57011 0.42989
0.56799 0.43201
0.56948 0.43052
0.56534 0.43466
0.56676 0.43324
0.57329 0.42671
0.57485 0.42515
0.56195 0.43805
0.56010 0.43990
0.56141 0.43859
0.57032 0.42968
0.57698 0.42302
0.57747 0.42253
0.58052 0.41948
0.55465 0.44535
0.55745 0.44255
0.57184 0.42816
0.56697 0.43303
0.56980 0.43020
0.57019 0.42981
0.57149 0.42851
0.57233 0.42767
0.57416 0.42584
0.55798 0.44202
0.55865 0.44135
0.56017 0.43983
0.57063 0.42937
0.57144 0.42856
0.57144 0.42856
0.57409 0.42591
0.56749 0.43251
0.56135 0.43865
0.55170 0.44830
0.56858 0.43142
0.57189 0.42811
0.56763 0.43237
0.57110 0.42890
0.56194 0.43806
0.55744 0.44256
0.56010 0.43990
0.56493 0.43507
0.56525 0.43475
0.56987 0.43013
0.57021 0.42979
0.57017 0.42983
0.56987 0.43013
0.56554 0.43446
0.56784 0.43216
0.56839 0.43161
0.55797 0.44203
0.55777 0.44223
0.58435 0.41565
0.58260 0.41740
0.58421 0.41579
0.58279 0.41721
0.56669 0.43331
0.56752 0.43248
0.56700 0.43300
0.56783 0.43217
0.56669 0.43331
0.56752 0.43248
0.55801 0.44199
0.55795 0.44205
0.55966 0.44034
0.55959 0.44041
0.56115 0.43885
0.56115 0.43885
0.56130 0.43870
0.56130 0.43870
0.56130 0.43870
0.56130 0.43870
0.56582 0.43418
0.56809 0.43191
0.56612 0.43388
0.55205 0.44795
0.55748 0.44252
0.55045 0.44955
0.55587 0.44413
0.56251 0.43749
0.56251 0.43749
0.56251 0.43749
0.56251 0.43749
0.56974 0.43026
0.56974 0.43026
0.56788 0.43212
0.56788 0.43212
0.56974 0.43026
0.56974 0.43026
0.56307 0.43693
0.56346 0.43654
0.57257 0.42743
0.57289 0.42711
0.56955 0.43045
0.56816 0.43184
0.56612 0.43388
0.56617 0.43383
0.56928 0.43072
0.56913 0.43087
0.56871 0.43129
0.56881 0.43119
0.56311 0.43689
0.55636 0.44364
0.55816 0.44184
0.56166 0.43834
0.57428 0.42572
0.57124 0.42876
0.56188 0.43812
0.56045 0.43955
0.56016 0.43984
0.55856 0.44144
0.57840 0.42160
0.56506 0.43494
0.56639 0.43361
0.56499 0.43501
0.56631 0.43369
0.57252 0.42748
0.57472 0.42528
0.56199 0.43801
0.56696 0.43304
0.57024 0.42976
0.57024 0.42976
0.56886 0.43114
0.56679 0.43321
0.56658 0.43342
0.55648 0.44352
0.55409 0.44591
0.55675 0.44325
0.55551 0.44449
0.55522 0.44478
0.55699 0.44301
0.54667 0.45333
0.54172 0.45828
0.55908 0.44092
0.55227 0.44773
0.56735 0.43265
0.55510 0.44490
0.54406 0.45594
0.57081 0.42919
0.56240 0.43760
0.55724 0.44276
0.56640 0.43360
0.54930 0.45070
0.56673 0.43327
0.57157 0.42843
0.56462 0.43538
0.55981 0.44019
0.56587 0.43413
0.56605 0.43395
0.57434 0.42566
0.54832 0.45168
0.55302 0.44698
0.55349 0.44651
0.56412 0.43588
0.55486 0.44514
0.56864 0.43136
0.56904 0.43096
0.56986 0.43014
0.56550 0.43450
0.56666 0.43334
0.57082 0.42918
0.56967 0.43033
0.56967 0.43033
0.56522 0.43478
0.56439 0.43561
0.56221 0.43779
0.57057 0.42943
0.57049 0.42951
0.57147 0.42853
0.56889 0.43111
0.57656 0.42344
0.56732 0.43268
0.57873 0.42127
0.57652 0.42348
0.57045 0.42955
0.57489 0.42511
0.57656 0.42344
0.57444 0.42556
0.55971 0.44029
0.55991 0.44009
0.56846 0.43154
0.56849 0.43151
0.56359 0.43641
0.56361 0.43639
0.56011 0.43989
0.56508 0.43492
0.55630 0.44370
0.55630 0.44370
0.57668 0.42332
0.57668 0.42332
0.57841 0.42159
0.56468 0.43532
0.57289 0.42711
0.56896 0.43104
0.56216 0.43784
0.55865 0.44135
0.57554 0.42446
0.55814 0.44186
0.55780 0.44220
0.55650 0.44350
0.56838 0.43162
0.56878 0.43122
0.56772 0.43228
0.56440 0.43560
0.56271 0.43729
0.56508 0.43492
0.56320 0.43680
0.56508 0.43492
0.56320 0.43680
0.57635 0.42365
0.57193 0.42807
0.56125 0.43875
0.56187 0.43813
0.57010 0.42990
0.57073 0.42927
0.57010 0.42990
0.57073 0.42927
0.57025 0.42975
0.58072 0.41928
0.58121 0.41879
0.56334 0.43666
0.57059 0.42941
0.56655 0.43345
0.57382 0.42618
0.57556 0.42444
0.57752 0.42248
0.56995 0.43005
0.56857 0.43143
0.57327 0.42673
0.57399 0.42601
0.56289 0.43711
0.56705 0.43295
0.57021 0.42979
0.57071 0.42929
0.56047 0.43953
0.56091 0.43909
0.55784 0.44216
0.55615 0.44385
0.55609 0.44391
0.55827 0.44173
0.55658 0.44342
0.55652 0.44348
0.56926 0.43074
0.56865 0.43135
0.56364 0.43636
0.56412 0.43588
0.56364 0.43636
0.56412 0.43588
0.56164 0.43836
0.56184 0.43816
0.54890 0.45110
0.55886 0.44114
0.56846 0.43154
0.56718 0.43282
0.56077 0.43923
0.56406 0.43594
0.56791 0.43209
0.56827 0.43173
0.57146 0.42854
0.57167 0.42833
0.56870 0.43130
0.56778 0.43222
0.56870 0.43130
0.57007 0.42993
0.56968 0.43032
0.56959 0.43041
0.56947 0.43053
0.57043 0.42957
0.56193 0.43807
0.56304 0.43696
0.56278 0.43722
0.56404 0.43596
0.57754 0.42246
0.58436 0.41564
0.57533 0.42467
0.58172 0.41828
0.57796 0.42204
0.58459 0.41541
0.56204 0.43796
0.55758 0.44242
0.56043 0.43957
0.55631 0.44369
0.56146 0.43854
0.55797 0.44203
0.55457 0.44543
0.55797 0.44203
0.55457 0.44543
0.55797 0.44203
0.55457 0.44543
0.55852 0.44148
0.55510 0.44490
0.55712 0.44288
0.55360 0.44640
0.55713 0.44287
0.55358 0.44642
0.56835 0.43165
0.56151 0.43849
0.56943 0.43057
0.56467 0.43533
0.56467 0.43533
0.56467 0.43533
0.56467 0.43533
0.56185 0.43815
0.56382 0.43618
0.56382 0.43618
0.56382 0.43618
0.56382 0.43618
0.56100 0.43900
0.56323 0.43677
0.56309 0.43691
0.55314 0.44686
0.56391 0.43609
0.56207 0.43793
0.56337 0.43663
0.56551 0.43449
0.56750 0.43250
0.56815 0.43185
0.56566 0.43434
0.56500 0.43500
0.56597 0.43403
0.56263 0.43737
0.56430 0.43570
0.55859 0.44141
0.56263 0.43737
0.56430 0.43570
0.55859 0.44141
0.58462 0.41538
0.58299 0.41701
0.56515 0.43485
0.56740 0.43260
0.57224 0.42776
0.56208 0.43792
0.56260 0.43740
0.55281 0.44719
0.57213 0.42787
0.57321 0.42679
0.55095 0.44905
0.55671 0.44329
0.56567 0.43433
0.55592 0.44408
0.56175 0.43825
0.57093 0.42907
0.55988 0.44012
0.56365 0.43635
0.55710 0.44290
0.56253 0.43747
0.56606 0.43394
0.56349 0.43651
0.56281 0.43719
0.56584 0.43416
0.57418 0.42582
0.57492 0.42508
0.56470 0.43530
0.56537 0.43463
0.56417 0.43583
0.56388 0.43612
0.57320 0.42680
0.57156 0.42844
0.57560 0.42440
0.56894 0.43106
0.56831 0.43169
0.57038 0.42962
0.57198 0.42802
0.57171 0.42829
0.57171 0.42829
0.57182 0.42818
0.57159 0.42841
0.56703 0.43297
0.56703 0.43297
0.56150 0.43850
0.56184 0.43816
0.56184 0.43816
0.56629 0.43371
0.54938 0.45062
0.55462 0.44538
0.55024 0.44976
0.56344 0.43656
0.56554 0.43446
0.56337 0.43663
0.56579 0.43421
0.56348 0.43652
0.56168 0.43832
0.56168 0.43832
0.56919 0.43081
0.57179 0.42821
0.57179 0.42821
0.56991 0.43009
0.57004 0.42996
0.57259 0.42741
0.57259 0.42741
0.56644 0.43356
0.56341 0.43659
0.56227 0.43773
0.56465 0.43535
0.55764 0.44236
0.55484 0.44516
0.55095 0.44905
0.57375 0.42625
0.57375 0.42625
0.56377 0.43623
0.56106 0.43894
0.55618 0.44382
0.56218 0.43782
0.56097 0.43903
0.55312 0.44688
0.56771 0.43229
0.56813 0.43187
0.55529 0.44471
0.55459 0.44541
0.56229 0.43771
0.56229 0.43771
0.57148 0.42852
0.57053 0.42947
0.56474 0.43526
0.56353 0.43647
0.56557 0.43443
0.56474 0.43526
0.56554 0.43446
0.56116 0.43884
0.56439 0.43561
0.56488 0.43512
0.56386 0.43614
0.55760 0.44240
0.55923 0.44077
0.55821 0.44179
0.55346 0.44654
0.55976 0.44024
0.55648 0.44352
0.55748 0.44252
0.55218 0.44782
0.55847 0.44153
0.56658 0.43342
0.56920 0.43080
0.56753 0.43247
0.56658 0.43342
0.56920 0.43080
0.56753 0.43247
0.56737 0.43263
0.57092 0.42908
0.56175 0.43825
0.56167 0.43833
0.56508 0.43492
0.56991 0.43009
0.56235 0.43765
0.56238 0.43762
0.56235 0.43765
0.56238 0.43762
0.57264 0.42736
0.55836 0.44164
0.56235 0.43765
0.56137 0.43863
0.56929 0.43071
0.56929 0.43071
0.56821 0.43179
0.56821 0.43179
0.56940 0.43060
0.56940 0.43060
0.57081 0.42919
0.57075 0.42925
0.56740 0.43260
0.56631 0.43369
0.56665 0.43335
0.56563 0.43437
0.55666 0.44334
0.56467 0.43533
0.55600 0.44400
0.56393 0.43607
0.55636 0.44364
0.56273 0.43727
0.57181 0.42819
0.56193 0.43807
0.56653 0.43347
0.55743 0.44257
0.57097 0.42903
0.56169 0.43831
0.55933 0.44067
0.55933 0.44067
0.56634 0.43366
0.56650 0.43350
0.56476 0.43524
0.56043 0.43957
0.56213 0.43787
0.56682 0.43318
0.56376 0.43624
0.56839 0.43161
0.57706 0.42294
0.56811 0.43189
0.55694 0.44306
0.56770 0.43230
0.55694 0.44306
0.56770 0.43230
0.55608 0.44392
0.55829 0.44171
0.56411 0.43589
0.56195 0.43805
0.56508 0.43492
0.56136 0.43864
0.56104 0.43896
0.56335 0.43665
0.56428 0.43572
0.56282 0.43718
0.56738 0.43262
0.56624 0.43376
0.57203 0.42797
0.57176 0.42824
0.56836 0.43164
0.57203 0.42797
0.57176 0.42824
0.56836 0.43164
0.57380 0.42620
0.57067 0.42933
0.57350 0.42650
0.56438 0.43562
0.56336 0.43664
0.56150 0.43850
0.56060 0.43940
0.56432 0.43568
0.56340 0.43660
0.56277 0.43723
0.56180 0.43820
0.56184 0.43816
0.56196 0.43804
0.56405 0.43595
0.56304 0.43696
0.56916 0.43084
0.56755 0.43245
0.56858 0.43142
0.57136 0.42864
0.56974 0.43026
0.57077 0.42923
0.57028 0.42972
0.56847 0.43153
0.56970 0.43030
0.56280 0.43720
0.56243 0.43757
0.56773 0.43227
0.56853 0.43147
0.56840 0.43160
0.56735 0.43265
0.57027 0.42973
0.55552 0.44448
0.55538 0.44462
0.55579 0.44421
0.55555 0.44445
0.55458 0.44542
0.55401 0.44599
0.56242 0.43758
0.56158 0.43842
0.56232 0.43768
0.56143 0.43857
0.56050 0.43950
0.56046 0.43954
0.56917 0.43083
0.56591 0.43409
0.56797 0.43203
0.56473 0.43527
0.58011 0.41989
0.57495 0.42505
0.57625 0.42375
0.57546 0.42454
0.57495 0.42505
0.57495 0.42505
0.57321 0.42679
0.56047 0.43953
0.56089 0.43911
0.55747 0.44253
0.55996 0.44004
0.56869 0.43131
0.56440 0.43560
0.57441 0.42559
0.55442 0.44558
0.56290 0.43710
0.55924 0.44076
0.55719 0.44281
0.55731 0.44269
0.55549 0.44451
0.55705 0.44295
0.55536 0.44464
0.55983 0.44017
0.55983 0.44017
0.55570 0.44430
0.55570 0.44430
0.55788 0.44212
0.56123 0.43877
0.55643 0.44357
0.55572 0.44428
0.57077 0.42923
0.56841 0.43159
0.56755 0.43245
0.56892 0.43108
0.56855 0.43145
0.56841 0.43159
0.56755 0.43245
0.56892 0.43108
0.56855 0.43145
0.53643 0.46357
0.56457 0.43543
0.57471 0.42529
0.57385 0.42615
0.55109 0.44891
0.55693 0.44307
0.55677 0.44323
0.56244 0.43756
0.55031 0.44969
0.58272 0.41728
0.58159 0.41841
0.56595 0.43405
0.56384 0.43616
0.56384 0.43616
0.56582 0.43418
0.56316 0.43684
0.56257 0.43743
0.56595 0.43405
0.56384 0.43616
0.56384 0.43616
0.56582 0.43418
0.56316 0.43684
0.56257 0.43743
0.56595 0.43405
0.56384 0.43616
0.56384 0.43616
0.56582 0.43418
0.56316 0.43684
0.56257 0.43743
0.56905 0.43095
0.56905 0.43095
0.56123 0.43877
0.57377 0.42623
0.57304 0.42696
0.55495 0.44505
0.56818 0.43182
0.55996 0.44004
0.55951 0.44049
0.56634 0.43366
0.56033 0.43967
0.55950 0.44050
0.56317 0.43683
0.56413 0.43587
0.56413 0.43587
0.56239 0.43761
0.56327 0.43673
0.56327 0.43673
0.56871 0.43129
0.56121 0.43879
0.56203 0.43797
0.56220 0.43780
0.57099 0.42901
0.56497 0.43503
0.56497 0.43503
0.56230 0.43770
0.56811 0.43189
0.56109 0.43891
0.56687 0.43313
0.56246 0.43754
0.56776 0.43224
0.55510 0.44490
0.55976 0.44024
0.55614 0.44386
0.56081 0.43919
0.56626 0.43374
0.56960 0.43040
0.56626 0.43374
0.56960 0.43040
0.55840 0.44160
0.55265 0.44735
0.57532 0.42468
0.57469 0.42531
0.56785 0.43215
0.57031 0.42969
0.56559 0.43441
0.56762 0.43238
0.56542 0.43458
0.56021 0.43979
0.57310 0.42690
0.57398 0.42602
0.57402 0.42598
0.57275 0.42725
0.56075 0.43925
0.55996 0.44004
0.56352 0.43648
0.56290 0.43710
0.57913 0.42087
0.55205 0.44795
0.55676 0.44324
0.55651 0.44349
0.55236 0.44764
0.55212 0.44788
0.55142 0.44858
0.55096 0.44904
0.55282 0.44718
0.56168 0.43832
0.56139 0.43861
0.56168 0.43832
0.55895 0.44105
0.55895 0.44105
0.55867 0.44133
0.54617 0.45383
0.56138 0.43862
0.56129 0.43871
0.56138 0.43862
0.57251 0.42749
0.57486 0.42514
0.57524 0.42476
0.56703 0.43297
0.56727 0.43273
0.56379 0.43621
0.56403 0.43597
0.56556 0.43444
0.56584 0.43416
0.56383 0.43617
0.56515 0.43485
0.58489 0.41511
0.56372 0.43628
0.56372 0.43628
0.57830 0.42170
0.56010 0.43990
0.55398 0.44602
0.55822 0.44178
0.55983 0.44017
0.56345 0.43655
0.56528 0.43472
0.55440 0.44560
0.56440 0.43560
0.57077 0.42923
0.56553 0.43447
0.57194 0.42806
0.57077 0.42923
0.56553 0.43447
0.57194 0.42806
0.56118 0.43882
0.56148 0.43852
0.56711 0.43288
0.56777 0.43223
0.56925 0.43075
0.56351 0.43649
0.56400 0.43600
0.56000 0.44000
0.56367 0.43633
0.55987 0.44013
0.56349 0.43651
0.57228 0.42772
0.55492 0.44508
0.55550 0.44450
0.56794 0.43206
0.56614 0.43386
0.56202 0.43798
0.55570 0.44430
0.55222 0.44778
0.56918 0.43082
0.56486 0.43514
0.56835 0.43165
0.57898 0.42102
0.57838 0.42161
0.57451 0.42549
0.55865 0.44135
0.57082 0.42918
0.57414 0.42586
0.57193 0.42807
0.57242 0.42758
0.57658 0.42342
0.57875 0.42125
0.57304 0.42696
0.57304 0.42696
0.57447 0.42553
0.56800 0.43200
0.56242 0.43758
0.55178 0.44822
0.55184 0.44816
0.56866 0.43134
0.55930 0.44070
0.56435 0.43565
0.55991 0.44009
0.56129 0.43871
0.56129 0.43871
0.56243 0.43757
0.56140 0.43860
0.55736 0.44264
0.55643 0.44357
0.56409 0.43591
0.56315 0.43685
0.56695 0.43305
0.57263 0.42736
0.57422 0.42578
0.57448 0.42552
0.55723 0.44277
0.55872 0.44128
0.56106 0.43894
0.55552 0.44448
0.56706 0.43294
0.56588 0.43412
0.55687 0.44313
0.55969 0.44031
0.57032 0.42968
0.56430 0.43570
0.56957 0.43043
0.56333 0.43667
0.57457 0.42543
0.55150 0.44850
0.57171 0.42829
0.56987 0.43013
0.57145 0.42855
0.57281 0.42719
0.57281 0.42719
0.56933 0.43067
0.56933 0.43067
0.57127 0.42873
0.56606 0.43394
0.55139 0.44861
0.56068 0.43932
0.57008 0.42992
0.55525 0.44475
0.56754 0.43246
0.56827 0.43173
0.55805 0.44195
0.56206 0.43794
0.56676 0.43324
0.56676 0.43324
0.56816 0.43184
0.56772 0.43228
0.56676 0.43324
0.56676 0.43324
0.56816 0.43184
0.56772 0.43228
0.56088 0.43912
0.56232 0.43768
0.56061 0.43939
0.56196 0.43804
0.56232 0.43768
0.56061 0.43939
0.56196 0.43804
0.56761 0.43239
0.56761 0.43239
0.56862 0.43138
0.56761 0.43239
0.56761 0.43239
0.56862 0.43138
0.55778 0.44222
0.56764 0.43236
0.56764 0.43236
0.56866 0.43134
0.56764 0.43236
0.56764 0.43236
0.56866 0.43134
0.57842 0.42158
0.58194 0.41806
0.57122 0.42878
0.56156 0.43844
0.57077 0.42923
0.56773 0.43227
0.55361 0.44639
0.55521 0.44479
0.55521 0.44479
0.54906 0.45094
0.55063 0.44937
0.55060 0.44940
0.55326 0.44674
0.55483 0.44517
0.55492 0.44508
0.55431 0.44569
0.55589 0.44411
0.55590 0.44410
0.57079 0.42921
0.57199 0.42801
0.57221 0.42779
0.57328 0.42672
0.56511 0.43489
0.56609 0.43391
0.57127 0.42873
0.57224 0.42776
0.56487 0.43513
0.55935 0.44065
0.56467 0.43533
0.56892 0.43108
0.56985 0.43015
0.56306 0.43694
0.56399 0.43601
0.56013 0.43987
0.55396 0.44604
0.55705 0.44295
0.55624 0.44376
0.55624 0.44376
0.57415 0.42585
0.57196 0.42804
0.56791 0.43209
0.57113 0.42887
0.56033 0.43967
0.56033 0.43967
0.56033 0.43967
0.55028 0.44972
0.54409 0.45591
0.55969 0.44031
0.55203 0.44797
0.54543 0.45457
0.57010 0.42990
0.57010 0.42990
0.57010 0.42990
0.57010 0.42990
0.56056 0.43944
0.56437 0.43563
0.55621 0.44379
0.56071 0.43929
0.55285 0.44715
0.57575 0.42425
0.56235 0.43765
0.56289 0.43711
0.56119 0.43881
0.56177 0.43823
0.57285 0.42715
0.56511 0.43489
0.56511 0.43489
0.56482 0.43518
0.56562 0.43438
0.56464 0.43536
0.56376 0.43624
0.55299 0.44701
0.57507 0.42493
0.56751 0.43249
0.56952 0.43048
0.56977 0.43023
0.57171 0.42829
0.57224 0.42776
0.56988 0.43012
0.55987 0.44013
0.57102 0.42898
0.57056 0.42944
0.57056 0.42944
0.57117 0.42883
0.57056 0.42944
0.57056 0.42944
0.57117 0.42883
0.56126 0.43874
0.56126 0.43874
0.57143 0.42857
0.57128 0.42872
0.55972 0.44028
0.55972 0.44028
0.55923 0.44077
0.55972 0.44028
0.55972 0.44028
0.55923 0.44077
0.56775 0.43225
0.57044 0.42956
0.56542 0.43458
0.56799 0.43201
0.57565 0.42435
0.57812 0.42188
0.57783 0.42217
0.56276 0.43724
0.56860 0.43140
0.55667 0.44333
0.56787 0.43213
0.57802 0.42198
0.55965 0.44035
0.56119 0.43881
0.56018 0.43982
0.56018 0.43982
0.56119 0.43881
0.55758 0.44242
0.56064 0.43936
0.56254 0.43746
0.55900 0.44100
0.56098 0.43902
0.57025 0.42975
0.55901 0.44099
0.55889 0.44111
0.55639 0.44361
0.55198 0.44802
0.55656 0.44344
0.55214 0.44786
0.55507 0.44493
0.56386 0.43614
0.55915 0.44085
0.56887 0.43113
0.57596 0.42404
0.56879 0.43121
0.57568 0.42432
0.56820 0.43180
0.57996 0.42004
0.57614 0.42386
0.56858 0.43142
0.56858 0.43142
0.57129 0.42871
0.57129 0.42871
0.57152 0.42848
0.57152 0.42848
0.57152 0.42848
0.57452 0.42548
0.57452 0.42548
0.57452 0.42548
0.56885 0.43115
0.56422 0.43578
0.56238 0.43762
0.56516 0.43484
0.55812 0.44188
0.56149 0.43851
0.55812 0.44188
0.56149 0.43851
0.55812 0.44188
0.56149 0.43851
0.56532 0.43468
0.56532 0.43468
0.56805 0.43195
0.57104 0.42896
0.57104 0.42896
0.57004 0.42996
0.57305 0.42695
0.57305 0.42695
0.56064 0.43936
0.55899 0.44101
0.56063 0.43937
