0.04474 0.95526
0.58364 0.41636
0.17787 0.82213
0.15204 0.84796
0.15204 0.84796
0.52388 0.47612
0.89858 0.10142
0.11966 0.88034
0.88556 0.11444
0.38144 0.61856
0.22348 0.77652
0.98021 0.01979
0.14953 0.85047
0.16321 0.83679
0.21976 0.78024
0.27397 0.72603
0.23782 0.76218
0.19956 0.80044
0.19956 0.80044
0.11572 0.88428
0.29711 0.70289
0.44111 0.55889
0.29711 0.70289
0.44111 0.55889
0.40523 0.59477
0.34923 0.65077
0.30794 0.69206
0.37550 0.62450
0.40523 0.59477
0.34923 0.65077
0.30794 0.69206
0.37550 0.62450
0.26980 0.73020
0.11715 0.88285
0.10288 0.89712
0.20321 0.79679
0.79219 0.20781
0.50843 0.49157
0.15478 0.84522
0.14319 0.85681
0.08749 0.91251
0.13061 0.86939
0.19514 0.80486
0.07830 0.92170
0.05429 0.94571
0.18055 0.81945
0.15785 0.84215
0.91589 0.08411
0.91253 0.08747
0.92448 0.07552
0.94570 0.05430
0.88512 0.11488
0.87444 0.12556
0.88512 0.11488
0.92678 0.07322
0.91834 0.08166
0.18154 0.81846
0.42555 0.57445
0.26406 0.73594
0.46661 0.53339
0.98971 0.01029
0.98840 0.01160
0.96112 0.03888
0.95773 0.04227
0.97064 0.02936
0.91625 0.08375
0.80864 0.19136
0.97250 0.02750
0.95552 0.04448
0.95374 0.04626
0.19433 0.80567
0.42759 0.57241
0.73872 0.26128
0.47112 0.52888
0.63784 0.36216
0.88384 0.11616
0.93039 0.06961
0.57781 0.42219
0.59301 0.40699
0.59301 0.40699
0.59301 0.40699
0.59301 0.40699
0.40595 0.59405
0.40595 0.59405
0.69588 0.30412
0.30353 0.69647
0.34949 0.65051
0.34949 0.65051
0.28470 0.71530
0.89469 0.10531
0.62951 0.37049
0.38040 0.61960
0.33036 0.66964
0.62261 0.37739
0.61644 0.38356
0.58721 0.41279
0.61915 0.38085
0.49812 0.50188
0.20483 0.79517
0.39489 0.60511
0.32141 0.67859
0.44927 0.55073
0.18709 0.81291
0.27948 0.72052
0.29450 0.70550
0.17945 0.82055
0.30837 0.69163
0.18885 0.81115
0.99958 0.00042
0.99974 0.00026
0.99957 0.00043
0.99743 0.00257
0.99979 0.00021
0.30676 0.69324
0.14689 0.85311
0.06285 0.93715
0.73235 0.26765
0.43551 0.56449
0.79957 0.20043
0.51720 0.48280
0.05832 0.94168
0.06263 0.93737
0.89497 0.10503
0.99822 0.00178
0.99908 0.00092
0.80040 0.19960
0.36735 0.63265
0.27237 0.72763
0.64813 0.35187
0.65842 0.34158
0.44469 0.55531
0.44469 0.55531
0.15609 0.84391
0.20139 0.79861
0.47598 0.52402
0.85312 0.14688
0.24009 0.75991
0.18344 0.81656
0.36944 0.63056
0.23587 0.76413
0.36649 0.63351
0.22529 0.77471
0.36649 0.63351
0.22529 0.77471
0.31246 0.68754
0.37505 0.62495
0.23451 0.76549
0.34041 0.65959
0.63371 0.36629
0.82878 0.17122
0.59149 0.40851
0.40935 0.59065
0.92677 0.07323
0.16670 0.83330
0.77334 0.22666
0.20533 0.79467
0.99157 0.00843
0.97458 0.02542
0.81115 0.18885
0.97780 0.02220
0.97753 0.02247
0.96541 0.03459
0.97135 0.02865
0.96922 0.03078
0.96541 0.03459
0.94487 0.05513
0.72094 0.27906
0.25074 0.74926
0.31356 0.68644
0.06363 0.93637
0.98389 0.01611
0.95752 0.04248
0.98575 0.01425
0.98505 0.01495
0.23279 0.76721
0.09567 0.90433
0.81819 0.18181
0.29133 0.70867
0.14801 0.85199
0.07147 0.92853
0.10475 0.89525
0.30505 0.69495
0.99423 0.00577
0.31077 0.68923
0.99952 0.00048
0.99290 0.00710
0.99329 0.00671
0.46980 0.53020
0.05642 0.94358
0.08966 0.91034
0.09123 0.90877
0.08038 0.91962
0.08091 0.91909
0.99550 0.00450
0.99550 0.00450
0.11919 0.88081
0.54040 0.45960
0.43833 0.56167
0.85457 0.14543
0.41070 0.58930
0.52820 0.47180
0.80967 0.19033
0.41857 0.58143
0.97279 0.02721
0.59288 0.40712
0.99432 0.00568
0.40931 0.59069
0.45512 0.54488
0.68568 0.31432
0.74820 0.25180
0.09793 0.90207
0.40794 0.59206
0.35566 0.64434
0.35566 0.64434
0.99086 0.00914
0.23128 0.76872
0.99336 0.00664
0.23128 0.76872
0.99982 0.00018
0.30118 0.69882
0.70843 0.29157
0.43053 0.56947
0.36115 0.63885
0.41364 0.58636
0.49816 0.50184
0.99998 0.00002
0.57069 0.42931
0.99975 0.00025
0.99985 0.00015
0.99970 0.00030
0.99968 0.00032
0.99803 0.00197
0.26837 0.73163
0.92996 0.07004
0.81953 0.18047
0.28847 0.71153
0.30735 0.69265
0.34907 0.65093
0.92598 0.07402
0.61744 0.38256
0.98014 0.01986
0.61744 0.38256
0.98014 0.01986
0.09571 0.90429
0.20936 0.79064
0.96110 0.03890
0.15509 0.84491
0.15334 0.84666
0.17382 0.82618
0.14000 0.86000
0.74024 0.25976
0.85192 0.14808
0.98255 0.01745
0.85192 0.14808
0.99567 0.00433
0.92358 0.07642
0.49234 0.50766
0.39241 0.60759
0.97208 0.02792
0.97208 0.02792
0.84440 0.15560
0.84440 0.15560
0.21897 0.78103
0.27236 0.72764
0.80939 0.19061
0.06833 0.93167
0.06689 0.93311
0.19758 0.80242
0.19324 0.80676
0.37539 0.62461
0.37150 0.62850
0.99729 0.00271
0.70937 0.29063
0.49064 0.50936
0.47333 0.52667
0.97918 0.02082
0.54101 0.45899
0.23530 0.76470
0.85254 0.14746
0.71088 0.28912
0.69156 0.30844
0.52854 0.47146
0.69156 0.30844
0.52854 0.47146
0.16735 0.83265
0.93987 0.06013
0.13380 0.86620
0.80956 0.19044
0.80956 0.19044
0.66464 0.33536
0.30406 0.69594
0.54180 0.45820
0.99922 0.00078
1.00000 0.00000
0.91089 0.08911
0.50590 0.49410
0.48216 0.51784
0.99898 0.00102
0.64501 0.35499
0.64501 0.35499
0.99829 0.00171
0.99900 0.00100
0.64501 0.35499
0.64501 0.35499
0.99809 0.00191
0.17307 0.82693
0.16448 0.83552
0.98481 0.01519
0.34652 0.65348
0.76969 0.23031
0.80431 0.19569
0.68542 0.31458
0.74294 0.25706
0.74748 0.25252
0.67420 0.32580
0.93617 0.06383
0.93080 0.06920
0.68631 0.31369
0.68631 0.31369
0.68631 0.31369
0.68631 0.31369
0.50532 0.49468
0.28732 0.71268
0.28732 0.71268
0.69017 0.30983
0.34544 0.65456
0.99761 0.00239
0.59061 0.40939
0.23065 0.76935
0.23065 0.76935
0.15369 0.84631
0.95106 0.04894
0.94887 0.05113
0.24795 0.75205
0.14317 0.85683
0.11751 0.88249
0.17551 0.82449
0.15350 0.84650
0.34937 0.65063
0.34937 0.65063
0.21116 0.78884
0.43606 0.56394
0.36935 0.63065
0.16541 0.83459
0.60814 0.39186
0.82479 0.17521
0.99325 0.00675
0.99474 0.00526
0.08749 0.91251
0.91908 0.08092
0.99252 0.00748
0.99064 0.00936
0.89738 0.10262
0.69865 0.30135
0.97427 0.02573
0.70095 0.29905
0.99637 0.00363
0.99266 0.00734
0.33286 0.66714
0.35108 0.64892
0.94940 0.05060
0.99610 0.00390
0.99212 0.00788
0.32259 0.67741
0.14461 0.85539
0.05872 0.94128
0.06326 0.93674
0.63614 0.36386
0.24729 0.75271
0.99361 0.00639
0.95154 0.04846
0.42612 0.57388
0.42612 0.57388
0.74224 0.25776
0.21262 0.78738
0.62013 0.37987
0.95689 0.04311
0.18116 0.81884
0.95220 0.04780
0.94129 0.05872
0.76250 0.23750
0.99137 0.00863
0.74868 0.25132
0.98886 0.01114
0.55752 0.44248
0.55752 0.44248
0.43819 0.56181
0.43819 0.56181
0.90228 0.09772
0.88445 0.11555
0.97691 0.02309
0.95564 0.04436
0.95370 0.04630
0.69842 0.30158
0.07679 0.92321
0.86734 0.13266
0.17903 0.82097
0.86734 0.13266
0.17903 0.82097
0.87017 0.12983
0.20896 0.79104
0.89183 0.10817
0.21170 0.78830
0.62307 0.37693
0.20225 0.79775
0.59156 0.40844
0.89601 0.10399
0.85293 0.14707
0.87614 0.12386
0.97509 0.02491
0.77131 0.22869
0.26349 0.73651
0.54427 0.45573
0.74715 0.25285
0.24817 0.75183
0.52488 0.47512
0.99807 0.00193
0.99769 0.00231
0.70447 0.29553
0.37780 0.62220
0.62975 0.37025
0.99815 0.00185
0.99993 0.00007
0.99993 0.00007
0.92508 0.07492
0.92508 0.07492
0.99383 0.00617
0.99701 0.00299
0.99701 0.00299
0.99858 0.00142
0.63627 0.36373
0.73797 0.26203
0.73797 0.26203
0.98427 0.01573
0.98744 0.01256
0.75347 0.24653
0.78294 0.21706
0.79009 0.20991
0.99951 0.00049
0.99951 0.00049
0.82925 0.17075
0.82925 0.17075
0.99763 0.00237
0.31952 0.68048
0.39061 0.60939
0.29144 0.70856
0.50171 0.49829
0.38435 0.61565
0.89499 0.10501
0.23077 0.76923
0.99930 0.00070
0.92207 0.07793
0.50754 0.49246
0.84792 0.15208
0.30733 0.69267
0.99920 0.00080
0.98957 0.01043
0.19986 0.80014
0.84075 0.15925
0.99683 0.00317
0.99871 0.00129
0.15424 0.84576
0.15620 0.84380
0.16594 0.83406
0.16802 0.83198
0.99935 0.00065
0.99900 0.00100
0.99950 0.00050
0.55580 0.44420
0.82566 0.17434
0.98087 0.01913
0.92457 0.07543
0.26751 0.73249
0.84109 0.15891
0.78954 0.21046
0.79136 0.20864
0.97280 0.02720
0.99381 0.00619
0.99782 0.00218
0.99893 0.00107
0.83306 0.16694
0.83306 0.16694
0.99893 0.00107
0.54566 0.45434
0.41805 0.58195
0.72029 0.27971
0.64225 0.35775
0.15155 0.84845
0.59420 0.40580
0.30604 0.69396
0.33300 0.66700
0.87832 0.12168
0.11640 0.88359
0.11173 0.88827
0.12058 0.87942
0.99548 0.00452
0.97578 0.02422
0.95768 0.04232
0.98315 0.01685
0.45199 0.54801
0.86603 0.13397
0.39404 0.60596
0.83810 0.16190
0.99271 0.00729
0.96868 0.03132
0.94833 0.05167
0.99813 0.00187
0.97334 0.02666
0.91799 0.08201
0.70169 0.29831
0.50046 0.49954
0.98757 0.01243
0.99778 0.00222
0.99876 0.00124
0.98547 0.01453
0.59332 0.40668
0.41306 0.58694
0.82054 0.17946
0.52631 0.47369
0.97228 0.02772
0.71753 0.28247
0.28507 0.71493
0.58066 0.41934
0.39355 0.60645
0.59069 0.40931
0.49945 0.50055
0.76740 0.23260
0.38402 0.61598
0.61612 0.38388
0.92173 0.07827
0.33748 0.66252
0.34965 0.65035
0.66016 0.33984
0.61306 0.38694
0.99618 0.00382
0.59059 0.40941
0.99829 0.00171
0.59894 0.40106
0.55021 0.44979
0.99649 0.00351
0.52724 0.47276
0.99833 0.00167
0.98421 0.01579
0.36766 0.63234
0.96872 0.03128
0.33919 0.66081
0.94768 0.05232
0.33087 0.66913
0.26761 0.73239
0.54894 0.45106
0.99287 0.00713
0.98479 0.01521
0.99997 0.00003
0.36292 0.63708
0.96989 0.03011
0.35194 0.64806
0.95371 0.04629
0.35194 0.64806
0.95371 0.04629
0.94746 0.05254
1.00000 0.00000
0.87078 0.12922
0.94894 0.05106
0.97644 0.02356
0.77329 0.22671
0.60475 0.39525
0.21751 0.78249
0.28137 0.71863
0.99844 0.00156
0.81175 0.18825
0.44032 0.55968
0.40848 0.59152
0.59988 0.40012
0.17848 0.82152
0.60674 0.39326
0.71331 0.28669
0.75573 0.24427
0.28459 0.71541
0.91391 0.08609
0.99982 0.00018
0.75732 0.24268
0.66640 0.33360
0.88450 0.11550
0.96010 0.03990
0.85411 0.14589
0.09142 0.90858
0.83851 0.16149
0.05104 0.94896
0.07824 0.92176
0.72311 0.27689
0.20555 0.79445
0.72209 0.27791
0.99984 0.00016
0.60171 0.39829
0.99978 0.00022
0.33653 0.66347
0.99971 0.00029
0.47122 0.52878
0.87931 0.12069
0.99408 0.00592
0.99900 0.00100
0.99741 0.00259
0.97226 0.02774
0.98026 0.01974
0.33684 0.66316
0.82890 0.17110
0.71414 0.28586
0.79229 0.20771
0.70357 0.29643
0.97330 0.02670
0.84756 0.15244
0.85681 0.14319
0.36047 0.63953
0.89037 0.10963
0.99999 0.00001
0.33998 0.66002
0.83156 0.16844
0.21941 0.78059
0.67280 0.32720
0.99040 0.00960
0.40473 0.59527
0.84686 0.15314
0.99655 0.00345
0.43319 0.56681
0.91411 0.08589
0.23422 0.76578
0.78902 0.21098
0.18737 0.81263
0.39820 0.60180
0.32428 0.67572
0.06746 0.93254
0.85140 0.14860
0.84571 0.15429
0.84143 0.15857
0.85687 0.14313
0.97169 0.02831
0.61146 0.38854
0.99346 0.00654
0.22155 0.77845
0.98065 0.01935
0.99905 0.00095
0.98111 0.01889
0.82856 0.17144
0.83150 0.16850
0.83150 0.16850
0.18146 0.81854
0.29552 0.70448
0.31163 0.68837
0.20871 0.79129
0.19968 0.80032
0.99991 0.00009
0.63315 0.36685
0.18126 0.81874
0.82819 0.17181
0.19439 0.80561
0.26946 0.73054
0.23107 0.76893
0.25201 0.74799
0.21425 0.78575
0.23768 0.76232
0.20254 0.79746
0.70397 0.29603
0.69220 0.30780
0.34104 0.65896
0.29407 0.70593
0.68671 0.31329
0.28009 0.71991
0.41063 0.58937
0.11320 0.88680
0.63767 0.36233
0.63767 0.36233
0.95789 0.04211
0.95789 0.04211
0.76233 0.23767
0.76233 0.23767
0.98178 0.01822
0.98178 0.01822
0.95687 0.04313
0.95687 0.04313
0.63059 0.36941
0.63059 0.36941
0.72545 0.27455
0.82262 0.17738
0.68274 0.31726
0.20513 0.79487
0.16704 0.83296
0.11362 0.88638
0.87776 0.12224
0.14747 0.85253
0.99959 0.00041
0.92139 0.07861
0.97336 0.02664
0.84919 0.15081
0.94340 0.05660
0.26450 0.73550
0.29440 0.70560
0.29440 0.70560
0.93183 0.06817
0.93178 0.06822
0.92318 0.07682
0.96372 0.03628
0.96382 0.03618
0.95805 0.04195
0.69861 0.30139
0.72018 0.27982
0.58010 0.41990
0.56525 0.43475
0.58737 0.41263
0.99900 0.00100
0.99929 0.00071
0.26079 0.73921
0.82771 0.17229
0.91742 0.08258
0.86096 0.13904
0.48829 0.51171
0.50182 0.49818
0.50182 0.49818
0.48829 0.51171
0.88142 0.11858
0.83886 0.16114
0.32368 0.67632
0.67884 0.32116
0.99970 0.00030
0.59697 0.40303
0.99952 0.00048
0.80006 0.19994
0.80006 0.19994
0.79492 0.20508
0.24779 0.75221
0.28814 0.71186
0.42263 0.57737
0.60332 0.39668
0.84086 0.15914
0.53064 0.46936
0.67757 0.32243
0.81959 0.18041
0.15179 0.84821
0.21036 0.78964
0.17429 0.82571
0.30335 0.69665
0.69961 0.30039
0.85966 0.14034
0.13890 0.86110
0.21187 0.78813
0.69961 0.30039
0.85966 0.14034
0.13890 0.86110
0.21187 0.78813
0.55025 0.44975
0.70964 0.29036
0.88830 0.11170
0.92673 0.07327
0.92687 0.07313
0.97584 0.02416
0.22142 0.77858
0.27559 0.72441
0.49166 0.50834
0.20355 0.79645
0.25248 0.74752
0.20355 0.79645
0.25248 0.74752
0.62297 0.37703
0.62297 0.37703
0.62297 0.37703
0.62297 0.37703
0.64060 0.35940
0.90846 0.09154
0.40468 0.59532
0.35841 0.64159
0.16997 0.83003
0.15737 0.84263
0.14551 0.85449
0.19269 0.80731
0.17035 0.82965
0.48131 0.51869
0.31337 0.68663
0.38265 0.61735
0.23348 0.76652
0.98803 0.01197
0.23819 0.76181
0.86119 0.13881
0.83821 0.16179
0.99974 0.00026
0.84006 0.15994
0.89904 0.10096
0.15509 0.84491
0.96457 0.03543
0.99877 0.00123
0.95955 0.04045
0.31510 0.68490
0.12667 0.87333
0.35803 0.64197
0.97194 0.02806
0.94446 0.05554
0.46525 0.53475
0.94336 0.05664
0.37981 0.62019
0.99072 0.00928
0.26960 0.73040
0.59238 0.40762
0.23699 0.76301
0.99943 0.00057
0.69335 0.30665
0.74750 0.25250
0.98762 0.01238
0.46480 0.53520
0.36802 0.63198
0.36802 0.63198
0.66630 0.33370
0.92168 0.07832
0.40613 0.59387
0.34441 0.65559
0.66729 0.33271
0.34204 0.65796
0.23700 0.76300
0.63336 0.36664
0.62455 0.37545
0.48757 0.51243
0.99889 0.00111
0.99896 0.00104
0.35874 0.64126
0.97349 0.02651
0.97395 0.02605
0.99928 0.00072
0.76283 0.23717
0.51848 0.48152
0.94992 0.05008
0.23411 0.76589
0.25446 0.74554
0.32079 0.67921
0.98709 0.01291
0.97226 0.02774
0.25446 0.74554
0.32079 0.67921
0.28900 0.71100
0.28900 0.71100
0.54212 0.45788
0.38774 0.61226
0.26901 0.73099
0.09189 0.90811
0.31919 0.68081
0.27270 0.72730
0.35754 0.64246
0.31819 0.68181
0.93313 0.06687
0.18028 0.81972
0.60466 0.39534
0.99976 0.00024
0.99976 0.00024
0.90591 0.09409
0.99491 0.00509
0.98915 0.01085
0.99943 0.00057
0.99823 0.00177
0.99823 0.00177
0.39710 0.60290
0.46607 0.53393
0.44828 0.55172
0.51912 0.48088
0.99841 0.00159
0.52199 0.47801
0.67381 0.32619
0.54260 0.45740
0.60526 0.39474
0.40532 0.59468
0.36665 0.63335
0.93528 0.06472
0.56393 0.43607
0.42066 0.57934
0.30692 0.69308
0.30692 0.69308
0.74856 0.25144
0.74856 0.25144
0.33430 0.66570
0.33430 0.66570
0.88328 0.11672
0.89560 0.10440
0.31013 0.68987
0.53985 0.46015
0.53985 0.46015
0.91539 0.08461
0.91539 0.08461
0.74884 0.25116
0.74884 0.25116
0.38017 0.61983
0.70214 0.29786
0.36159 0.63841
0.12402 0.87598
0.23634 0.76366
0.84865 0.15135
0.78746 0.21254
0.62625 0.37375
0.73513 0.26487
0.51424 0.48576
0.71599 0.28401
0.84501 0.15499
0.84501 0.15499
0.90417 0.09583
0.35127 0.64873
0.17227 0.82773
0.98879 0.01121
0.31091 0.68909
0.32311 0.67689
0.99831 0.00169
0.99803 0.00197
0.99805 0.00195
0.99013 0.00987
0.99966 0.00034
0.99965 0.00035
0.63320 0.36680
0.33198 0.66802
0.96151 0.03849
0.23129 0.76871
0.14520 0.85480
0.40309 0.59691
0.89671 0.10329
0.96590 0.03410
0.95955 0.04045
0.96590 0.03410
0.95955 0.04045
0.92257 0.07743
0.35563 0.64437
0.32031 0.67969
0.50855 0.49145
0.86376 0.13624
0.60319 0.39681
0.87808 0.12192
0.83244 0.16756
0.46054 0.53946
0.94715 0.05285
0.93214 0.06786
0.86432 0.13568
0.92926 0.07074
0.66004 0.33996
0.13185 0.86815
0.15235 0.84765
0.15989 0.84011
0.14720 0.85280
0.99975 0.00025
0.23915 0.76085
0.24488 0.75512
0.24488 0.75512
0.33120 0.66880
0.95955 0.04045
0.58482 0.41518
0.58528 0.41472
0.89014 0.10986
0.37053 0.62947
0.16558 0.83442
0.12414 0.87585
0.86771 0.13229
0.99936 0.00064
0.99922 0.00078
0.57202 0.42798
0.74381 0.25619
0.20684 0.79316
0.52953 0.47047
0.77055 0.22945
0.21574 0.78426
0.81652 0.18348
0.10879 0.89121
0.42383 0.57617
0.12200 0.87800
0.25877 0.74123
0.96705 0.03295
0.06868 0.93132
0.23940 0.76060
0.07752 0.92248
0.79769 0.20231
0.93169 0.06831
0.99776 0.00224
0.99998 0.00002
0.92365 0.07635
0.92365 0.07635
0.88808 0.11192
0.58349 0.41651
0.58805 0.41195
0.58349 0.41651
0.56427 0.43573
0.58349 0.41651
0.58349 0.41651
0.58805 0.41195
0.58349 0.41651
0.56427 0.43573
0.58349 0.41651
0.58349 0.41651
0.58805 0.41195
0.58349 0.41651
0.56427 0.43573
0.58349 0.41651
0.95784 0.04216
0.98698 0.01302
0.39398 0.60602
0.97857 0.02143
0.81018 0.18982
0.30730 0.69270
0.31918 0.68082
0.16668 0.83332
0.99948 0.00052
0.33264 0.66736
0.40545 0.59455
0.38037 0.61963
0.98252 0.01748
0.94706 0.05294
0.18505 0.81495
0.97141 0.02859
0.91554 0.08446
0.97141 0.02859
0.91554 0.08446
0.30132 0.69868
0.96629 0.03371
0.21236 0.78764
0.48997 0.51003
0.99902 0.00098
0.87261 0.12739
0.48997 0.51003
0.99898 0.00102
0.86987 0.13013
0.63315 0.36685
0.95701 0.04299
0.85286 0.14714
0.63315 0.36685
0.95701 0.04299
0.85286 0.14714
0.27000 0.73000
0.27000 0.73000
0.27000 0.73000
0.27000 0.73000
0.19661 0.80339
0.23898 0.76102
0.78193 0.21807
0.16656 0.83344
0.09353 0.90647
0.21317 0.78683
0.23705 0.76295
0.13702 0.86298
0.15994 0.84006
0.74173 0.25827
0.90257 0.09743
0.87363 0.12637
0.13825 0.86175
0.18353 0.81647
0.20975 0.79025
0.24253 0.75747
0.13825 0.86175
0.18353 0.81647
0.20975 0.79025
0.44696 0.55304
0.17278 0.82722
0.21193 0.78807
0.32202 0.67798
0.71747 0.28253
0.90944 0.09056
0.86698 0.13302
0.10462 0.89538
0.95497 0.04503
0.92843 0.07157
0.58519 0.41481
0.91614 0.08386
0.99246 0.00754
0.99246 0.00754
0.93556 0.06444
0.60519 0.39481
0.99986 0.00014
0.99759 0.00241
0.99935 0.00065
0.98784 0.01216
0.91329 0.08671
0.13495 0.86505
0.19802 0.80198
0.70741 0.29259
0.15403 0.84597
0.62240 0.37760
0.12676 0.87324
0.18053 0.81947
0.77070 0.22930
0.15482 0.84518
0.18285 0.81715
0.79391 0.20609
0.14921 0.85079
0.97108 0.02892
0.99634 0.00366
0.99289 0.00711
0.99370 0.00630
0.99971 0.00029
0.99594 0.00406
0.91773 0.08227
0.46644 0.53356
0.99538 0.00462
0.99869 0.00131
0.93437 0.06563
0.17670 0.82330
0.75309 0.24691
0.97976 0.02024
0.74257 0.25743
0.66793 0.33207
0.33607 0.66393
0.33607 0.66393
0.30512 0.69488
0.32913 0.67087
0.96834 0.03166
0.45129 0.54871
0.93029 0.06971
0.93029 0.06971
0.19025 0.80975
0.99791 0.00209
0.98901 0.01099
0.49405 0.50595
0.55912 0.44088
0.99919 0.00081
0.99604 0.00396
0.99932 0.00069
0.46125 0.53875
0.92174 0.07826
0.31939 0.68061
0.37362 0.62638
0.25718 0.74282
0.92831 0.07169
0.44094 0.55906
0.48930 0.51070
0.93718 0.06282
0.32726 0.67274
0.39940 0.60060
0.98358 0.01642
0.97745 0.02255
0.52431 0.47569
0.22665 0.77335
0.29149 0.70851
0.15359 0.84641
0.97421 0.02579
0.38944 0.61056
0.96620 0.03380
0.29835 0.70165
0.93011 0.06989
0.93011 0.06989
0.99995 0.00005
0.93011 0.06989
0.99995 0.00005
0.56455 0.43545
0.31782 0.68218
0.60678 0.39322
0.46443 0.53557
0.25558 0.74442
0.25558 0.74442
0.25558 0.74442
0.48123 0.51877
0.48123 0.51877
0.06455 0.93545
0.09950 0.90050
0.99860 0.00140
0.99840 0.00160
0.99030 0.00970
0.58462 0.41538
0.81355 0.18645
0.96190 0.03810
0.89724 0.10276
0.61512 0.38488
0.98840 0.01160
0.96017 0.03983
0.84636 0.15364
0.99899 0.00101
0.08577 0.91423
0.13434 0.86566
0.35298 0.64702
0.68299 0.31701
0.35298 0.64702
0.68299 0.31701
0.35298 0.64702
0.68299 0.31701
0.35298 0.64702
0.68299 0.31701
0.99999 0.00001
0.98430 0.01570
0.99999 0.00001
0.98702 0.01298
0.66578 0.33422
0.27666 0.72334
0.65312 0.34688
0.25505 0.74495
0.98778 0.01222
0.43393 0.56607
0.99841 0.00159
0.99974 0.00026
0.99861 0.00139
0.40884 0.59116
0.99979 0.00021
0.07020 0.92980
0.14578 0.85422
0.99986 0.00014
0.99963 0.00037
0.99986 0.00014
0.99986 0.00014
0.99971 0.00029
0.99991 0.00009
0.41381 0.58619
0.41381 0.58619
0.41381 0.58619
0.25562 0.74438
0.11281 0.88719
0.93148 0.06852
0.25845 0.74155
0.26327 0.73673
0.41569 0.58431
0.41569 0.58431
0.30459 0.69541
0.99878 0.00122
0.50216 0.49784
0.89209 0.10791
0.92299 0.07701
0.88009 0.11991
0.03666 0.96334
0.86019 0.13981
0.94660 0.05340
0.92837 0.07163
0.39772 0.60228
0.59567 0.40433
0.54906 0.45094
0.86019 0.13981
0.94660 0.05340
0.92837 0.07163
0.43495 0.56505
0.56543 0.43457
0.83068 0.16932
0.66475 0.33525
0.17395 0.82605
0.42655 0.57345
0.26066 0.73934
0.16219 0.83781
0.30966 0.69034
0.81332 0.18668
0.93033 0.06967
0.53267 0.46733
0.16673 0.83327
0.99647 0.00353
0.30588 0.69412
0.28155 0.71845
0.23285 0.76715
0.13132 0.86868
0.05244 0.94756
0.35275 0.64725
0.41092 0.58908
0.72446 0.27554
0.38641 0.61359
0.98769 0.01231
0.36910 0.63090
0.68801 0.31199
0.40328 0.59672
0.77354 0.22646
0.90321 0.09679
0.90321 0.09679
0.35694 0.64306
0.98612 0.01388
0.99480 0.00520
0.54409 0.45591
0.54409 0.45591
0.35015 0.64985
0.31780 0.68220
0.96056 0.03944
0.96924 0.03076
0.93908 0.06092
0.08832 0.91168
0.84358 0.15642
0.92949 0.07051
0.99999 0.00001
0.07365 0.92635
0.06190 0.93810
0.05561 0.94439
0.15981 0.84019
0.15806 0.84194
0.51187 0.48813
0.12784 0.87216
0.12783 0.87217
0.02523 0.97477
0.13056 0.86944
0.75356 0.24644
0.09987 0.90013
0.45898 0.54102
0.95529 0.04471
0.99997 0.00003
0.64947 0.35053
0.76318 0.23682
0.70890 0.29110
0.62428 0.37572
0.62428 0.37572
0.99948 0.00052
0.68054 0.31946
0.99936 0.00064
0.54498 0.45502
0.67058 0.32942
0.63445 0.36555
0.46546 0.53454
0.98440 0.01560
0.93628 0.06372
0.89609 0.10391
0.99929 0.00071
0.83628 0.16372
0.99864 0.00136
0.99787 0.00213
0.76784 0.23216
0.99712 0.00288
0.11839 0.88161
0.76009 0.23991
0.14380 0.85620
0.85130 0.14870
0.93574 0.06426
0.97198 0.02802
0.99431 0.00569
0.17681 0.82319
0.73644 0.26356
0.99734 0.00266
0.27531 0.72469
0.85421 0.14579
0.14643 0.85357
0.54137 0.45863
0.16328 0.83672
0.08593 0.91407
0.10439 0.89561
0.13295 0.86705
0.99670 0.00330
0.84852 0.15148
0.99952 0.00048
0.85857 0.14143
0.88289 0.11711
0.99790 0.00210
0.99854 0.00146
0.68972 0.31028
0.68972 0.31028
0.99380 0.00620
0.99380 0.00620
0.68972 0.31028
0.68972 0.31028
0.68972 0.31028
0.68972 0.31028
0.85251 0.14749
0.92489 0.07511
0.92489 0.07511
0.67514 0.32486
0.86603 0.13397
0.99985 0.00015
0.99926 0.00074
0.12213 0.87787
0.12833 0.87167
0.99983 0.00017
0.99979 0.00021
0.99979 0.00021
0.99938 0.00062
0.99565 0.00435
0.98516 0.01484
0.98516 0.01484
0.13903 0.86097
0.97096 0.02904
0.19578 0.80422
0.72000 0.28000
0.11619 0.88381
0.11928 0.88072
0.28026 0.71974
0.21589 0.78411
0.99442 0.00558
0.98280 0.01720
0.56281 0.43719
0.56281 0.43719
0.04084 0.95916
0.99913 0.00087
0.91862 0.08138
0.27367 0.72633
0.27221 0.72779
0.35902 0.64098
0.75010 0.24990
0.81022 0.18978
0.80360 0.19640
0.86217 0.13783
0.80163 0.19837
0.78602 0.21398
0.19423 0.80577
0.24440 0.75560
0.15215 0.84785
0.18402 0.81598
0.12518 0.87482
0.51528 0.48472
0.21868 0.78132
0.78809 0.21191
0.82217 0.17783
0.90065 0.09935
0.29424 0.70576
0.71430 0.28570
0.71430 0.28570
0.07066 0.92934
0.22911 0.77089
0.75534 0.24466
0.37853 0.62147
0.92917 0.07083
0.42704 0.57296
0.42704 0.57296
0.42704 0.57296
0.42704 0.57296
0.12184 0.87816
0.11761 0.88239
0.07728 0.92272
0.12503 0.87497
0.99532 0.00468
0.12497 0.87503
0.87260 0.12740
0.71558 0.28442
0.80679 0.19321
0.80679 0.19321
0.96209 0.03791
0.99575 0.00425
0.99683 0.00317
0.99683 0.00317
0.95645 0.04355
0.95645 0.04355
0.37314 0.62686
0.37679 0.62321
0.83342 0.16658
0.83342 0.16658
0.99999 0.00001
0.99811 0.00189
0.99811 0.00189
0.99980 0.00020
0.99774 0.00226
0.19934 0.80066
0.99972 0.00028
0.92222 0.07778
0.97870 0.02130
0.97799 0.02201
0.97721 0.02279
0.97276 0.02724
0.99957 0.00043
0.99794 0.00206
0.99935 0.00065
0.99935 0.00065
0.09349 0.90651
0.08659 0.91341
0.99692 0.00308
0.44881 0.55119
0.76502 0.23498
0.56013 0.43987
0.30470 0.69530
0.47798 0.52202
0.97326 0.02674
0.11604 0.88396
0.49925 0.50075
0.13789 0.86211
0.99433 0.00567
0.47798 0.52202
0.97326 0.02674
0.11604 0.88396
0.96238 0.03762
0.56930 0.43070
0.56184 0.43816
0.90549 0.09451
0.99632 0.00368
0.82262 0.17738
0.36002 0.63998
0.36002 0.63998
0.80765 0.19235
0.79383 0.20617
0.40554 0.59446
0.40554 0.59446
0.79544 0.20456
0.79712 0.20288
0.29570 0.70430
0.37238 0.62762
0.19063 0.80937
0.37238 0.62762
0.17128 0.82872
0.18726 0.81274
0.17128 0.82872
0.17128 0.82872
0.18726 0.81274
0.17128 0.82872
0.95864 0.04136
0.88565 0.11435
0.43560 0.56440
0.26588 0.73412
0.99793 0.00207
0.99843 0.00157
0.42556 0.57444
0.39440 0.60560
0.41879 0.58121
0.38769 0.61231
0.99919 0.00081
0.39446 0.60554
0.14136 0.85864
0.16887 0.83113
0.91606 0.08394
0.51769 0.48231
0.26981 0.73019
0.22804 0.77196
0.30759 0.69241
0.31638 0.68362
0.83977 0.16023
0.76520 0.23480
0.70009 0.29991
0.64359 0.35641
0.64449 0.35551
0.31490 0.68510
0.23312 0.76688
0.30164 0.69836
0.27499 0.72501
0.35352 0.64648
0.99659 0.00341
0.49683 0.50317
0.49683 0.50317
0.05759 0.94241
0.99475 0.00525
0.98969 0.01031
0.98972 0.01028
0.99336 0.00664
0.99354 0.00646
0.12557 0.87443
0.30791 0.69209
0.87249 0.12751
0.62120 0.37880
0.23576 0.76424
0.29030 0.70970
0.23250 0.76750
0.78828 0.21172
0.37358 0.62642
0.46167 0.53833
0.36447 0.63553
0.15315 0.84685
0.19442 0.80558
0.15345 0.84655
0.99139 0.00861
0.99139 0.00861
0.14160 0.85840
0.14160 0.85840
0.63070 0.36930
0.77189 0.22811
0.84576 0.15424
0.08787 0.91213
0.94620 0.05380
0.46066 0.53934
0.53908 0.46092
0.45481 0.54519
0.62878 0.37122
0.36303 0.63697
0.96923 0.03077
0.96715 0.03285
0.51073 0.48927
0.16007 0.83993
0.31398 0.68602
0.34217 0.65783
0.29417 0.70583
0.14675 0.85325
0.96626 0.03374
0.98910 0.01090
0.56003 0.43997
0.56003 0.43997
0.51233 0.48767
0.60380 0.39620
0.99928 0.00072
0.99898 0.00102
0.99895 0.00105
1.00000 0.00000
0.99929 0.00071
0.86847 0.13153
0.99873 0.00127
0.90294 0.09706
0.99891 0.00109
0.99931 0.00069
0.99062 0.00938
0.99913 0.00087
0.85312 0.14688
0.88543 0.11457
0.99985 0.00015
0.99335 0.00665
0.99155 0.00845
0.99480 0.00520
0.49721 0.50279
0.52832 0.47169
0.95914 0.04086
0.95720 0.04280
0.33942 0.66058
0.89627 0.10373
0.26265 0.73735
0.22396 0.77604
0.99809 0.00191
0.30067 0.69933
0.89890 0.10110
0.43037 0.56963
0.92716 0.07284
0.86182 0.13818
0.93086 0.06914
0.88996 0.11004
0.99869 0.00131
0.99923 0.00077
0.99585 0.00415
0.36493 0.63507
0.43192 0.56808
0.24782 0.75218
0.87090 0.12910
0.80916 0.19084
0.02024 0.97976
0.18897 0.81103
0.16515 0.83485
0.30669 0.69331
0.06928 0.93072
0.32136 0.67864
0.88830 0.11170
0.87697 0.12303
0.87329 0.12671
0.08118 0.91882
0.31297 0.68703
0.99633 0.00367
0.64576 0.35424
0.23296 0.76704
0.94168 0.05832
0.99967 0.00033
0.57132 0.42868
0.17892 0.82108
0.42599 0.57401
0.99494 0.00506
0.42599 0.57401
0.99494 0.00506
0.42599 0.57401
0.99494 0.00506
0.99002 0.00998
0.54403 0.45597
0.09309 0.90691
0.85566 0.14434
0.17864 0.82136
0.16895 0.83105
0.16795 0.83205
0.27451 0.72549
0.74256 0.25744
0.19591 0.80409
0.82416 0.17584
0.95372 0.04628
0.61816 0.38184
0.95372 0.04628
0.58041 0.41959
0.72349 0.27651
0.30212 0.69788
0.35334 0.64666
0.82543 0.17457
0.93874 0.06126
0.25302 0.74698
0.18195 0.81805
0.40106 0.59894
0.99636 0.00364
0.98775 0.01225
0.54753 0.45247
0.47368 0.52632
0.47368 0.52632
0.56068 0.43932
0.96549 0.03451
0.50090 0.49910
0.99195 0.00805
0.98069 0.01931
0.19065 0.80935
0.13194 0.86806
0.13484 0.86516
0.28687 0.71313
0.19740 0.80260
0.67724 0.32276
0.76960 0.23040
0.70471 0.29529
0.19349 0.80651
0.64369 0.35631
0.75080 0.24920
0.16769 0.83231
0.73472 0.26528
0.73472 0.26528
0.99408 0.00592
0.38012 0.61988
0.38012 0.61988
0.53405 0.46595
0.14735 0.85265
0.67284 0.32716
0.97242 0.02758
0.97031 0.02969
0.99042 0.00958
0.92359 0.07641
0.99195 0.00805
0.84988 0.15012
0.11950 0.88050
0.99956 0.00044
0.99950 0.00050
0.92490 0.07510
0.91405 0.08595
0.99607 0.00393
0.99879 0.00121
0.73596 0.26404
0.72357 0.27643
0.83876 0.16124
0.81815 0.18185
0.89036 0.10964
0.99183 0.00817
0.95775 0.04225
0.96126 0.03874
0.96182 0.03818
0.98205 0.01795
0.97520 0.02480
0.97985 0.02015
0.98584 0.01416
0.98346 0.01654
0.97639 0.02361
0.26282 0.73718
0.23228 0.76772
0.25423 0.74577
0.29902 0.70098
0.20283 0.79717
0.19216 0.80784
0.21162 0.78838
0.41900 0.58100
0.99347 0.00653
0.99989 0.00011
0.99986 0.00014
0.99961 0.00039
0.66412 0.33588
0.58415 0.41585
0.38493 0.61507
0.99862 0.00138
0.99997 0.00003
0.18317 0.81683
0.98541 0.01459
0.12367 0.87633
0.13153 0.86847
0.74561 0.25439
0.91305 0.08695
0.56499 0.43501
0.98192 0.01808
0.98384 0.01616
0.89872 0.10128
0.54241 0.45759
0.34244 0.65756
0.36582 0.63418
0.91779 0.08221
0.99944 0.00056
0.37959 0.62041
0.40395 0.59605
0.97990 0.02010
0.92173 0.07827
0.89464 0.10536
0.32073 0.67927
0.28444 0.71556
0.99992 0.00008
0.14444 0.85556
0.99995 0.00005
0.36443 0.63557
0.98773 0.01227
0.28554 0.71446
0.97808 0.02192
0.99993 0.00007
0.99994 0.00006
0.13095 0.86905
0.18794 0.81206
0.70388 0.29612
0.21213 0.78787
0.11154 0.88846
0.11764 0.88236
0.29635 0.70365
0.32700 0.67300
0.74670 0.25330
0.81193 0.18807
0.49808 0.50192
0.16545 0.83455
0.18771 0.81229
0.07548 0.92452
0.69956 0.30044
0.16445 0.83555
0.99960 0.00040
0.28847 0.71153
0.33910 0.66090
0.38369 0.61631
0.19111 0.80889
0.92052 0.07948
0.26314 0.73686
0.45133 0.54867
0.31510 0.68490
0.99504 0.00496
0.99923 0.00077
0.17706 0.82294
0.32317 0.67683
0.51670 0.48330
0.68896 0.31104
0.68896 0.31104
0.67932 0.32068
0.71810 0.28190
0.67932 0.32068
0.73489 0.26511
0.69549 0.30451
0.99275 0.00725
0.99087 0.00913
0.60839 0.39161
0.57114 0.42886
0.76978 0.23022
0.82080 0.17920
0.90103 0.09897
0.99986 0.00014
0.80967 0.19033
0.80967 0.19033
0.90103 0.09897
0.99986 0.00014
0.80967 0.19033
0.80967 0.19033
0.90103 0.09897
0.99986 0.00014
0.80967 0.19033
0.80967 0.19033
0.90103 0.09897
0.99986 0.00014
0.80967 0.19033
0.24831 0.75169
0.33519 0.66481
0.83082 0.16918
0.59005 0.40995
0.99877 0.00123
0.74404 0.25596
0.99927 0.00073
0.86342 0.13658
0.46355 0.53645
0.31479 0.68521
0.29250 0.70750
0.79957 0.20043
0.79957 0.20043
0.29250 0.70750
0.30810 0.69190
0.95792 0.04208
0.80996 0.19004
0.45463 0.54537
0.45463 0.54537
0.53172 0.46828
0.50482 0.49518
0.89054 0.10946
0.89054 0.10946
0.72690 0.27310
0.50685 0.49315
0.90107 0.09893
0.32918 0.67082
0.32918 0.67082
0.27601 0.72399
0.99983 0.00017
0.99983 0.00017
0.32875 0.67125
0.32918 0.67082
0.32918 0.67082
0.27601 0.72399
0.42986 0.57014
0.40526 0.59474
0.19928 0.80072
0.28701 0.71299
0.78131 0.21869
0.20549 0.79451
0.16376 0.83624
0.16376 0.83624
0.90288 0.09712
0.16337 0.83663
0.26480 0.73520
0.35722 0.64278
0.88403 0.11597
0.94896 0.05104
0.99836 0.00164
0.99952 0.00048
0.19785 0.80215
0.27503 0.72497
0.14863 0.85137
0.30248 0.69752
0.36212 0.63788
0.26704 0.73296
0.85754 0.14246
0.60793 0.39207
0.20785 0.79215
0.42964 0.57036
0.11826 0.88174
0.14192 0.85808
0.89337 0.10663
0.39126 0.60874
0.68198 0.31802
0.73700 0.26300
0.99962 0.00038
0.95580 0.04420
0.97511 0.02489
0.99673 0.00327
0.91416 0.08584
0.55265 0.44735
0.08161 0.91839
0.87094 0.12906
0.44420 0.55580
0.08837 0.91163
0.09133 0.90867
0.16063 0.83937
0.17211 0.82789
0.96549 0.03451
0.31646 0.68354
0.96873 0.03127
0.99372 0.00628
0.98657 0.01343
0.83755 0.16245
0.90134 0.09866
0.78819 0.21181
0.82897 0.17103
0.88942 0.11058
0.97414 0.02586
0.98477 0.01523
0.99418 0.00582
0.16840 0.83160
0.99917 0.00083
0.99209 0.00791
0.86818 0.13182
0.56492 0.43508
0.88728 0.11272
0.99384 0.00616
0.86818 0.13182
0.56492 0.43508
0.99971 0.00029
0.99962 0.00038
0.99971 0.00029
0.99962 0.00038
0.65610 0.34390
0.78706 0.21294
0.72221 0.27779
0.67772 0.32228
0.72249 0.27751
0.67772 0.32228
0.89522 0.10478
0.95733 0.04267
0.54828 0.45172
0.64084 0.35916
0.54828 0.45172
0.64084 0.35916
0.54828 0.45172
0.64084 0.35916
0.55902 0.44098
0.42805 0.57195
0.16396 0.83604
0.16396 0.83604
0.25096 0.74904
0.40080 0.59920
0.41485 0.58515
0.36466 0.63534
0.32067 0.67933
0.43290 0.56710
0.86953 0.13047
0.47883 0.52117
0.28258 0.71742
0.51302 0.48698
0.90576 0.09424
0.98985 0.01015
0.75441 0.24559
0.97479 0.02521
0.92749 0.07251
0.92749 0.07251
0.99312 0.00688
0.82384 0.17616
0.80292 0.19708
0.99913 0.00087
0.99968 0.00032
0.99969 0.00031
0.99940 0.00060
0.99741 0.00259
0.99980 0.00020
0.16351 0.83649
0.23731 0.76269
0.18720 0.81280
0.79328 0.20672
0.27412 0.72588
0.96906 0.03094
0.98187 0.01813
0.50425 0.49575
0.42222 0.57778
0.40969 0.59031
0.34709 0.65291
0.33748 0.66252
0.48410 0.51590
0.99591 0.00409
0.30846 0.69154
0.90049 0.09951
0.19538 0.80462
0.20846 0.79154
0.13165 0.86835
0.59497 0.40502
0.32906 0.67094
0.94000 0.06000
0.66707 0.33293
0.66707 0.33293
0.49467 0.50533
0.49467 0.50533
0.99914 0.00086
0.99914 0.00086
0.49467 0.50533
0.49467 0.50533
0.66915 0.33085
0.69362 0.30638
0.49412 0.50588
0.66845 0.33155
0.47984 0.52016
0.99998 0.00002
0.74662 0.25338
0.87811 0.12189
0.87753 0.12247
0.87753 0.12247
0.41758 0.58242
0.41758 0.58242
0.50973 0.49027
0.50973 0.49027
0.41758 0.58242
0.41758 0.58242
0.50973 0.49027
0.53426 0.46574
0.99867 0.00133
0.29011 0.70989
0.29011 0.70989
0.44719 0.55281
0.31894 0.68106
0.15762 0.84238
0.57111 0.42889
0.75983 0.24017
0.55664 0.44336
0.55664 0.44336
0.17095 0.82905
0.17990 0.82010
0.98970 0.01030
0.99614 0.00386
0.96356 0.03644
0.99928 0.00072
0.28371 0.71629
0.09351 0.90649
0.23064 0.76936
0.99560 0.00440
0.80472 0.19528
0.76307 0.23693
0.69840 0.30160
0.80951 0.19049
0.82948 0.17052
0.70183 0.29817
0.19074 0.80926
0.50130 0.49870
0.50130 0.49870
0.50215 0.49785
0.50215 0.49785
0.37508 0.62492
0.37508 0.62492
0.36838 0.63162
0.36838 0.63162
0.47605 0.52395
0.47759 0.52241
0.99997 0.00003
0.52853 0.47147
0.53013 0.46987
0.99951 0.00049
0.99551 0.00449
0.96291 0.03709
0.87170 0.12830
0.54976 0.45024
0.99349 0.00651
0.99349 0.00651
0.68956 0.31044
0.68814 0.31186
0.68142 0.31858
0.70787 0.29213
0.76450 0.23550
0.60149 0.39851
0.61073 0.38927
0.89435 0.10565
0.99990 0.00010
0.99993 0.00007
0.99920 0.00080
0.97783 0.02217
0.99987 0.00013
0.88110 0.11890
0.33536 0.66464
0.97783 0.02217
0.99987 0.00013
0.99933 0.00067
0.99933 0.00067
0.99643 0.00357
1.00000 0.00000
0.10564 0.89436
0.33304 0.66696
0.64577 0.35423
0.25131 0.74869
0.99761 0.00239
0.30252 0.69748
0.99823 0.00177
0.98168 0.01832
0.11054 0.88946
0.09409 0.90591
0.23473 0.76527
0.19064 0.80936
0.90090 0.09910
0.22752 0.77248
0.99757 0.00243
0.45190 0.54810
0.88818 0.11182
0.33475 0.66525
0.80290 0.19710
0.92593 0.07407
0.92418 0.07582
0.70056 0.29944
0.67760 0.32240
0.84761 0.15239
0.31203 0.68797
0.06288 0.93712
0.06189 0.93811
0.07136 0.92864
0.07024 0.92976
0.23454 0.76546
0.20861 0.79139
0.28764 0.71236
0.25632 0.74368
0.30509 0.69491
0.27342 0.72658
0.16814 0.83186
0.15948 0.84052
0.15448 0.84552
0.31108 0.68892
0.31762 0.68238
0.95269 0.04731
0.71089 0.28911
0.35475 0.64525
0.30023 0.69977
0.27676 0.72324
0.28233 0.71767
0.27676 0.72324
0.23893 0.76107
0.23893 0.76107
0.25193 0.74807
0.17812 0.82188
0.23418 0.76582
0.44600 0.55400
0.09985 0.90015
0.99787 0.00213
0.40545 0.59455
0.99840 0.00160
0.52152 0.47848
0.99601 0.00399
0.97470 0.02530
0.99915 0.00085
0.95617 0.04383
0.99850 0.00150
0.52152 0.47848
0.99601 0.00399
0.33641 0.66359
0.77607 0.22393
0.58788 0.41212
0.97291 0.02709
0.98834 0.01166
0.97671 0.02329
0.98034 0.01966
0.96141 0.03859
0.96737 0.03263
0.94563 0.05437
0.95247 0.04753
0.33434 0.66566
0.15227 0.84773
0.21340 0.78660
0.99632 0.00368
0.29240 0.70760
0.52685 0.47315
0.04374 0.95626
0.86938 0.13062
0.15516 0.84484
0.77666 0.22334
0.12464 0.87536
0.08673 0.91327
0.81259 0.18741
0.95511 0.04489
0.17231 0.82769
0.18425 0.81575
0.31746 0.68254
0.08893 0.91107
0.13045 0.86955
0.15080 0.84920
0.12818 0.87182
0.14310 0.85690
0.17256 0.82744
0.16238 0.83762
0.19583 0.80417
0.50945 0.49055
0.55142 0.44858
0.50945 0.49055
0.55330 0.44670
0.51195 0.48805
0.17870 0.82130
0.09256 0.90744
0.09525 0.90475
0.99875 0.00125
0.99777 0.00223
0.86037 0.13963
0.99864 0.00136
0.19303 0.80697
0.28921 0.71079
0.44622 0.55378
0.78221 0.21779
0.95571 0.04429
0.36956 0.63044
0.26720 0.73280
0.93951 0.06049
0.71486 0.28514
0.31145 0.68855
0.99825 0.00175
0.97838 0.02162
0.31369 0.68631
0.30585 0.69415
0.99161 0.00839
0.12089 0.87911
0.25714 0.74286
0.21874 0.78126
0.89001 0.10999
0.45045 0.54955
0.99997 0.00003
0.10791 0.89209
0.19413 0.80587
0.30757 0.69243
0.57875 0.42125
0.27537 0.72463
0.99547 0.00453
0.09147 0.90853
0.47829 0.52171
0.17573 0.82427
0.20487 0.79513
0.70061 0.29939
0.99624 0.00375
0.90721 0.09279
0.94804 0.05196
0.98640 0.01360
0.58868 0.41132
0.19995 0.80005
0.05978 0.94022
0.56486 0.43514
0.47605 0.52395
0.76447 0.23553
0.99945 0.00055
0.56181 0.43819
0.30566 0.69434
0.18974 0.81026
0.54587 0.45413
0.81148 0.18852
0.14700 0.85300
0.14417 0.85583
0.99982 0.00018
0.18775 0.81225
0.98822 0.01178
0.20340 0.79660
0.68708 0.31292
0.89847 0.10153
0.32922 0.67078
0.27950 0.72050
0.98061 0.01939
0.32519 0.67481
0.63155 0.36845
0.87070 0.12930
0.75460 0.24540
0.73144 0.26856
0.70227 0.29773
0.97965 0.02035
0.99987 0.00013
0.99999 0.00001
0.99975 0.00025
0.47715 0.52285
0.55137 0.44863
0.38218 0.61782
0.43202 0.56798
0.56616 0.43384
0.28828 0.71172
0.42570 0.57430
0.24642 0.75358
0.36767 0.63233
0.09959 0.90041
0.87997 0.12003
0.35833 0.64167
0.63880 0.36120
0.12608 0.87392
0.27466 0.72534
0.88028 0.11972
0.78608 0.21392
0.59735 0.40265
0.78713 0.21287
0.79978 0.20022
0.62452 0.37548
0.35464 0.64536
0.24402 0.75598
0.33350 0.66650
0.34833 0.65167
0.61479 0.38521
0.78608 0.21392
0.59735 0.40265
0.78713 0.21287
0.79978 0.20022
0.62452 0.37548
0.91794 0.08206
0.97355 0.02645
0.96083 0.03917
0.91974 0.08026
0.79136 0.20864
0.56197 0.43803
0.91794 0.08206
0.97355 0.02645
0.96083 0.03917
0.91453 0.08547
0.79136 0.20864
0.56197 0.43803
0.92207 0.07793
0.92887 0.07113
0.93155 0.06845
0.62296 0.37704
0.17020 0.82980
0.16087 0.83913
0.16143 0.83857
0.89744 0.10256
0.99744 0.00256
0.22835 0.77165
0.19115 0.80885
0.69405 0.30595
0.96860 0.03140
0.20316 0.79684
0.18831 0.81169
0.99975 0.00025
0.32856 0.67144
0.99922 0.00078
0.99847 0.00153
0.54024 0.45976
0.34154 0.65846
0.79619 0.20381
0.71647 0.28353
0.12701 0.87299
0.21451 0.78549
0.66603 0.33397
0.29139 0.70861
0.16433 0.83567
0.15730 0.84270
0.15714 0.84286
0.97183 0.02817
0.98320 0.01680
0.99999 0.00001
0.99987 0.00013
0.56416 0.43584
0.63665 0.36335
0.81205 0.18795
0.86737 0.13263
0.81205 0.18795
0.86737 0.13263
0.34753 0.65247
0.39997 0.60003
0.95794 0.04206
0.95794 0.04206
0.89846 0.10154
0.89846 0.10154
0.58162 0.41838
0.58162 0.41838
0.16158 0.83842
0.33004 0.66996
0.15971 0.84029
0.28421 0.71579
0.97955 0.02045
0.90930 0.09070
0.13820 0.86180
0.37365 0.62635
0.18975 0.81025
0.99518 0.00482
0.98984 0.01016
0.99606 0.00394
0.69873 0.30127
0.69873 0.30127
0.79193 0.20807
0.79193 0.20807
0.43195 0.56805
0.43195 0.56805
0.96979 0.03021
0.96979 0.03021
0.76002 0.23998
0.76002 0.23998
0.99902 0.00098
0.10262 0.89738
0.32180 0.67820
0.70015 0.29985
0.65384 0.34616
0.54555 0.45445
0.69290 0.30710
0.29295 0.70705
0.30451 0.69549
0.25118 0.74882
0.29295 0.70705
0.79005 0.20995
0.72028 0.27972
0.81911 0.18089
0.80654 0.19346
0.76066 0.23934
0.52583 0.47417
0.99940 0.00060
0.74077 0.25923
0.92793 0.07207
0.99230 0.00770
0.87953 0.12047
0.99230 0.00770
0.93182 0.06818
0.87953 0.12047
0.36916 0.63084
0.78178 0.21822
0.70252 0.29748
0.28225 0.71775
0.50009 0.49991
0.77662 0.22338
0.18538 0.81462
0.71857 0.28143
0.16850 0.83150
0.21170 0.78830
0.06012 0.93988
0.45635 0.54365
0.83495 0.16505
0.93671 0.06329
0.63124 0.36876
0.89580 0.10420
0.60189 0.39811
0.99978 0.00022
0.53323 0.46677
0.95843 0.04157
0.05165 0.94835
0.22227 0.77773
0.97919 0.02081
0.22983 0.77017
0.19548 0.80452
0.22983 0.77017
0.19548 0.80452
0.93571 0.06429
0.87033 0.12967
0.41457 0.58543
0.63274 0.36726
0.98944 0.01056
0.95843 0.04157
0.38046 0.61954
0.99502 0.00498
0.99677 0.00323
0.39086 0.60914
0.99070 0.00930
0.99917 0.00083
0.98347 0.01653
0.98144 0.01856
0.58751 0.41249
0.99849 0.00151
0.99292 0.00708
0.99950 0.00050
0.69020 0.30980
0.99989 0.00011
0.99985 0.00015
0.44935 0.55065
0.39617 0.60383
0.06978 0.93022
0.62739 0.37261
0.49303 0.50697
0.97970 0.02030
0.96678 0.03322
0.44318 0.55682
0.69431 0.30569
0.99994 0.00006
0.99998 0.00002
0.99998 0.00002
0.89325 0.10675
0.89325 0.10675
0.71212 0.28788
0.99943 0.00057
0.39869 0.60131
0.92754 0.07246
0.39869 0.60131
0.92754 0.07246
0.52430 0.47570
0.52949 0.47051
0.99623 0.00377
0.62452 0.37548
0.72592 0.27408
0.72476 0.27524
0.81558 0.18442
0.37391 0.62609
0.40840 0.59160
0.78783 0.21217
0.78920 0.21080
0.80405 0.19595
0.29652 0.70348
0.92648 0.07352
0.31171 0.68829
0.93693 0.06307
0.93723 0.06277
0.12784 0.87216
0.15570 0.84430
0.99993 0.00007
0.16874 0.83126
0.99982 0.00018
0.99878 0.00122
0.99902 0.00098
0.99946 0.00054
0.99999 0.00001
0.88186 0.11814
0.30378 0.69622
0.79686 0.20314
0.73885 0.26115
0.79811 0.20189
0.88472 0.11528
0.21669 0.78331
0.99053 0.00947
0.16461 0.83539
0.21669 0.78331
0.75953 0.24047
0.21669 0.78331
0.99053 0.00947
0.16461 0.83539
0.21669 0.78331
0.75953 0.24047
0.99911 0.00089
0.74384 0.25616
0.99911 0.00089
0.83978 0.16022
0.14721 0.85279
0.99240 0.00760
0.99604 0.00396
0.95968 0.04032
0.98438 0.01562
0.18777 0.81223
0.25497 0.74503
0.99879 0.00121
0.99844 0.00156
0.85618 0.14382
0.98411 0.01589
0.24547 0.75453
0.99577 0.00423
0.88722 0.11278
0.99038 0.00962
0.47661 0.52339
0.99772 0.00228
0.85401 0.14599
0.99750 0.00250
0.89072 0.10928
0.99122 0.00878
0.99928 0.00072
0.99918 0.00082
0.99970 0.00030
0.99942 0.00058
0.99959 0.00041
0.99918 0.00082
0.95329 0.04671
0.96494 0.03506
0.94818 0.05182
0.95268 0.04732
0.93099 0.06901
0.87707 0.12293
0.99500 0.00500
0.42735 0.57265
0.99340 0.00660
0.88421 0.11579
0.99567 0.00433
0.84843 0.15157
0.99435 0.00565
0.62130 0.37870
0.46039 0.53961
0.41615 0.58385
0.99999 0.00001
0.85013 0.14987
0.15087 0.84913
0.74168 0.25832
0.56630 0.43370
0.75076 0.24924
0.98915 0.01085
0.52589 0.47411
0.98976 0.01024
0.74191 0.25809
0.59543 0.40457
0.75833 0.24167
0.52223 0.47777
0.73547 0.26453
0.86558 0.13442
0.12991 0.87009
0.60682 0.39318
0.78891 0.21109
0.83929 0.16071
0.66440 0.33560
0.92561 0.07439
0.97978 0.02022
0.86551 0.13449
0.48564 0.51436
0.87134 0.12866
0.85971 0.14029
0.95769 0.04231
0.08172 0.91828
0.37268 0.62732
0.45075 0.54925
0.44835 0.55165
0.52356 0.47644
0.37195 0.62805
0.45075 0.54925
0.21487 0.78513
0.20095 0.79905
0.20095 0.79905
0.20095 0.79905
0.20095 0.79905
0.15485 0.84515
0.12059 0.87941
0.21506 0.78494
0.26341 0.73659
0.24653 0.75347
0.30184 0.69816
0.30706 0.69294
0.30706 0.69294
0.23163 0.76837
0.18607 0.81393
0.32101 0.67899
0.37510 0.62490
0.32160 0.67840
0.31304 0.68696
0.37510 0.62490
0.32160 0.67840
0.39491 0.60509
0.56915 0.43085
0.48780 0.51220
0.48780 0.51220
0.53965 0.46035
0.25017 0.74983
0.19015 0.80985
0.24207 0.75793
0.46676 0.53324
0.13129 0.86871
0.07547 0.92453
0.57665 0.42335
0.61081 0.38919
0.17987 0.82013
0.49226 0.50774
0.14499 0.85501
0.52256 0.47744
0.52256 0.47744
0.56446 0.43554
0.56446 0.43554
0.12980 0.87020
0.12980 0.87020
0.38519 0.61481
0.38519 0.61481
0.12980 0.87020
0.12980 0.87020
0.12322 0.87678
0.96805 0.03195
0.95887 0.04113
0.57957 0.42043
0.50795 0.49205
0.53635 0.46365
0.57535 0.42465
0.55558 0.44442
0.99994 0.00006
0.99995 0.00005
0.99212 0.00788
0.98968 0.01032
0.99459 0.00541
0.93284 0.06716
0.97317 0.02683
0.96199 0.03801
0.96199 0.03801
0.69869 0.30131
0.52029 0.47971
0.74813 0.25187
0.78591 0.21409
0.69578 0.30422
0.92491 0.07509
0.92491 0.07509
0.94020 0.05980
0.43781 0.56219
0.44314 0.55686
0.83032 0.16968
0.99834 0.00166
0.99994 0.00006
0.80819 0.19181
0.81979 0.18021
0.65561 0.34439
0.74465 0.25535
0.75195 0.24805
0.82813 0.17187
0.81189 0.18811
0.86213 0.13787
0.84879 0.15121
0.53803 0.46197
0.31156 0.68844
0.94538 0.05462
0.42296 0.57704
0.16350 0.83650
0.30831 0.69169
0.24563 0.75437
0.99605 0.00395
0.29505 0.70495
0.99856 0.00144
0.97717 0.02283
0.97666 0.02334
0.98938 0.01062
0.18651 0.81349
0.99766 0.00234
0.99766 0.00234
0.99749 0.00251
0.99749 0.00251
0.99915 0.00085
0.99915 0.00085
0.98744 0.01256
0.98744 0.01256
0.99766 0.00234
0.99766 0.00234
0.85538 0.14462
0.98028 0.01972
0.16980 0.83020
0.78157 0.21843
0.24853 0.75147
0.85647 0.14353
0.29682 0.70318
0.99623 0.00377
0.14501 0.85499
0.62688 0.37312
0.25087 0.74913
0.77526 0.22474
0.98224 0.01776
0.91887 0.08113
0.82351 0.17649
0.30211 0.69789
0.46474 0.53526
0.90118 0.09882
0.30247 0.69753
0.99939 0.00061
0.99939 0.00061
0.99948 0.00052
0.66871 0.33129
0.66871 0.33129
0.66871 0.33129
0.66871 0.33129
0.66871 0.33129
0.66871 0.33129
0.23241 0.76759
0.66290 0.33710
0.99892 0.00108
0.96571 0.03429
0.99884 0.00116
0.99998 0.00002
0.99968 0.00032
0.10027 0.89973
0.61235 0.38765
0.34605 0.65395
0.54450 0.45550
0.73631 0.26369
0.73631 0.26369
0.29602 0.70398
0.17833 0.82167
0.89986 0.10014
0.50279 0.49721
0.99963 0.00037
0.99969 0.00031
0.95906 0.04094
0.91221 0.08779
0.51261 0.48739
0.38190 0.61810
0.28911 0.71089
0.29527 0.70473
0.17672 0.82328
0.16910 0.83090
0.81588 0.18412
0.16910 0.83090
0.81588 0.18412
0.44246 0.55754
0.36203 0.63797
0.26066 0.73934
0.31800 0.68200
0.29845 0.70155
0.44246 0.55754
0.52421 0.47579
0.44246 0.55754
0.36203 0.63797
0.26066 0.73934
0.31800 0.68200
0.29845 0.70155
0.44246 0.55754
0.52421 0.47579
0.44246 0.55754
0.36203 0.63797
0.26066 0.73934
0.31800 0.68200
0.29845 0.70155
0.44246 0.55754
0.52421 0.47579
0.97823 0.02177
0.50299 0.49701
0.90907 0.09093
0.48995 0.51005
0.77465 0.22535
0.25863 0.74137
0.88479 0.11521
0.03799 0.96201
0.29025 0.70975
0.99990 0.00010
0.25254 0.74746
0.13530 0.86470
0.77748 0.22252
0.89716 0.10284
0.76053 0.23947
0.72118 0.27882
0.65123 0.34877
0.02967 0.97033
0.16789 0.83211
0.11795 0.88205
0.23660 0.76340
0.97576 0.02424
0.19414 0.80586
0.09194 0.90806
0.14003 0.85997
0.66080 0.33920
0.35239 0.64761
0.09544 0.90456
0.09544 0.90456
0.53762 0.46238
0.53762 0.46238
0.16821 0.83179
0.44402 0.55598
0.27361 0.72639
0.26239 0.73761
0.18334 0.81666
0.75420 0.24580
0.99721 0.00279
0.29759 0.70241
0.79517 0.20483
0.79400 0.20600
0.36718 0.63282
0.99892 0.00108
0.88842 0.11158
0.99704 0.00296
0.75868 0.24132
0.10408 0.89592
0.35102 0.64898
0.32750 0.67250
0.99990 0.00010
0.78965 0.21035
0.95317 0.04683
0.58053 0.41947
0.58464 0.41536
0.82517 0.17483
0.62061 0.37939
0.33950 0.66050
0.29401 0.70599
0.73571 0.26429
0.60648 0.39352
0.53423 0.46577
0.70626 0.29374
0.21729 0.78271
0.21391 0.78609
0.27513 0.72487
0.23276 0.76724
0.52746 0.47254
0.45077 0.54923
0.42540 0.57460
0.31881 0.68119
0.92521 0.07479
0.23358 0.76642
0.99986 0.00014
0.94625 0.05375
0.63860 0.36140
0.99936 0.00064
0.99940 0.00060
0.62007 0.37993
0.99970 0.00030
0.15517 0.84483
0.98178 0.01822
0.97169 0.02831
0.39072 0.60928
0.33253 0.66747
0.98178 0.01822
0.97169 0.02831
0.39072 0.60928
0.33253 0.66747
0.99990 0.00010
0.99984 0.00016
0.50732 0.49268
0.44976 0.55024
0.50732 0.49268
0.44976 0.55024
0.98496 0.01504
0.52533 0.47467
0.99489 0.00511
0.73809 0.26191
0.99990 0.00010
0.99984 0.00016
0.18576 0.81424
0.12337 0.87663
0.54879 0.45121
0.10396 0.89604
0.66390 0.33610
0.66390 0.33610
0.98026 0.01974
0.98026 0.01974
0.98026 0.01974
0.98026 0.01974
0.40511 0.59489
0.42138 0.57862
0.69210 0.30790
0.28286 0.71714
0.50920 0.49080
0.22122 0.77878
0.09144 0.90856
0.23360 0.76640
0.18210 0.81790
0.20489 0.79511
0.45379 0.54621
0.41007 0.58993
0.41007 0.58993
0.67690 0.32310
0.25069 0.74931
0.84391 0.15609
0.84391 0.15609
0.83096 0.16904
0.83096 0.16904
0.47552 0.52448
0.47880 0.52120
0.33587 0.66413
0.33881 0.66119
0.99230 0.00770
0.99218 0.00782
0.99140 0.00860
0.99128 0.00872
0.47552 0.52448
0.47880 0.52120
0.54470 0.45530
0.99414 0.00586
0.42543 0.57457
0.95756 0.04244
0.97584 0.02416
0.99927 0.00073
0.53976 0.46024
0.62380 0.37620
0.99397 0.00603
0.61614 0.38386
0.64709 0.35291
0.74686 0.25314
0.28783 0.71217
0.40741 0.59259
0.67320 0.32680
0.87070 0.12930
0.99994 0.00006
0.60215 0.39785
0.98818 0.01182
0.37275 0.62725
0.47982 0.52018
0.99940 0.00060
0.71397 0.28603
0.37433 0.62567
0.31517 0.68483
0.31517 0.68483
0.31517 0.68483
0.31517 0.68483
0.17097 0.82903
0.79635 0.20365
0.17097 0.82903
0.79635 0.20365
0.52656 0.47344
0.69913 0.30087
0.69821 0.30179
0.87802 0.12198
0.31273 0.68727
0.24809 0.75191
0.17489 0.82511
0.21303 0.78697
0.19946 0.80054
0.31273 0.68727
0.38807 0.61193
0.18006 0.81994
0.19992 0.80008
0.15651 0.84349
0.31273 0.68727
0.24809 0.75191
0.17489 0.82511
0.21303 0.78697
0.19946 0.80054
0.31273 0.68727
0.38807 0.61193
0.18006 0.81994
0.19992 0.80008
0.15651 0.84349
0.31273 0.68727
0.24809 0.75191
0.17489 0.82511
0.21303 0.78697
0.19946 0.80054
0.31273 0.68727
0.38807 0.61193
0.18006 0.81994
0.19992 0.80008
0.15651 0.84349
0.20266 0.79734
0.16315 0.83685
0.22056 0.77944
0.34163 0.65837
0.33057 0.66943
0.89625 0.10375
0.20337 0.79663
0.66744 0.33256
0.21006 0.78994
0.17016 0.82984
0.66744 0.33256
0.21006 0.78994
0.66744 0.33256
0.21006 0.78994
0.17016 0.82984
0.66744 0.33256
0.21006 0.78994
0.45194 0.54806
0.45194 0.54806
0.99981 0.00019
0.45194 0.54806
0.45194 0.54806
0.45194 0.54806
0.99981 0.00019
0.45194 0.54806
0.91252 0.08748
0.91252 0.08748
0.54601 0.45399
0.94859 0.05141
0.54601 0.45399
0.53596 0.46404
0.96401 0.03599
0.70488 0.29512
0.73864 0.26136
0.69606 0.30394
0.71236 0.28764
0.73076 0.26924
0.56512 0.43488
0.45729 0.54271
0.77440 0.22560
0.85045 0.14955
0.83305 0.16695
0.97184 0.02816
0.97698 0.02302
0.29514 0.70486
0.28837 0.71163
0.10333 0.89667
0.24046 0.75954
0.28680 0.71320
0.99993 0.00007
0.90846 0.09154
0.99970 0.00030
0.86168 0.13832
0.86168 0.13832
0.63611 0.36389
0.63611 0.36389
0.49264 0.50736
0.49264 0.50736
0.53028 0.46972
0.53028 0.46972
0.93042 0.06958
0.96751 0.03249
0.99937 0.00063
0.99986 0.00014
0.99952 0.00048
0.92432 0.07568
0.99873 0.00127
0.93152 0.06848
0.69408 0.30592
0.95360 0.04640
0.97076 0.02924
0.62415 0.37585
0.99941 0.00059
0.99919 0.00081
0.97551 0.02449
0.98349 0.01651
0.99878 0.00122
0.99749 0.00251
0.98591 0.01409
0.90355 0.09645
0.97000 0.03000
0.93624 0.06376
0.98133 0.01867
0.70477 0.29523
0.61617 0.38383
0.97076 0.02924
0.99957 0.00043
0.94721 0.05279
0.88430 0.11570
0.95976 0.04024
0.94932 0.05068
0.94717 0.05283
0.44663 0.55337
0.28538 0.71462
0.76304 0.23696
0.07995 0.92005
0.42957 0.57043
0.18443 0.81557
0.20063 0.79937
0.94685 0.05315
0.98850 0.01150
0.31350 0.68650
0.94871 0.05129
0.78657 0.21343
0.94426 0.05574
0.28912 0.71088
0.78993 0.21007
0.34168 0.65832
0.98586 0.01414
0.99909 0.00091
0.83886 0.16114
0.99924 0.00076
0.76415 0.23585
0.99920 0.00080
0.72027 0.27973
0.99979 0.00021
0.88653 0.11347
0.99928 0.00072
0.99793 0.00207
0.99781 0.00219
0.99993 0.00007
0.99974 0.00026
0.99972 0.00028
0.61062 0.38938
0.81586 0.18414
0.10742 0.89258
0.17272 0.82728
0.85388 0.14612
0.97710 0.02290
0.29096 0.70904
0.25878 0.74122
0.96280 0.03720
0.61975 0.38025
0.90394 0.09606
0.61770 0.38230
0.95401 0.04599
0.82250 0.17750
0.89868 0.10132
0.46053 0.53947
0.99942 0.00058
0.34425 0.65575
0.38021 0.61979
0.44612 0.55388
0.34425 0.65575
0.38021 0.61979
0.44612 0.55388
0.57595 0.42405
0.17205 0.82795
0.22765 0.77235
0.22765 0.77235
0.45003 0.54997
0.20651 0.79349
0.20679 0.79321
0.24593 0.75407
0.41814 0.58186
0.31406 0.68594
0.41423 0.58577
0.31001 0.68999
0.31911 0.68089
0.31224 0.68776
0.30987 0.69013
0.37218 0.62782
0.15007 0.84993
0.33950 0.66050
0.20000 0.80000
0.14264 0.85736
0.16498 0.83502
0.65457 0.34543
0.22885 0.77115
0.31825 0.68175
0.36895 0.63105
0.60651 0.39349
0.90453 0.09547
0.13471 0.86529
0.72854 0.27146
0.73440 0.26560
0.18008 0.81992
0.93133 0.06867
0.98106 0.01894
0.98533 0.01467
0.11676 0.88324
0.99853 0.00147
0.99853 0.00147
0.60869 0.39131
0.60869 0.39131
0.60869 0.39131
0.60869 0.39131
0.99809 0.00191
0.99809 0.00191
0.99949 0.00051
0.99949 0.00051
0.99037 0.00963
0.97565 0.02435
0.99499 0.00501
0.95787 0.04213
0.36725 0.63275
0.16881 0.83119
0.32769 0.67231
0.34604 0.65396
0.07915 0.92085
0.97068 0.02932
0.98034 0.01966
0.93586 0.06414
0.95707 0.04293
0.96790 0.03210
0.83793 0.16207
0.97796 0.02204
0.88271 0.11729
0.97796 0.02204
0.88271 0.11729
0.91828 0.08172
0.93989 0.06011
0.16570 0.83430
0.11872 0.88128
0.15192 0.84808
0.10201 0.89799
0.10287 0.89713
0.05554 0.94446
0.24390 0.75610
0.06531 0.93469
0.16316 0.83684
0.16316 0.83684
0.95847 0.04153
0.92894 0.07106
0.99235 0.00765
0.80242 0.19758
0.99721 0.00279
0.70016 0.29984
0.97614 0.02386
0.98589 0.01411
0.98589 0.01411
0.98589 0.01411
0.80962 0.19038
0.26654 0.73346
0.69150 0.30850
0.97410 0.02590
0.95855 0.04145
0.99950 0.00050
0.99505 0.00495
0.99887 0.00113
0.99828 0.00172
0.33419 0.66581
0.31379 0.68621
0.88347 0.11653
0.99868 0.00132
0.99807 0.00193
0.99850 0.00150
0.99851 0.00149
0.99974 0.00026
0.99964 0.00036
0.99944 0.00056
0.34456 0.65544
0.99960 0.00040
0.42605 0.57395
0.44739 0.55261
0.32155 0.67845
0.62835 0.37165
0.29404 0.70596
0.99257 0.00743
0.67139 0.32861
0.16727 0.83273
0.99776 0.00224
0.81293 0.18707
0.99776 0.00224
0.81293 0.18707
0.92442 0.07558
0.94309 0.05691
0.37424 0.62576
0.37538 0.62462
0.37424 0.62576
0.40641 0.59359
0.37424 0.62576
0.37538 0.62462
0.37424 0.62576
0.40641 0.59359
0.30839 0.69161
0.32264 0.67736
0.13973 0.86027
0.14441 0.85559
0.19892 0.80108
0.20744 0.79256
0.26964 0.73036
0.37284 0.62716
0.60615 0.39385
0.36113 0.63887
0.34784 0.65216
0.14474 0.85526
0.83689 0.16311
0.96723 0.03277
0.98435 0.01565
0.98693 0.01307
0.98752 0.01248
0.84247 0.15753
0.99226 0.00774
0.99398 0.00602
0.76408 0.23592
0.98409 0.01591
0.84363 0.15637
0.91446 0.08554
0.94426 0.05574
0.92553 0.07447
0.95602 0.04398
0.95695 0.04305
0.80813 0.19187
0.78665 0.21335
0.97774 0.02226
0.75165 0.24835
0.99208 0.00792
0.75165 0.24835
0.99208 0.00792
0.98685 0.01315
0.25584 0.74416
0.74338 0.25662
0.74338 0.25662
0.29558 0.70442
0.40181 0.59819
0.41675 0.58325
0.30829 0.69171
0.40613 0.59387
0.54640 0.45360
0.49351 0.50649
0.56770 0.43230
0.44435 0.55565
0.61998 0.38002
0.08330 0.91670
0.08237 0.91763
0.67205 0.32795
0.63675 0.36325
0.19620 0.80380
0.99730 0.00270
0.13372 0.86628
0.98894 0.01106
0.15173 0.84827
0.50659 0.49341
0.99459 0.00541
0.50659 0.49341
0.57613 0.42387
0.09727 0.90273
0.28233 0.71767
0.99310 0.00690
0.92003 0.07997
0.99968 0.00032
0.89177 0.10823
0.99989 0.00011
0.64254 0.35746
0.56916 0.43084
0.96245 0.03755
0.13582 0.86418
0.13582 0.86418
0.77424 0.22576
0.77424 0.22576
0.24468 0.75532
0.24468 0.75532
0.99988 0.00012
0.11307 0.88693
0.48116 0.51884
0.98797 0.01203
0.76396 0.23604
0.76396 0.23604
0.24299 0.75701
0.24299 0.75701
0.14620 0.85380
0.14620 0.85380
0.95862 0.04138
0.95862 0.04138
0.22149 0.77851
0.22149 0.77851
0.40806 0.59194
0.40806 0.59194
0.22149 0.77851
0.22149 0.77851
0.95862 0.04138
0.95862 0.04138
0.40806 0.59194
0.40806 0.59194
0.51794 0.48206
0.74610 0.25390
0.71366 0.28634
0.91041 0.08959
0.71966 0.28034
0.40809 0.59191
0.61090 0.38910
0.91884 0.08116
0.88946 0.11054
0.73305 0.26695
0.18707 0.81293
0.20452 0.79548
0.88922 0.11078
0.88314 0.11686
0.99996 0.00004
0.76506 0.23494
0.75667 0.24333
0.29908 0.70092
0.54065 0.45935
0.99992 0.00008
0.10896 0.89104
0.55697 0.44303
0.43168 0.56832
0.43168 0.56832
0.57892 0.42108
0.58086 0.41914
0.99783 0.00217
0.70433 0.29567
0.80659 0.19341
0.59066 0.40934
0.99783 0.00217
0.70433 0.29567
0.96521 0.03479
0.26709 0.73291
0.14683 0.85317
0.99358 0.00642
0.35450 0.64550
0.28258 0.71742
0.47180 0.52820
0.39547 0.60453
0.49069 0.50931
0.74269 0.25731
0.56533 0.43467
0.52021 0.47979
0.44753 0.55247
0.21014 0.78986
0.77117 0.22883
0.89364 0.10636
0.98061 0.01939
0.27718 0.72282
0.18830 0.81170
0.85753 0.14247
0.84774 0.15226
0.25600 0.74400
0.76060 0.23940
0.36128 0.63872
0.09368 0.90632
0.45221 0.54779
0.83665 0.16335
0.45195 0.54805
0.14469 0.85531
0.94443 0.05557
0.89460 0.10540
0.89460 0.10540
0.98226 0.01774
0.45109 0.54891
0.54175 0.45825
0.98226 0.01774
0.45109 0.54891
0.54175 0.45825
0.86441 0.13559
0.95121 0.04879
0.96514 0.03486
0.99800 0.00200
0.99875 0.00125
0.99769 0.00231
0.50052 0.49948
0.99778 0.00222
0.21907 0.78093
0.93825 0.06175
0.28859 0.71141
0.14738 0.85262
0.54393 0.45607
0.23108 0.76892
0.65163 0.34837
0.99996 0.00004
0.99319 0.00681
0.98555 0.01445
0.52976 0.47024
0.99694 0.00306
0.99835 0.00165
0.99860 0.00140
0.91744 0.08256
0.87272 0.12728
0.92272 0.07728
0.99982 0.00018
0.99674 0.00326
0.34758 0.65242
0.97006 0.02994
0.41783 0.58217
0.23135 0.76865
0.99936 0.00064
0.29531 0.70469
0.25511 0.74489
0.99984 0.00016
0.99959 0.00041
0.34224 0.65776
0.18708 0.81292
0.99998 0.00002
0.99998 0.00002
0.39427 0.60573
0.39427 0.60573
0.39427 0.60573
0.39427 0.60573
0.99999 0.00001
0.99450 0.00550
0.95706 0.04294
0.90694 0.09306
0.52284 0.47716
0.55755 0.44245
0.63057 0.36943
0.57349 0.42651
0.70268 0.29732
0.61774 0.38226
0.98599 0.01401
0.39408 0.60592
0.50164 0.49836
0.37406 0.62594
0.34192 0.65808
0.26202 0.73798
0.27491 0.72509
0.30042 0.69958
0.12667 0.87333
0.81838 0.18162
0.31413 0.68587
0.89445 0.10555
0.42356 0.57644
0.19881 0.80119
0.73020 0.26980
0.87250 0.12750
0.34475 0.65525
0.26051 0.73949
0.23425 0.76575
0.99735 0.00265
0.99848 0.00152
0.58253 0.41747
0.58402 0.41598
0.96840 0.03160
0.33201 0.66799
0.86884 0.13116
0.25663 0.74337
0.81972 0.18028
0.96905 0.03095
0.68370 0.31630
0.99999 0.00001
0.72148 0.27852
0.99999 0.00001
0.67844 0.32156
0.99967 0.00033
0.66935 0.33065
0.99998 0.00002
0.57383 0.42617
0.99967 0.00033
0.66935 0.33065
0.99990 0.00010
0.85691 0.14309
0.99996 0.00004
0.47482 0.52518
0.56051 0.43949
0.72105 0.27895
0.72105 0.27895
0.72105 0.27895
0.72105 0.27895
0.58075 0.41925
0.52829 0.47171
0.43325 0.56675
0.76929 0.23071
0.30909 0.69091
0.64733 0.35267
0.65654 0.34346
0.66113 0.33887
0.77716 0.22284
0.78226 0.21774
0.62865 0.37135
0.58072 0.41928
0.91028 0.08972
0.68225 0.31775
0.30289 0.69711
0.98057 0.01943
0.86388 0.13612
0.73598 0.26402
0.27414 0.72586
0.88067 0.11933
0.99871 0.00129
0.99871 0.00129
0.99876 0.00124
0.99869 0.00131
0.99868 0.00132
0.99948 0.00052
0.78334 0.21666
0.73953 0.26047
0.80639 0.19361
0.76635 0.23365
0.78664 0.21336
0.74356 0.25644
0.59290 0.40710
0.56184 0.43816
0.59290 0.40710
0.56184 0.43816
0.66251 0.33749
0.65740 0.34260
0.70212 0.29788
0.69701 0.30299
0.99862 0.00138
0.99861 0.00139
0.67717 0.32283
0.67210 0.32790
0.70122 0.29878
0.69591 0.30409
0.99873 0.00127
0.99871 0.00129
0.67717 0.32283
0.67210 0.32790
0.99873 0.00127
0.99871 0.00129
0.70122 0.29878
0.69591 0.30409
0.99873 0.00127
0.99871 0.00129
0.56519 0.43481
0.59318 0.40682
0.99020 0.00980
0.57175 0.42825
0.99010 0.00990
0.59478 0.40522
0.99010 0.00990
0.68212 0.31788
0.71350 0.28650
0.79454 0.20546
0.99723 0.00277
0.38073 0.61927
0.40079 0.59921
0.69605 0.30395
0.22630 0.77370
1.00000 0.00000
0.46945 0.53055
0.46945 0.53055
0.92250 0.07750
0.99800 0.00200
0.99724 0.00276
0.91637 0.08363
0.91612 0.08388
0.82041 0.17959
0.78816 0.21184
0.73558 0.26442
0.75541 0.24459
0.69855 0.30145
0.79787 0.20213
0.89682 0.10318
0.94320 0.05680
0.91849 0.08151
0.86062 0.13938
0.93686 0.06314
0.91045 0.08955
0.93686 0.06314
0.91045 0.08955
0.48198 0.51802
0.51137 0.48863
0.52265 0.47735
0.41648 0.58352
0.44318 0.55682
0.46456 0.53544
0.51283 0.48717
0.53013 0.46987
0.33782 0.66218
0.36886 0.63114
0.44034 0.55966
0.46463 0.53537
0.48704 0.51296
0.44812 0.55188
0.28496 0.71504
0.87144 0.12856
0.08148 0.91852
0.88067 0.11933
0.14031 0.85969
0.99051 0.00949
0.97149 0.02851
0.43066 0.56934
0.84952 0.15048
0.54143 0.45857
0.61433 0.38567
0.21495 0.78505
0.46635 0.53365
0.58164 0.41836
0.30650 0.69350
0.42022 0.57978
0.50951 0.49049
0.50951 0.49049
0.11194 0.88806
0.10535 0.89465
0.99965 0.00035
0.12845 0.87155
0.99992 0.00008
0.74907 0.25093
0.99764 0.00236
0.11218 0.88782
0.77933 0.22067
0.99272 0.00728
0.76003 0.23997
0.28861 0.71139
0.94841 0.05159
0.39816 0.60184
0.38935 0.61065
0.91783 0.08217
0.39816 0.60184
0.60977 0.39023
0.74281 0.25719
0.73279 0.26721
0.78887 0.21113
0.23369 0.76631
0.99998 0.00002
0.99982 0.00018
0.99973 0.00027
0.99991 0.00009
0.54373 0.45627
0.52389 0.47611
0.92784 0.07216
0.92662 0.07338
0.54373 0.45627
0.52389 0.47611
0.91855 0.08145
0.91663 0.08336
0.34940 0.65060
0.35910 0.64090
0.85604 0.14396
0.85604 0.14396
0.99998 0.00002
0.99998 0.00002
0.99998 0.00002
0.99998 0.00002
0.99447 0.00553
0.99867 0.00133
0.12389 0.87611
0.82262 0.17738
0.32290 0.67710
0.52535 0.47465
0.91259 0.08741
0.57727 0.42273
0.57727 0.42273
0.57727 0.42273
0.57727 0.42273
0.26827 0.73173
0.26827 0.73173
0.99833 0.00167
0.99833 0.00167
0.26827 0.73173
0.26827 0.73173
0.28229 0.71771
0.93625 0.06375
0.99980 0.00020
0.99989 0.00011
0.88235 0.11765
0.98851 0.01149
0.50392 0.49608
0.50792 0.49208
0.99972 0.00028
0.70271 0.29729
0.94354 0.05646
0.99965 0.00035
0.99709 0.00291
0.98842 0.01158
0.99374 0.00626
0.97430 0.02570
0.99839 0.00161
0.99848 0.00152
0.25568 0.74432
0.30393 0.69607
0.93024 0.06976
0.95064 0.04936
0.10223 0.89777
0.17593 0.82407
0.99968 0.00032
0.16787 0.83213
0.99957 0.00043
0.99892 0.00108
0.99759 0.00241
0.98854 0.01146
0.99699 0.00301
0.46175 0.53825
0.46175 0.53825
0.68498 0.31502
0.78763 0.21237
0.77616 0.22384
0.98751 0.01249
0.97469 0.02531
0.38735 0.61265
0.97112 0.02888
0.57415 0.42585
0.65190 0.34810
0.70645 0.29355
0.54908 0.45092
0.83711 0.16288
0.69130 0.30870
0.27779 0.72221
0.41771 0.58229
0.14754 0.85246
0.12001 0.87999
0.22338 0.77662
0.14428 0.85572
0.97776 0.02224
0.21996 0.78004
0.56418 0.43582
0.61644 0.38356
0.07036 0.92964
0.87160 0.12840
0.97923 0.02077
0.99963 0.00037
0.89135 0.10865
0.69395 0.30605
0.88603 0.11397
0.88563 0.11437
0.88060 0.11940
0.84958 0.15042
0.88252 0.11748
0.64651 0.35349
0.77095 0.22905
0.41576 0.58424
0.53656 0.46344
0.80675 0.19325
0.71966 0.28034
0.71966 0.28034
0.35679 0.64321
0.10808 0.89192
0.14516 0.85484
0.99145 0.00855
0.98528 0.01472
0.25715 0.74285
0.99767 0.00233
0.03212 0.96788
0.08497 0.91503
0.90905 0.09095
0.30626 0.69374
0.99812 0.00188
0.99487 0.00513
0.99710 0.00290
0.12021 0.87979
0.87626 0.12374
0.87646 0.12354
0.91030 0.08970
0.90225 0.09775
0.24351 0.75649
0.23676 0.76324
0.64831 0.35169
0.66958 0.33042
0.63803 0.36197
0.63803 0.36197
0.90272 0.09728
0.90272 0.09728
0.68800 0.31200
0.99461 0.00539
0.88954 0.11046
0.42357 0.57643
0.73053 0.26947
0.98589 0.01411
0.11197 0.88803
0.99998 0.00002
0.99878 0.00122
0.99671 0.00329
0.43327 0.56673
0.99952 0.00048
0.31600 0.68400
0.40827 0.59173
0.99963 0.00037
0.27350 0.72650
0.80813 0.19187
0.27350 0.72650
0.80813 0.19187
0.99974 0.00026
0.99710 0.00290
0.40664 0.59336
0.99541 0.00459
0.29390 0.70610
0.99993 0.00007
0.29390 0.70610
0.99993 0.00007
0.99990 0.00010
0.99996 0.00004
0.99998 0.00002
0.56754 0.43246
0.18869 0.81131
0.28469 0.71531
0.25998 0.74002
0.85262 0.14738
0.96528 0.03472
0.87989 0.12011
0.35047 0.64953
0.92041 0.07959
0.99979 0.00021
0.99794 0.00206
0.99836 0.00164
0.87429 0.12571
0.86021 0.13979
0.85043 0.14957
0.83762 0.16238
0.67335 0.32665
0.63572 0.36428
0.62240 0.37760
0.65434 0.34566
0.61555 0.38445
0.60211 0.39789
0.81314 0.18686
0.48378 0.51622
0.52675 0.47325
0.49962 0.50038
0.52675 0.47325
0.49962 0.50038
0.41313 0.58687
0.42676 0.57324
0.24641 0.75359
0.41198 0.58802
0.07709 0.92291
0.08272 0.91728
0.41812 0.58188
0.89110 0.10890
0.42841 0.57159
0.99979 0.00021
0.94769 0.05231
0.65743 0.34257
0.71708 0.28292
0.74936 0.25064
0.71708 0.28292
0.34340 0.65660
0.30006 0.69994
0.30062 0.69938
0.28272 0.71728
0.33646 0.66354
0.55351 0.44649
0.26061 0.73939
0.20535 0.79465
0.27663 0.72337
0.45827 0.54173
0.99978 0.00022
0.90707 0.09293
0.65807 0.34193
0.54830 0.45170
0.70836 0.29164
0.07358 0.92642
0.41651 0.58349
0.83446 0.16554
0.88796 0.11204
0.34736 0.65264
0.95741 0.04259
0.40814 0.59186
0.95741 0.04259
0.40814 0.59186
0.95741 0.04259
0.40814 0.59186
0.97185 0.02815
0.91575 0.08425
0.76730 0.23270
0.83769 0.16231
0.98628 0.01372
0.85587 0.14413
0.44355 0.55645
0.98390 0.01610
0.99881 0.00119
0.27391 0.72609
0.27391 0.72609
0.27391 0.72609
0.27391 0.72609
0.33466 0.66534
0.58573 0.41427
0.58573 0.41427
0.58573 0.41427
0.58573 0.41427
0.69262 0.30738
0.42415 0.57585
0.41413 0.58587
0.87780 0.12220
0.53088 0.46912
0.99165 0.00835
0.83274 0.16726
0.48055 0.51945
0.91450 0.08550
0.99768 0.00232
0.99985 0.00015
0.91675 0.08325
0.99862 0.00138
0.93056 0.06944
0.81412 0.18588
0.64789 0.35211
0.93056 0.06944
0.81412 0.18588
0.64789 0.35211
0.50371 0.49629
0.99987 0.00013
0.92913 0.07087
0.92698 0.07302
0.82378 0.17622
0.67002 0.32998
0.26896 0.73104
0.41459 0.58541
0.56466 0.43534
0.50854 0.49146
0.99853 0.00147
0.12953 0.87047
0.97493 0.02507
0.99974 0.00026
0.20550 0.79450
0.99174 0.00826
0.99309 0.00691
0.22100 0.77900
0.17692 0.82308
0.17205 0.82795
0.23010 0.76990
0.21950 0.78050
0.87643 0.12357
0.90006 0.09994
0.99998 0.00002
0.99997 0.00003
0.99730 0.00270
0.99705 0.00295
0.99732 0.00268
0.99706 0.00294
0.99957 0.00043
0.40570 0.59430
0.38621 0.61379
0.99341 0.00659
0.33145 0.66855
0.32266 0.67734
0.30965 0.69035
0.28538 0.71462
0.28538 0.71462
0.24857 0.75143
0.88493 0.11507
0.26281 0.73719
0.26281 0.73719
0.31126 0.68874
0.30859 0.69141
0.30859 0.69141
0.30383 0.69617
0.15482 0.84518
0.71749 0.28251
0.46578 0.53422
0.38795 0.61205
0.99778 0.00222
0.37349 0.62651
0.99966 0.00034
0.37818 0.62182
0.81130 0.18870
0.81130 0.18870
0.46835 0.53165
0.99949 0.00051
0.99949 0.00051
0.46464 0.53536
0.33560 0.66440
0.99769 0.00231
0.99769 0.00231
0.22188 0.77812
0.45232 0.54768
0.45632 0.54368
0.99383 0.00617
0.73652 0.26348
0.96352 0.03648
0.33788 0.66212
0.99902 0.00098
0.99902 0.00098
0.94743 0.05257
0.24703 0.75297
0.21599 0.78401
0.30163 0.69837
0.94123 0.05877
0.93840 0.06160
0.99988 0.00012
0.09454 0.90546
0.90500 0.09500
0.97338 0.02662
0.90505 0.09495
0.90505 0.09495
0.73260 0.26740
0.17228 0.82772
0.28771 0.71229
0.22604 0.77396
0.74042 0.25958
0.28771 0.71229
0.20962 0.79038
0.22375 0.77625
0.59817 0.40183
0.79550 0.20450
0.17533 0.82467
0.64617 0.35383
0.72218 0.27782
0.07729 0.92271
0.39703 0.60297
0.28762 0.71238
0.89036 0.10964
0.99981 0.00019
0.90047 0.09953
0.94514 0.05486
0.66735 0.33265
0.15497 0.84503
0.14623 0.85377
0.66735 0.33265
0.15497 0.84503
0.14623 0.85377
0.97362 0.02638
0.99523 0.00477
0.85286 0.14714
0.90743 0.09257
0.93184 0.06816
0.94497 0.05503
0.87089 0.12911
0.89810 0.10190
0.87089 0.12911
0.89810 0.10190
0.03892 0.96108
0.11325 0.88675
0.20073 0.79927
0.67314 0.32686
0.90812 0.09188
0.90812 0.09188
0.83724 0.16276
0.83724 0.16276
0.38395 0.61605
0.38395 0.61605
0.96583 0.03417
0.73249 0.26751
0.61647 0.38353
0.59797 0.40203
0.79202 0.20798
0.25667 0.74333
0.97154 0.02846
0.76440 0.23560
0.95798 0.04202
0.45105 0.54895
0.11331 0.88669
0.99859 0.00141
0.17235 0.82765
0.40873 0.59127
0.21066 0.78934
0.33505 0.66495
0.24376 0.75624
0.98437 0.01563
0.13180 0.86820
0.13180 0.86820
0.53734 0.46266
0.98053 0.01947
0.98612 0.01388
0.96939 0.03061
0.18391 0.81609
0.28344 0.71656
0.95150 0.04850
0.33530 0.66470
0.08580 0.91420
0.42211 0.57789
0.58245 0.41755
0.99951 0.00049
0.58245 0.41755
0.99951 0.00049
0.72543 0.27457
0.99883 0.00117
0.34389 0.65611
0.20463 0.79537
0.99961 0.00039
0.72501 0.27499
0.68249 0.31751
0.99912 0.00088
0.57341 0.42659
0.99251 0.00749
0.64680 0.35320
0.99792 0.00208
0.53285 0.46715
0.99942 0.00058
0.33698 0.66302
0.53285 0.46715
0.99942 0.00058
0.33698 0.66302
0.73330 0.26670
0.99909 0.00091
0.99995 0.00005
0.95923 0.04077
0.65710 0.34290
0.95716 0.04284
0.99406 0.00594
0.97414 0.02586
0.99914 0.00086
0.99851 0.00149
0.99335 0.00665
0.95569 0.04431
0.59233 0.40767
0.97140 0.02860
0.95229 0.04771
0.72310 0.27690
0.63091 0.36909
0.71289 0.28711
0.92261 0.07739
0.86681 0.13319
0.91791 0.08209
0.89642 0.10358
0.43310 0.56690
0.89108 0.10892
0.35839 0.64161
0.67798 0.32202
0.49602 0.50398
0.99985 0.00015
0.91543 0.08457
0.85263 0.14737
0.91013 0.08987
0.88804 0.11196
0.89521 0.10479
0.99773 0.00227
0.62562 0.37438
0.40731 0.59269
0.87866 0.12134
0.99988 0.00012
0.95672 0.04328
0.97125 0.02875
0.99982 0.00018
0.57571 0.42429
0.95374 0.04626
0.84435 0.15565
0.67079 0.32921
0.25100 0.74900
0.14623 0.85377
0.47088 0.52912
0.75686 0.24314
0.81063 0.18937
0.30039 0.69961
0.75686 0.24314
0.75686 0.24314
0.85485 0.14515
0.77747 0.22253
0.36294 0.63706
0.93175 0.06825
0.99814 0.00186
0.91868 0.08132
0.20507 0.79493
0.11775 0.88225
0.90079 0.09921
0.33139 0.66861
0.99808 0.00192
0.27215 0.72785
0.97454 0.02546
0.25480 0.74520
0.29375 0.70625
0.27004 0.72996
0.15595 0.84405
0.15595 0.84405
0.29521 0.70479
0.29521 0.70479
0.07133 0.92867
0.93690 0.06310
0.12756 0.87244
0.16427 0.83573
0.16564 0.83436
0.32438 0.67562
0.28992 0.71008
0.30787 0.69213
0.28621 0.71379
0.32438 0.67562
0.28992 0.71008
0.30787 0.69213
0.28621 0.71379
0.32841 0.67159
0.99979 0.00021
0.90810 0.09190
0.90953 0.09047
0.08059 0.91941
0.37464 0.62536
0.17499 0.82501
0.56873 0.43127
0.58490 0.41510
0.74598 0.25402
0.71422 0.28578
0.81718 0.18282
0.77365 0.22635
0.77365 0.22635
0.81569 0.18431
0.66845 0.33155
0.79631 0.20369
0.81718 0.18282
0.77365 0.22635
0.77365 0.22635
0.81569 0.18431
0.66845 0.33155
0.79631 0.20369
0.81718 0.18282
0.77365 0.22635
0.77365 0.22635
0.81569 0.18431
0.66845 0.33155
0.79631 0.20369
0.82259 0.17741
0.82259 0.17741
0.89154 0.10846
0.91093 0.08907
0.49369 0.50631
0.71516 0.28484
0.80359 0.19641
0.70777 0.29223
0.68274 0.31726
0.75912 0.24088
0.88955 0.11045
0.20587 0.79413
0.94871 0.05129
0.96826 0.03174
0.96826 0.03174
0.84802 0.15198
0.60824 0.39176
0.60824 0.39176
0.98134 0.01866
0.95804 0.04196
0.99990 0.00010
0.99925 0.00075
0.55713 0.44287
0.92005 0.07995
0.92005 0.07995
0.34497 0.65503
0.97658 0.02342
0.27508 0.72492
0.96615 0.03385
0.53455 0.46545
0.99734 0.00266
0.28098 0.71902
0.99227 0.00773
0.34249 0.65751
0.99422 0.00578
0.18843 0.81157
0.18217 0.81783
0.18843 0.81157
0.18217 0.81783
0.13549 0.86451
0.18029 0.81971
0.67151 0.32849
0.51622 0.48378
0.26233 0.73767
0.29323 0.70677
0.42153 0.57847
0.98726 0.01274
0.97238 0.02762
0.98959 0.01041
0.38698 0.61302
0.40215 0.59785
0.99991 0.00009
0.99992 0.00008
0.28340 0.71660
0.33184 0.66816
0.99768 0.00232
0.99977 0.00023
0.99990 0.00010
0.97883 0.02117
0.11897 0.88103
0.12424 0.87576
0.11162 0.88838
0.11621 0.88379
0.75834 0.24166
0.21737 0.78263
0.97919 0.02081
0.16832 0.83168
0.18458 0.81542
0.16832 0.83168
0.15336 0.84664
0.15336 0.84664
0.16010 0.83990
0.18059 0.81941
0.74044 0.25956
0.99983 0.00017
0.74044 0.25956
0.97701 0.02299
0.93120 0.06880
0.99512 0.00488
0.99977 0.00023
0.99974 0.00026
0.99922 0.00078
0.99915 0.00085
0.98264 0.01736
0.99954 0.00046
0.89754 0.10246
0.92068 0.07932
0.01858 0.98142
0.17941 0.82059
0.17941 0.82059
0.13522 0.86478
0.35941 0.64059
0.34213 0.65787
0.46622 0.53378
0.32129 0.67871
0.52424 0.47576
0.62515 0.37485
0.40243 0.59757
0.25175 0.74825
0.52062 0.47938
0.35333 0.64667
0.63290 0.36710
0.52062 0.47938
0.35333 0.64667
0.63290 0.36710
0.65984 0.34016
0.61661 0.38339
0.90052 0.09948
0.89890 0.10110
0.82433 0.17567
0.61343 0.38657
0.60716 0.39284
0.51925 0.48075
0.85038 0.14962
0.09223 0.90777
0.08024 0.91976
0.83157 0.16843
0.45388 0.54612
0.94643 0.05357
0.99387 0.00613
0.99475 0.00525
0.45270 0.54730
0.41337 0.58663
0.43363 0.56637
0.65763 0.34237
0.10464 0.89536
0.50696 0.49304
0.98418 0.01582
0.97894 0.02106
0.31658 0.68342
0.38831 0.61169
0.49224 0.50776
0.98280 0.01720
0.96374 0.03626
0.99995 0.00005
0.50591 0.49409
0.99999 0.00001
0.38716 0.61284
0.38716 0.61284
0.57303 0.42697
0.47120 0.52880
0.13145 0.86855
0.15897 0.84103
0.07978 0.92022
0.15109 0.84891
0.97705 0.02295
0.12631 0.87369
0.34907 0.65093
0.98373 0.01627
0.98373 0.01627
0.82536 0.17464
0.32098 0.67902
0.98749 0.01251
0.95186 0.04814
0.99918 0.00082
0.99543 0.00457
0.99946 0.00054
0.64541 0.35459
0.97981 0.02019
0.83137 0.16863
0.16190 0.83810
0.16938 0.83062
0.20011 0.79989
0.21181 0.78819
0.07746 0.92254
0.07307 0.92693
0.18208 0.81792
0.08899 0.91101
0.57299 0.42701
0.81532 0.18468
0.99983 0.00017
0.29578 0.70422
0.19261 0.80739
0.19181 0.80819
0.83187 0.16813
0.61574 0.38426
0.40637 0.59364
0.44661 0.55339
0.44661 0.55339
0.19437 0.80563
0.19437 0.80563
0.33727 0.66273
0.61435 0.38565
0.22645 0.77355
0.23318 0.76682
0.49055 0.50945
0.42098 0.57902
0.93426 0.06574
0.29973 0.70027
0.15612 0.84388
0.12551 0.87449
0.53576 0.46424
0.53576 0.46424
0.65467 0.34533
0.65987 0.34013
0.53576 0.46424
0.53576 0.46424
0.65467 0.34533
0.65987 0.34013
0.40170 0.59830
0.31775 0.68225
0.29387 0.70613
0.45706 0.54294
0.31775 0.68225
0.29387 0.70613
0.45706 0.54294
0.54625 0.45375
0.54625 0.45375
0.66824 0.33176
0.54625 0.45375
0.54625 0.45375
0.66824 0.33176
0.35155 0.64845
0.47788 0.52212
0.47788 0.52212
0.61446 0.38554
0.47788 0.52212
0.47788 0.52212
0.61446 0.38554
0.87118 0.12882
0.99988 0.00012
0.99566 0.00434
0.99803 0.00197
0.99994 0.00006
0.89253 0.10747
0.58898 0.41102
0.99250 0.00750
0.99530 0.00470
0.91439 0.08561
0.97996 0.02004
0.98622 0.01378
0.53657 0.46343
0.70466 0.29534
0.99817 0.00183
0.41866 0.58134
0.59742 0.40258
0.62482 0.37518
0.73705 0.26295
0.99987 0.00013
0.58947 0.41053
0.72833 0.27167
0.92367 0.07633
0.99856 0.00144
0.88583 0.11417
0.60601 0.39399
0.54343 0.45657
0.98824 0.01176
0.99873 0.00127
0.83842 0.16158
0.60675 0.39325
0.88347 0.11653
0.99760 0.00240
0.06493 0.93507
0.20981 0.79019
0.49980 0.50020
0.83956 0.16044
0.83956 0.16044
0.50604 0.49396
0.96762 0.03238
0.90594 0.09406
0.44654 0.55346
0.51472 0.48528
0.51472 0.48528
0.51472 0.48528
0.52202 0.47798
0.20782 0.79218
0.18290 0.81710
0.17313 0.82687
0.72984 0.27016
0.51458 0.48542
0.51458 0.48542
0.51458 0.48542
0.51458 0.48542
0.32418 0.67582
0.21915 0.78085
0.19891 0.80109
0.55526 0.44474
0.50878 0.49122
0.18181 0.81819
0.96481 0.03519
0.19585 0.80415
0.99640 0.00360
0.88217 0.11783
0.27588 0.72412
0.79928 0.20072
0.79928 0.20072
0.99959 0.00041
0.93872 0.06128
0.27136 0.72864
0.86529 0.13471
0.22090 0.77910
0.11670 0.88330
0.99716 0.00284
0.67123 0.32877
0.99825 0.00175
0.27519 0.72481
0.24414 0.75586
0.61789 0.38211
0.68291 0.31709
0.92207 0.07793
0.94806 0.05194
0.94806 0.05194
0.94470 0.05530
0.94806 0.05194
0.94806 0.05194
0.94470 0.05530
0.80448 0.19552
0.80448 0.19552
0.92168 0.07832
0.26326 0.73674
0.85380 0.14620
0.85380 0.14620
0.85960 0.14040
0.85380 0.14620
0.85380 0.14620
0.85960 0.14040
0.99908 0.00092
0.99896 0.00104
0.98444 0.01556
0.16703 0.83297
0.20871 0.79129
0.99545 0.00455
0.39039 0.60961
0.40342 0.59658
0.90883 0.09117
0.47585 0.52415
0.95892 0.04108
0.98168 0.01832
0.62635 0.37365
0.92544 0.07456
0.98301 0.01699
0.98301 0.01699
0.92544 0.07456
0.94961 0.05039
0.87747 0.12253
0.98935 0.01065
0.84183 0.15817
0.97791 0.02209
0.41357 0.58643
0.99518 0.00482
0.99549 0.00451
0.89084 0.10916
0.82434 0.17566
0.20118 0.79882
0.80106 0.19894
0.94325 0.05675
0.84956 0.15044
0.73203 0.26797
0.54916 0.45084
0.99988 0.00012
0.99898 0.00102
0.99989 0.00011
0.99916 0.00084
0.99999 0.00001
0.99996 0.00004
0.99852 0.00148
0.99852 0.00148
0.70997 0.29003
0.70997 0.29003
0.97613 0.02387
0.97613 0.02387
0.97613 0.02387
0.62597 0.37403
0.62597 0.37403
0.62597 0.37403
0.62243 0.37757
0.49989 0.50011
0.36077 0.63923
0.37757 0.62243
0.99179 0.00821
0.39692 0.60308
0.99179 0.00821
0.39692 0.60308
0.99179 0.00821
0.39692 0.60308
0.43482 0.56518
0.43482 0.56518
0.35437 0.64563
0.36114 0.63886
0.36114 0.63886
0.34228 0.65772
0.35464 0.64536
0.35464 0.64536
0.34151 0.65849
0.99937 0.00063
0.99966 0.00034
