0.05627 0.94373
0.51371 0.48629
0.19282 0.80718
0.18003 0.81997
0.18003 0.81997
0.42303 0.57697
0.69261 0.30739
0.12379 0.87621
0.72929 0.27071
0.32201 0.67799
0.19879 0.80121
0.94674 0.05326
0.15810 0.84190
0.16759 0.83241
0.20016 0.79984
0.25398 0.74602
0.21841 0.78159
0.19198 0.80802
0.19198 0.80802
0.11296 0.88704
0.28542 0.71458
0.35483 0.64517
0.28542 0.71458
0.35483 0.64517
0.36579 0.63421
0.32866 0.67134
0.29249 0.70751
0.35139 0.64861
0.36579 0.63421
0.32866 0.67134
0.29249 0.70751
0.35139 0.64861
0.27318 0.72682
0.13817 0.86183
0.12672 0.87328
0.21154 0.78846
0.70441 0.29559
0.47871 0.52129
0.13349 0.86651
0.14571 0.85429
0.11519 0.88481
0.14950 0.85050
0.15812 0.84188
0.10081 0.89919
0.07600 0.92400
0.17150 0.82850
0.16023 0.83977
0.84213 0.15787
0.84105 0.15895
0.85139 0.14861
0.88684 0.11316
0.84644 0.15356
0.83822 0.16178
0.84644 0.15356
0.87246 0.12754
0.86341 0.13659
0.18788 0.81212
0.36528 0.63472
0.23370 0.76630
0.30291 0.69709
0.97075 0.02925
0.96797 0.03203
0.93075 0.06925
0.92617 0.07383
0.94100 0.05900
0.88552 0.11448
0.65085 0.34915
0.94274 0.05725
0.91126 0.08874
0.90976 0.09024
0.21565 0.78435
0.35716 0.64284
0.68255 0.31745
0.47984 0.52016
0.52695 0.47305
0.75095 0.24905
0.85770 0.14230
0.54953 0.45047
0.55215 0.44785
0.55215 0.44785
0.55215 0.44785
0.55215 0.44785
0.38619 0.61381
0.38619 0.61381
0.56211 0.43789
0.29965 0.70035
0.32323 0.67677
0.32323 0.67677
0.28546 0.71454
0.83718 0.16282
0.60711 0.39289
0.37618 0.62382
0.34880 0.65120
0.51552 0.48448
0.50331 0.49669
0.47730 0.52270
0.50216 0.49784
0.42465 0.57535
0.20282 0.79718
0.34915 0.65085
0.29947 0.70053
0.36139 0.63861
0.19528 0.80472
0.25490 0.74510
0.26382 0.73618
0.19399 0.80601
0.28512 0.71488
0.20180 0.79820
0.99873 0.00127
0.99906 0.00094
0.99879 0.00121
0.98618 0.01382
0.99920 0.00080
0.31794 0.68206
0.15457 0.84543
0.08901 0.91099
0.69426 0.30574
0.45154 0.54846
0.73508 0.26492
0.49441 0.50559
0.07793 0.92207
0.08203 0.91797
0.85329 0.14671
0.98860 0.01140
0.99328 0.00672
0.65223 0.34777
0.26205 0.73795
0.23919 0.76081
0.52600 0.47400
0.53824 0.46176
0.37586 0.62414
0.37586 0.62414
0.14949 0.85051
0.17044 0.82956
0.45045 0.54955
0.74786 0.25214
0.22518 0.77482
0.18790 0.81210
0.27335 0.72665
0.19499 0.80501
0.27835 0.72165
0.19291 0.80709
0.27835 0.72165
0.19291 0.80709
0.29121 0.70879
0.33084 0.66916
0.23302 0.76698
0.30056 0.69944
0.58104 0.41896
0.73100 0.26900
0.53903 0.46097
0.37643 0.62357
0.82122 0.17878
0.15448 0.84552
0.67949 0.32051
0.21210 0.78790
0.95947 0.04053
0.94389 0.05611
0.69373 0.30627
0.94715 0.05285
0.94366 0.05634
0.93341 0.06659
0.94118 0.05882
0.93676 0.06324
0.93341 0.06659
0.86903 0.13097
0.57201 0.42799
0.22432 0.77568
0.26521 0.73479
0.09049 0.90951
0.95184 0.04816
0.91033 0.08967
0.95736 0.04264
0.94484 0.05516
0.23086 0.76914
0.11802 0.88198
0.74855 0.25145
0.28126 0.71874
0.18114 0.81886
0.09583 0.90417
0.13869 0.86131
0.20204 0.79796
0.97368 0.02632
0.23851 0.76149
0.99763 0.00237
0.98598 0.01402
0.98986 0.01014
0.33008 0.66992
0.07763 0.92237
0.12722 0.87278
0.11821 0.88179
0.11116 0.88884
0.11407 0.88593
0.96989 0.03011
0.96989 0.03011
0.14972 0.85028
0.47083 0.52917
0.20147 0.79853
0.81050 0.18950
0.36581 0.63419
0.39473 0.60527
0.69553 0.30447
0.39685 0.60315
0.93017 0.06983
0.56726 0.43274
0.98834 0.01166
0.38166 0.61834
0.44749 0.55251
0.62744 0.37256
0.58206 0.41794
0.09665 0.90335
0.44595 0.55405
0.40468 0.59532
0.40468 0.59532
0.97997 0.02003
0.22920 0.77080
0.98470 0.01530
0.22920 0.77080
0.99917 0.00083
0.23185 0.76815
0.52745 0.47255
0.33175 0.66825
0.33177 0.66823
0.29271 0.70729
0.36283 0.63717
0.99987 0.00013
0.39734 0.60266
0.99890 0.00110
0.99920 0.00080
0.99875 0.00125
0.99870 0.00130
0.99599 0.00401
0.23846 0.76154
0.82178 0.17822
0.72578 0.27422
0.20272 0.79728
0.23707 0.76293
0.34025 0.65975
0.86717 0.13283
0.51235 0.48765
0.94754 0.05246
0.51235 0.48765
0.94754 0.05246
0.10398 0.89602
0.20958 0.79042
0.89378 0.10622
0.14714 0.85286
0.14265 0.85735
0.15243 0.84757
0.12957 0.87043
0.61089 0.38911
0.67998 0.32002
0.93769 0.06231
0.67998 0.32002
0.97353 0.02647
0.76011 0.23989
0.41075 0.58925
0.34111 0.65889
0.91881 0.08119
0.91881 0.08119
0.71706 0.28294
0.71706 0.28294
0.15343 0.84657
0.22803 0.77197
0.70274 0.29726
0.06409 0.93591
0.06481 0.93519
0.19190 0.80810
0.19503 0.80497
0.36980 0.63020
0.37823 0.62177
0.99267 0.00733
0.59383 0.40617
0.46745 0.53255
0.44708 0.55292
0.94532 0.05468
0.47740 0.52260
0.20039 0.79961
0.74758 0.25242
0.64351 0.35649
0.61396 0.38604
0.52171 0.47829
0.61396 0.38604
0.52171 0.47829
0.15334 0.84666
0.89193 0.10807
0.13758 0.86242
0.73774 0.26226
0.73774 0.26226
0.63892 0.36108
0.26719 0.73281
0.28480 0.71520
0.99494 0.00506
1.00000 0.00000
0.81147 0.18853
0.43107 0.56893
0.40862 0.59138
0.99591 0.00409
0.54006 0.45994
0.54006 0.45994
0.99391 0.00609
0.99590 0.00410
0.54006 0.45994
0.54006 0.45994
0.99357 0.00643
0.18806 0.81194
0.18198 0.81802
0.96597 0.03403
0.35779 0.64221
0.66408 0.33592
0.69540 0.30460
0.65584 0.34416
0.68213 0.31787
0.68212 0.31788
0.60928 0.39072
0.91005 0.08995
0.90587 0.09413
0.62430 0.37570
0.62430 0.37570
0.62430 0.37570
0.62430 0.37570
0.44552 0.55448
0.26945 0.73055
0.26945 0.73055
0.68536 0.31464
0.35205 0.64795
0.99439 0.00561
0.60669 0.39331
0.26270 0.73730
0.26270 0.73730
0.17234 0.82766
0.91883 0.08117
0.91420 0.08580
0.28680 0.71320
0.16983 0.83017
0.11814 0.88186
0.16897 0.83103
0.16774 0.83226
0.31132 0.68868
0.31132 0.68868
0.24127 0.75873
0.46211 0.53789
0.33890 0.66110
0.19729 0.80271
0.60415 0.39585
0.74795 0.25205
0.98320 0.01680
0.98201 0.01799
0.10959 0.89041
0.85588 0.14412
0.97002 0.02998
0.96184 0.03816
0.81696 0.18304
0.61112 0.38888
0.93145 0.06855
0.64522 0.35478
0.98544 0.01456
0.97335 0.02665
0.29858 0.70142
0.31512 0.68488
0.90382 0.09618
0.98523 0.01477
0.97297 0.02703
0.29958 0.70042
0.19083 0.80917
0.07756 0.92244
0.07714 0.92286
0.62539 0.37461
0.28814 0.71186
0.97823 0.02177
0.87731 0.12269
0.35626 0.64374
0.35626 0.64374
0.68124 0.31876
0.18544 0.81456
0.58129 0.41871
0.87532 0.12468
0.14304 0.85696
0.88982 0.11018
0.86866 0.13134
0.70098 0.29902
0.97904 0.02096
0.67317 0.32683
0.97326 0.02674
0.48232 0.51768
0.48232 0.51768
0.37625 0.62375
0.37625 0.62375
0.84282 0.15718
0.81788 0.18212
0.96920 0.03080
0.91591 0.08409
0.92458 0.07542
0.51393 0.48607
0.09316 0.90684
0.72842 0.27158
0.16827 0.83173
0.72842 0.27158
0.16827 0.83173
0.79670 0.20330
0.24083 0.75917
0.82357 0.17643
0.22421 0.77579
0.62662 0.37338
0.21827 0.78173
0.60620 0.39380
0.84501 0.15499
0.80226 0.19774
0.82805 0.17195
0.95367 0.04633
0.74488 0.25512
0.29435 0.70565
0.49478 0.50522
0.72849 0.27151
0.28348 0.71652
0.48210 0.51790
0.99397 0.00603
0.99329 0.00671
0.42477 0.57523
0.33089 0.66911
0.48413 0.51587
0.99240 0.00760
0.99904 0.00096
0.99904 0.00096
0.87797 0.12203
0.87797 0.12203
0.97333 0.02667
0.98571 0.01429
0.98571 0.01429
0.99395 0.00605
0.60286 0.39714
0.69159 0.30841
0.69159 0.30841
0.96908 0.03092
0.96084 0.03916
0.67857 0.32143
0.73735 0.26265
0.73873 0.26127
0.99596 0.00404
0.99596 0.00404
0.79162 0.20838
0.79162 0.20838
0.99503 0.00497
0.31210 0.68790
0.36388 0.63612
0.22820 0.77180
0.44295 0.55705
0.32363 0.67637
0.79757 0.20243
0.22824 0.77176
0.99573 0.00427
0.79574 0.20426
0.52044 0.47956
0.73956 0.26044
0.19792 0.80208
0.99661 0.00339
0.97619 0.02381
0.14740 0.85260
0.73550 0.26450
0.98731 0.01269
0.99294 0.00707
0.18636 0.81364
0.18721 0.81279
0.19534 0.80466
0.19622 0.80378
0.99763 0.00237
0.99540 0.00460
0.99840 0.00160
0.41822 0.58178
0.64417 0.35583
0.94263 0.05737
0.84590 0.15410
0.24390 0.75610
0.70588 0.29412
0.74037 0.25963
0.65045 0.34955
0.93383 0.06617
0.97704 0.02296
0.99155 0.00845
0.99609 0.00391
0.73523 0.26477
0.73523 0.26477
0.99609 0.00391
0.50332 0.49668
0.40993 0.59007
0.66466 0.33534
0.60972 0.39028
0.15345 0.84655
0.59948 0.40052
0.32051 0.67949
0.33884 0.66116
0.83783 0.16217
0.13735 0.86265
0.13935 0.86065
0.14769 0.85231
0.98158 0.01842
0.93307 0.06693
0.89804 0.10196
0.95603 0.04397
0.37438 0.62562
0.79478 0.20522
0.36773 0.63227
0.76279 0.23721
0.97656 0.02344
0.91578 0.08422
0.87778 0.12222
0.99020 0.00980
0.94064 0.05936
0.85836 0.14164
0.65141 0.34859
0.44537 0.55463
0.95868 0.04132
0.99139 0.00861
0.99452 0.00548
0.96039 0.03961
0.43586 0.56414
0.34659 0.65341
0.68465 0.31535
0.47517 0.52483
0.95620 0.04380
0.62040 0.37960
0.23083 0.76917
0.48832 0.51168
0.29128 0.70872
0.50529 0.49471
0.44255 0.55745
0.64835 0.35165
0.32488 0.67512
0.58038 0.41962
0.80719 0.19281
0.28093 0.71907
0.27782 0.72218
0.57174 0.42826
0.53000 0.47000
0.98996 0.01004
0.52646 0.47354
0.99453 0.00547
0.53171 0.46829
0.49028 0.50972
0.99058 0.00942
0.48667 0.51333
0.99457 0.00543
0.96315 0.03685
0.38326 0.61674
0.94721 0.05279
0.35571 0.64429
0.92284 0.07716
0.29731 0.70269
0.25556 0.74444
0.46958 0.53042
0.98229 0.01771
0.96772 0.03228
0.99981 0.00019
0.25717 0.74283
0.90287 0.09713
0.29304 0.70696
0.89567 0.10433
0.29304 0.70696
0.89567 0.10433
0.88665 0.11335
0.99997 0.00003
0.79384 0.20616
0.90927 0.09073
0.95232 0.04768
0.70239 0.29761
0.55684 0.44316
0.22153 0.77847
0.26577 0.73423
0.99666 0.00334
0.75334 0.24666
0.40799 0.59201
0.33626 0.66374
0.49907 0.50093
0.14211 0.85789
0.55126 0.44874
0.64747 0.35253
0.65568 0.34432
0.22326 0.77674
0.83244 0.16756
0.99907 0.00093
0.66182 0.33818
0.58358 0.41642
0.74261 0.25739
0.90893 0.09107
0.71675 0.28325
0.08879 0.91121
0.65074 0.34926
0.06608 0.93392
0.11446 0.88554
0.59991 0.40009
0.17923 0.82077
0.55611 0.44389
0.99734 0.00266
0.43188 0.56812
0.99901 0.00099
0.25975 0.74025
0.99908 0.00092
0.35780 0.64220
0.78501 0.21499
0.98548 0.01452
0.99636 0.00364
0.99180 0.00820
0.92522 0.07478
0.97726 0.02274
0.30603 0.69397
0.74941 0.25059
0.68718 0.31282
0.74986 0.25014
0.65803 0.34197
0.94941 0.05059
0.77475 0.22525
0.79308 0.20692
0.35951 0.64049
0.85806 0.14194
0.99994 0.00006
0.29528 0.70472
0.79781 0.20219
0.22788 0.77212
0.62190 0.37810
0.97715 0.02285
0.32147 0.67853
0.73935 0.26065
0.98684 0.01316
0.35437 0.64563
0.82556 0.17444
0.24934 0.75066
0.72496 0.27504
0.17944 0.82056
0.27572 0.72428
0.23520 0.76480
0.07337 0.92663
0.81556 0.18444
0.81000 0.19000
0.78496 0.21504
0.78760 0.21240
0.94015 0.05985
0.56807 0.43193
0.98487 0.01513
0.20428 0.79572
0.97113 0.02887
0.99811 0.00189
0.97133 0.02867
0.76664 0.23336
0.76985 0.23015
0.76985 0.23015
0.15637 0.84363
0.24246 0.75754
0.25972 0.74028
0.24261 0.75739
0.23893 0.76107
0.99947 0.00053
0.42303 0.57697
0.12887 0.87113
0.65647 0.34353
0.15060 0.84940
0.24436 0.75564
0.20328 0.79672
0.24200 0.75800
0.20062 0.79938
0.23182 0.76818
0.19271 0.80729
0.66507 0.33493
0.64320 0.35680
0.28249 0.71751
0.23394 0.76606
0.55889 0.44111
0.19637 0.80363
0.30816 0.69184
0.12800 0.87200
0.59619 0.40381
0.59619 0.40381
0.90089 0.09911
0.90089 0.09911
0.67544 0.32456
0.67544 0.32456
0.94108 0.05892
0.94108 0.05892
0.90602 0.09398
0.90602 0.09398
0.59145 0.40855
0.59145 0.40855
0.63001 0.36999
0.75357 0.24643
0.61568 0.38432
0.20832 0.79168
0.19121 0.80879
0.15129 0.84871
0.85302 0.14698
0.16374 0.83626
0.99887 0.00113
0.88220 0.11780
0.93964 0.06036
0.82334 0.17666
0.88251 0.11749
0.21450 0.78550
0.23010 0.76990
0.23010 0.76990
0.88463 0.11537
0.88538 0.11462
0.87602 0.12398
0.92902 0.07098
0.92962 0.07038
0.92271 0.07729
0.62360 0.37640
0.62892 0.37108
0.54209 0.45791
0.54868 0.45132
0.55281 0.44719
0.99542 0.00458
0.99647 0.00353
0.26978 0.73022
0.82125 0.17875
0.87619 0.12381
0.82340 0.17660
0.48745 0.51255
0.48554 0.51446
0.48554 0.51446
0.48745 0.51255
0.76542 0.23458
0.78628 0.21372
0.30684 0.69316
0.51559 0.48441
0.99863 0.00137
0.46930 0.53070
0.99819 0.00181
0.73003 0.26997
0.73003 0.26997
0.70335 0.29665
0.23347 0.76653
0.23949 0.76051
0.40285 0.59715
0.56689 0.43311
0.76442 0.23558
0.51422 0.48578
0.61998 0.38002
0.74006 0.25994
0.15140 0.84860
0.17722 0.82278
0.14493 0.85507
0.21151 0.78849
0.59925 0.40075
0.74807 0.25193
0.13892 0.86108
0.17301 0.82699
0.59925 0.40075
0.74807 0.25193
0.13892 0.86108
0.17301 0.82699
0.44543 0.55457
0.56825 0.43175
0.79216 0.20784
0.85278 0.14722
0.85895 0.14105
0.93467 0.06533
0.14153 0.85847
0.23854 0.76146
0.32875 0.67125
0.18420 0.81580
0.21123 0.78877
0.18420 0.81580
0.21123 0.78877
0.52772 0.47228
0.52772 0.47228
0.52772 0.47228
0.52772 0.47228
0.60579 0.39421
0.80740 0.19260
0.27163 0.72837
0.24008 0.75992
0.15091 0.84909
0.14880 0.85120
0.17083 0.82917
0.18411 0.81589
0.18149 0.81851
0.37084 0.62916
0.27109 0.72891
0.31398 0.68602
0.22860 0.77140
0.96093 0.03907
0.25019 0.74981
0.77713 0.22287
0.79119 0.20881
0.99891 0.00109
0.77436 0.22564
0.82729 0.17271
0.16352 0.83648
0.91836 0.08164
0.99438 0.00562
0.89798 0.10202
0.26780 0.73220
0.12136 0.87864
0.32828 0.67172
0.94615 0.05385
0.89329 0.10671
0.36203 0.63797
0.90470 0.09530
0.31779 0.68221
0.98779 0.01221
0.28716 0.71284
0.44687 0.55313
0.21730 0.78270
0.99825 0.00175
0.61719 0.38281
0.62207 0.37793
0.97204 0.02796
0.47675 0.52325
0.36822 0.63178
0.36822 0.63178
0.59735 0.40265
0.84308 0.15692
0.29078 0.70922
0.25546 0.74454
0.58169 0.41831
0.25792 0.74208
0.20151 0.79849
0.51661 0.48339
0.51143 0.48857
0.41550 0.58450
0.99639 0.00361
0.99664 0.00336
0.33947 0.66053
0.92079 0.07921
0.92219 0.07781
0.99637 0.00363
0.67714 0.32286
0.39400 0.60600
0.86675 0.13325
0.20131 0.79869
0.26382 0.73618
0.30746 0.69254
0.96578 0.03422
0.92998 0.07002
0.26382 0.73618
0.30746 0.69254
0.25642 0.74358
0.25642 0.74358
0.44895 0.55105
0.40049 0.59951
0.25212 0.74788
0.11554 0.88446
0.27711 0.72289
0.25433 0.74567
0.35921 0.64079
0.33605 0.66395
0.90072 0.09928
0.20690 0.79310
0.45280 0.54720
0.99888 0.00112
0.99856 0.00144
0.84166 0.15834
0.99250 0.00750
0.97458 0.02542
0.99801 0.00199
0.99529 0.00471
0.99529 0.00471
0.39188 0.60812
0.43174 0.56826
0.41894 0.58106
0.46437 0.53563
0.99514 0.00486
0.43178 0.56822
0.55844 0.44156
0.44002 0.55998
0.48466 0.51534
0.37276 0.62724
0.34048 0.65952
0.87680 0.12320
0.42526 0.57474
0.36583 0.63417
0.30489 0.69511
0.30489 0.69511
0.68452 0.31548
0.68452 0.31548
0.32870 0.67130
0.32870 0.67130
0.77717 0.22283
0.80072 0.19928
0.25006 0.74994
0.47706 0.52294
0.47706 0.52294
0.88207 0.11793
0.88207 0.11793
0.69042 0.30958
0.69042 0.30958
0.32409 0.67591
0.63422 0.36578
0.30900 0.69100
0.14568 0.85432
0.26970 0.73030
0.70464 0.29536
0.62041 0.37959
0.48521 0.51479
0.58317 0.41683
0.48861 0.51139
0.67579 0.32421
0.76301 0.23699
0.76301 0.23699
0.79903 0.20097
0.30774 0.69226
0.14978 0.85022
0.96457 0.03543
0.34000 0.66000
0.34702 0.65298
0.99409 0.00591
0.99430 0.00570
0.99436 0.00564
0.96676 0.03324
0.99903 0.00097
0.99903 0.00097
0.58817 0.41183
0.29217 0.70783
0.90571 0.09429
0.22662 0.77338
0.16570 0.83430
0.37996 0.62004
0.84180 0.15820
0.93417 0.06583
0.91417 0.08583
0.93417 0.06583
0.91417 0.08583
0.85996 0.14004
0.35659 0.64341
0.29450 0.70550
0.46500 0.53500
0.67120 0.32880
0.55541 0.44459
0.80808 0.19192
0.75481 0.24519
0.41742 0.58258
0.89985 0.10015
0.88277 0.11723
0.76550 0.23450
0.86935 0.13065
0.67189 0.32811
0.16487 0.83513
0.16125 0.83875
0.16876 0.83124
0.16240 0.83760
0.99906 0.00094
0.23559 0.76441
0.23800 0.76200
0.23800 0.76200
0.30397 0.69603
0.87134 0.12866
0.49580 0.50420
0.49261 0.50739
0.74831 0.25169
0.35742 0.64258
0.17528 0.82472
0.15415 0.84585
0.75573 0.24427
0.99842 0.00158
0.99651 0.00349
0.45223 0.54777
0.62766 0.37234
0.15984 0.84016
0.48262 0.51738
0.65927 0.34073
0.19524 0.80476
0.70004 0.29996
0.11878 0.88122
0.36570 0.63430
0.13425 0.86575
0.25572 0.74428
0.93844 0.06156
0.08473 0.91527
0.20944 0.79056
0.09621 0.90379
0.73976 0.26024
0.85620 0.14380
0.98813 0.01187
0.99988 0.00012
0.85989 0.14011
0.85989 0.14011
0.81837 0.18163
0.57481 0.42519
0.57882 0.42118
0.57481 0.42519
0.56520 0.43480
0.57481 0.42519
0.57481 0.42519
0.57882 0.42118
0.57481 0.42519
0.56520 0.43480
0.57481 0.42519
0.57481 0.42519
0.57882 0.42118
0.57481 0.42519
0.56520 0.43480
0.57481 0.42519
0.90337 0.09663
0.97230 0.02770
0.25239 0.74761
0.94104 0.05896
0.76392 0.23608
0.31016 0.68984
0.32100 0.67900
0.14922 0.85078
0.99689 0.00311
0.25481 0.74519
0.34401 0.65599
0.32977 0.67023
0.95914 0.04086
0.90737 0.09263
0.20535 0.79465
0.94907 0.05093
0.86838 0.13162
0.94907 0.05093
0.86838 0.13162
0.33893 0.66107
0.94373 0.05627
0.21197 0.78803
0.47073 0.52927
0.99729 0.00271
0.83096 0.16904
0.47073 0.52927
0.99720 0.00280
0.82898 0.17102
0.62053 0.37947
0.93803 0.06197
0.83269 0.16731
0.62053 0.37947
0.93803 0.06197
0.83269 0.16731
0.27835 0.72165
0.27835 0.72165
0.27835 0.72165
0.27835 0.72165
0.22195 0.77805
0.25931 0.74069
0.74188 0.25812
0.20146 0.79854
0.09160 0.90840
0.24338 0.75662
0.25588 0.74412
0.16425 0.83575
0.17441 0.82559
0.70185 0.29815
0.82902 0.17098
0.80092 0.19908
0.15802 0.84198
0.17826 0.82174
0.19324 0.80676
0.21009 0.78991
0.15802 0.84198
0.17826 0.82174
0.19324 0.80676
0.43439 0.56561
0.19751 0.80249
0.20272 0.79728
0.29129 0.70871
0.69778 0.30222
0.85070 0.14930
0.80888 0.19112
0.10214 0.89786
0.89410 0.10590
0.86188 0.13812
0.44680 0.55320
0.82090 0.17910
0.98380 0.01620
0.98380 0.01620
0.87602 0.12398
0.47180 0.52820
0.99948 0.00052
0.99228 0.00772
0.99768 0.00232
0.96979 0.03021
0.86478 0.13522
0.16028 0.83972
0.18782 0.81218
0.62538 0.37462
0.17244 0.82756
0.59168 0.40832
0.15505 0.84495
0.18906 0.81094
0.70596 0.29404
0.17415 0.82585
0.18019 0.81981
0.70419 0.29581
0.16143 0.83857
0.91902 0.08098
0.98577 0.01423
0.96758 0.03242
0.97929 0.02071
0.99884 0.00116
0.98878 0.01122
0.78054 0.21946
0.37155 0.62845
0.98806 0.01194
0.99556 0.00444
0.86180 0.13820
0.14855 0.85145
0.65357 0.34643
0.95377 0.04623
0.64077 0.35923
0.57750 0.42250
0.30469 0.69531
0.30469 0.69531
0.27965 0.72035
0.29843 0.70157
0.93642 0.06358
0.37822 0.62178
0.88809 0.11191
0.88809 0.11191
0.18491 0.81509
0.99321 0.00679
0.97087 0.02913
0.46659 0.53341
0.50977 0.49023
0.99461 0.00539
0.98834 0.01166
0.99789 0.00211
0.39756 0.60244
0.86220 0.13780
0.31111 0.68889
0.26263 0.73737
0.22162 0.77838
0.89343 0.10657
0.40279 0.59721
0.43726 0.56274
0.91224 0.08776
0.34040 0.65960
0.37207 0.62793
0.96695 0.03305
0.95404 0.04596
0.46264 0.53736
0.18612 0.81388
0.24594 0.75406
0.16445 0.83555
0.92837 0.07163
0.34567 0.65433
0.91723 0.08277
0.29339 0.70661
0.86966 0.13034
0.86966 0.13034
0.99975 0.00025
0.86966 0.13034
0.99975 0.00025
0.45872 0.54128
0.30502 0.69498
0.63114 0.36886
0.50631 0.49369
0.26873 0.73127
0.26873 0.73127
0.26873 0.73127
0.49338 0.50662
0.49338 0.50662
0.07169 0.92831
0.10865 0.89135
0.99403 0.00597
0.99441 0.00559
0.96876 0.03124
0.48223 0.51777
0.76850 0.23150
0.92779 0.07221
0.81689 0.18311
0.50264 0.49736
0.97299 0.02701
0.92009 0.07991
0.73510 0.26490
0.99570 0.00430
0.11281 0.88719
0.16694 0.83306
0.35354 0.64646
0.58988 0.41012
0.35354 0.64646
0.58988 0.41012
0.35354 0.64646
0.58988 0.41012
0.35354 0.64646
0.58988 0.41012
0.99994 0.00006
0.95519 0.04481
0.99994 0.00006
0.96146 0.03854
0.48768 0.51232
0.23542 0.76458
0.47147 0.52853
0.19369 0.80631
0.95830 0.04170
0.35858 0.64142
0.99240 0.00760
0.99848 0.00152
0.99282 0.00718
0.34037 0.65963
0.99859 0.00141
0.08568 0.91432
0.16832 0.83168
0.99936 0.00064
0.99876 0.00124
0.99937 0.00063
0.99937 0.00063
0.99901 0.00099
0.99952 0.00048
0.33935 0.66065
0.33935 0.66065
0.33935 0.66065
0.24997 0.75003
0.11849 0.88151
0.90348 0.09652
0.25180 0.74820
0.27027 0.72973
0.38182 0.61818
0.38182 0.61818
0.30329 0.69671
0.99545 0.00455
0.44009 0.55991
0.76779 0.23221
0.85234 0.14766
0.81050 0.18950
0.04882 0.95118
0.79045 0.20955
0.89785 0.10215
0.86905 0.13095
0.38833 0.61167
0.54608 0.45392
0.50149 0.49851
0.79045 0.20955
0.89785 0.10215
0.86905 0.13095
0.32131 0.67869
0.53089 0.46911
0.74697 0.25303
0.58910 0.41090
0.20041 0.79959
0.40128 0.59872
0.25635 0.74365
0.12703 0.87297
0.28080 0.71920
0.71554 0.28446
0.82673 0.17327
0.39796 0.60204
0.16587 0.83413
0.98804 0.01196
0.25693 0.74307
0.23588 0.76412
0.21664 0.78336
0.14466 0.85534
0.06108 0.93892
0.36622 0.63378
0.36990 0.63010
0.60971 0.39029
0.35885 0.64115
0.97250 0.02750
0.35067 0.64933
0.58969 0.41031
0.38399 0.61601
0.66379 0.33621
0.83557 0.16443
0.83557 0.16443
0.39575 0.60425
0.96559 0.03441
0.98163 0.01837
0.52748 0.47252
0.52748 0.47252
0.37071 0.62929
0.16026 0.83974
0.93811 0.06189
0.94503 0.05497
0.91791 0.08209
0.09247 0.90753
0.78251 0.21749
0.84958 0.15042
0.99996 0.00004
0.09583 0.90417
0.07967 0.92033
0.08016 0.91984
0.18701 0.81299
0.18007 0.81993
0.51678 0.48322
0.16067 0.83933
0.15459 0.84541
0.02667 0.97333
0.16523 0.83477
0.65520 0.34480
0.12997 0.87003
0.40295 0.59705
0.88411 0.11589
0.99976 0.00024
0.55078 0.44922
0.65017 0.34983
0.60957 0.39043
0.62464 0.37536
0.62464 0.37536
0.99895 0.00105
0.66289 0.33711
0.99863 0.00137
0.56213 0.43787
0.65667 0.34333
0.63162 0.36838
0.45691 0.54309
0.93042 0.06958
0.77395 0.22605
0.84805 0.15195
0.99778 0.00222
0.79735 0.20265
0.99658 0.00342
0.99069 0.00931
0.69535 0.30465
0.98629 0.01371
0.11778 0.88222
0.69872 0.30128
0.11553 0.88447
0.76645 0.23355
0.89324 0.10676
0.93694 0.06306
0.99313 0.00687
0.21288 0.78712
0.72267 0.27733
0.99578 0.00422
0.27206 0.72794
0.80778 0.19222
0.18713 0.81287
0.52075 0.47925
0.20220 0.79780
0.10387 0.89613
0.12556 0.87444
0.13767 0.86233
0.99196 0.00804
0.68524 0.31476
0.99801 0.00199
0.74398 0.25602
0.76966 0.23034
0.99488 0.00512
0.99596 0.00404
0.55093 0.44907
0.55093 0.44907
0.98407 0.01593
0.98407 0.01593
0.55093 0.44907
0.55093 0.44907
0.55093 0.44907
0.55093 0.44907
0.78821 0.21179
0.88439 0.11561
0.88439 0.11561
0.60642 0.39358
0.81948 0.18052
0.99857 0.00143
0.99659 0.00341
0.14393 0.85607
0.13854 0.86146
0.99897 0.00103
0.99890 0.00110
0.99890 0.00110
0.99745 0.00255
0.99136 0.00864
0.97401 0.02599
0.97401 0.02599
0.12864 0.87136
0.90601 0.09399
0.22172 0.77828
0.64360 0.35640
0.13957 0.86043
0.11442 0.88558
0.28881 0.71119
0.20625 0.79375
0.97730 0.02270
0.95345 0.04655
0.51550 0.48450
0.51550 0.48450
0.05766 0.94234
0.99773 0.00227
0.87155 0.12845
0.28403 0.71597
0.22309 0.77691
0.31187 0.68813
0.61564 0.38436
0.65523 0.34477
0.64860 0.35140
0.73950 0.26050
0.68810 0.31190
0.65927 0.34073
0.19384 0.80616
0.22645 0.77355
0.17682 0.82318
0.19466 0.80534
0.15617 0.84383
0.52780 0.47220
0.17575 0.82425
0.67794 0.32206
0.74845 0.25155
0.80491 0.19509
0.24512 0.75488
0.68553 0.31447
0.68553 0.31447
0.09042 0.90958
0.25735 0.74265
0.67654 0.32346
0.33825 0.66175
0.87188 0.12812
0.38667 0.61333
0.38667 0.61333
0.38667 0.61333
0.38667 0.61333
0.12650 0.87350
0.12900 0.87100
0.11071 0.88929
0.15549 0.84451
0.97935 0.02065
0.15394 0.84606
0.83410 0.16590
0.65586 0.34414
0.78209 0.21791
0.78209 0.21791
0.91673 0.08327
0.98686 0.01314
0.98981 0.01019
0.98981 0.01019
0.91973 0.08027
0.91973 0.08027
0.33925 0.66075
0.36939 0.63061
0.79735 0.20265
0.79735 0.20265
0.99994 0.00006
0.99612 0.00388
0.99612 0.00388
0.99853 0.00147
0.99119 0.00881
0.21359 0.78641
0.99911 0.00089
0.86599 0.13401
0.95220 0.04780
0.95170 0.04830
0.96207 0.03793
0.94336 0.05664
0.99828 0.00172
0.99051 0.00949
0.99751 0.00249
0.99751 0.00249
0.11189 0.88811
0.09899 0.90101
0.98129 0.01871
0.47866 0.52134
0.66864 0.33136
0.52877 0.47123
0.32856 0.67144
0.45628 0.54372
0.94447 0.05553
0.14354 0.85646
0.47563 0.52437
0.15598 0.84402
0.98944 0.01056
0.45628 0.54372
0.94447 0.05553
0.14354 0.85646
0.87237 0.12763
0.41116 0.58884
0.41383 0.58617
0.84123 0.15877
0.98511 0.01489
0.77554 0.22446
0.36019 0.63981
0.36019 0.63981
0.72635 0.27365
0.73535 0.26465
0.39003 0.60997
0.39003 0.60997
0.66242 0.33758
0.69592 0.30408
0.25928 0.74072
0.40093 0.59907
0.20002 0.79998
0.40093 0.59907
0.19797 0.80203
0.19864 0.80136
0.19797 0.80203
0.19797 0.80203
0.19864 0.80136
0.19797 0.80203
0.87928 0.12072
0.75535 0.24465
0.33942 0.66058
0.22467 0.77533
0.99024 0.00976
0.99409 0.00591
0.35803 0.64197
0.33556 0.66444
0.35892 0.64108
0.33631 0.66369
0.99543 0.00457
0.35501 0.64499
0.18302 0.81698
0.21084 0.78916
0.86945 0.13055
0.47777 0.52223
0.24156 0.75844
0.22420 0.77580
0.30318 0.69682
0.30912 0.69088
0.74044 0.25956
0.68983 0.31017
0.65157 0.34843
0.48553 0.51447
0.48646 0.51354
0.20365 0.79635
0.18300 0.81700
0.24796 0.75204
0.24402 0.75598
0.35279 0.64721
0.99073 0.00927
0.34082 0.65918
0.34082 0.65918
0.07030 0.92970
0.98003 0.01997
0.96921 0.03079
0.96967 0.03033
0.97903 0.02097
0.97794 0.02206
0.14528 0.85472
0.31975 0.68025
0.84570 0.15430
0.55398 0.44602
0.23397 0.76603
0.26825 0.73175
0.23405 0.76595
0.73052 0.26948
0.36960 0.63040
0.42702 0.57298
0.36630 0.63370
0.17869 0.82131
0.19367 0.80633
0.18019 0.81981
0.94177 0.05823
0.94177 0.05823
0.16327 0.83673
0.16327 0.83673
0.59188 0.40812
0.71495 0.28505
0.79418 0.20582
0.09585 0.90415
0.88468 0.11532
0.41772 0.58228
0.50256 0.49744
0.39169 0.60831
0.56584 0.43416
0.23727 0.76273
0.95172 0.04828
0.95260 0.04740
0.45972 0.54028
0.18348 0.81652
0.20070 0.79930
0.22747 0.77253
0.28178 0.71822
0.16870 0.83130
0.90312 0.09688
0.96952 0.03048
0.42827 0.57173
0.42827 0.57173
0.34546 0.65454
0.46966 0.53034
0.99844 0.00156
0.99800 0.00200
0.99747 0.00253
0.99997 0.00003
0.99665 0.00335
0.77736 0.22264
0.99515 0.00485
0.80969 0.19031
0.99670 0.00330
0.99746 0.00254
0.98226 0.01774
0.99559 0.00441
0.73567 0.26433
0.78755 0.21245
0.99934 0.00066
0.98205 0.01795
0.97679 0.02321
0.98663 0.01337
0.49520 0.50480
0.41287 0.58713
0.92194 0.07806
0.89984 0.10016
0.24593 0.75407
0.81384 0.18616
0.22327 0.77673
0.16822 0.83178
0.99080 0.00920
0.24481 0.75520
0.80724 0.19276
0.35279 0.64721
0.86291 0.13709
0.78856 0.21144
0.88404 0.11596
0.83639 0.16361
0.99523 0.00477
0.99700 0.00300
0.98808 0.01192
0.32263 0.67737
0.37066 0.62934
0.24087 0.75913
0.82470 0.17530
0.76720 0.23280
0.03194 0.96806
0.14689 0.85311
0.12694 0.87306
0.29792 0.70208
0.08725 0.91275
0.33039 0.66961
0.82308 0.17692
0.80164 0.19836
0.79836 0.20164
0.10340 0.89660
0.33871 0.66129
0.99066 0.00934
0.57522 0.42478
0.22169 0.77831
0.90518 0.09482
0.99879 0.00121
0.55096 0.44904
0.19391 0.80609
0.39596 0.60404
0.98736 0.01264
0.39596 0.60404
0.98736 0.01264
0.39596 0.60404
0.98736 0.01264
0.97792 0.02208
0.47235 0.52765
0.09924 0.90076
0.74341 0.25659
0.18843 0.81157
0.18697 0.81303
0.18671 0.81329
0.20791 0.79209
0.53676 0.46324
0.15596 0.84404
0.71112 0.28888
0.89361 0.10639
0.56169 0.43831
0.89361 0.10639
0.44772 0.55228
0.62615 0.37385
0.22569 0.77431
0.23655 0.76345
0.72976 0.27024
0.84894 0.15106
0.19988 0.80012
0.15347 0.84653
0.34340 0.65660
0.98607 0.01393
0.97293 0.02707
0.42347 0.57653
0.42311 0.57689
0.42311 0.57689
0.47656 0.52344
0.93243 0.06757
0.43413 0.56587
0.98881 0.01119
0.96431 0.03569
0.19897 0.80103
0.15395 0.84605
0.15084 0.84916
0.25383 0.74617
0.21113 0.78887
0.61154 0.38846
0.67163 0.32837
0.63876 0.36124
0.20207 0.79793
0.57968 0.42032
0.64742 0.35258
0.17703 0.82297
0.65556 0.34444
0.65556 0.34444
0.98655 0.01345
0.32096 0.67904
0.32096 0.67904
0.43009 0.56991
0.16445 0.83555
0.54800 0.45200
0.93024 0.06976
0.91418 0.08582
0.96235 0.03765
0.85085 0.14915
0.98048 0.01952
0.75900 0.24100
0.15861 0.84139
0.99849 0.00151
0.99823 0.00177
0.84365 0.15635
0.82957 0.17043
0.98705 0.01295
0.99631 0.00369
0.69242 0.30758
0.69991 0.30009
0.77639 0.22361
0.77288 0.22712
0.80935 0.19065
0.96123 0.03877
0.88030 0.11970
0.88909 0.11091
0.89083 0.10917
0.93641 0.06359
0.92491 0.07509
0.93782 0.06218
0.94632 0.05368
0.95457 0.04543
0.94059 0.05941
0.19340 0.80660
0.18259 0.81741
0.19549 0.80451
0.21138 0.78862
0.16325 0.83675
0.15988 0.84012
0.18508 0.81492
0.32974 0.67026
0.98412 0.01588
0.99943 0.00057
0.99935 0.00065
0.99854 0.00146
0.51363 0.48637
0.47266 0.52734
0.31226 0.68774
0.99167 0.00833
0.99986 0.00014
0.21860 0.78140
0.95938 0.04062
0.12852 0.87148
0.12510 0.87490
0.61382 0.38618
0.87213 0.12787
0.53889 0.46111
0.96914 0.03086
0.97085 0.02915
0.85548 0.14452
0.51073 0.48927
0.35903 0.64097
0.37255 0.62745
0.87353 0.12647
0.99853 0.00147
0.38458 0.61542
0.39846 0.60154
0.91957 0.08043
0.79747 0.20253
0.80985 0.19015
0.29230 0.70770
0.25436 0.74564
0.99918 0.00082
0.16086 0.83914
0.99946 0.00054
0.31598 0.68402
0.95758 0.04242
0.26899 0.73101
0.93974 0.06026
0.99920 0.00080
0.99925 0.00075
0.14528 0.85472
0.20676 0.79324
0.62798 0.37202
0.19618 0.80382
0.15808 0.84192
0.16787 0.83213
0.28377 0.71623
0.30174 0.69826
0.63208 0.36792
0.68378 0.31622
0.46973 0.53027
0.21920 0.78080
0.24001 0.75999
0.08734 0.91266
0.47609 0.52391
0.20289 0.79711
0.99804 0.00196
0.34007 0.65993
0.33555 0.66445
0.29790 0.70210
0.18573 0.81427
0.80666 0.19334
0.23645 0.76355
0.34533 0.65467
0.30282 0.69718
0.98788 0.01212
0.99702 0.00298
0.17132 0.82868
0.25236 0.74764
0.38180 0.61820
0.51777 0.48223
0.51777 0.48223
0.58611 0.41389
0.61446 0.38554
0.58611 0.41389
0.63363 0.36637
0.64887 0.35113
0.98094 0.01906
0.97569 0.02431
0.54018 0.45982
0.50570 0.49430
0.67251 0.32749
0.73490 0.26510
0.86399 0.13601
0.99954 0.00046
0.72300 0.27700
0.72300 0.27700
0.86399 0.13601
0.99954 0.00046
0.72300 0.27700
0.72300 0.27700
0.86399 0.13601
0.99954 0.00046
0.72300 0.27700
0.72300 0.27700
0.86399 0.13601
0.99954 0.00046
0.72300 0.27700
0.19412 0.80588
0.18747 0.81253
0.69456 0.30544
0.48352 0.51648
0.99490 0.00510
0.59195 0.40805
0.99437 0.00563
0.68875 0.31125
0.25464 0.74536
0.30255 0.69745
0.28175 0.71825
0.74387 0.25613
0.74387 0.25613
0.28175 0.71825
0.30046 0.69954
0.91706 0.08294
0.73466 0.26534
0.38884 0.61116
0.38884 0.61116
0.44364 0.55636
0.41712 0.58288
0.82056 0.17944
0.82056 0.17944
0.62653 0.37347
0.47377 0.52623
0.83088 0.16912
0.29073 0.70927
0.29073 0.70927
0.24801 0.75199
0.99736 0.00264
0.99736 0.00264
0.27630 0.72370
0.29073 0.70927
0.29073 0.70927
0.24801 0.75199
0.35185 0.64815
0.32637 0.67363
0.20904 0.79096
0.26067 0.73933
0.66473 0.33527
0.21591 0.78409
0.18782 0.81218
0.18782 0.81218
0.75974 0.24026
0.17440 0.82560
0.25318 0.74682
0.32019 0.67981
0.78380 0.21620
0.88252 0.11748
0.98666 0.01334
0.99512 0.00488
0.21353 0.78647
0.27305 0.72695
0.15236 0.84764
0.28568 0.71432
0.29220 0.70780
0.24028 0.75972
0.73676 0.26324
0.55639 0.44361
0.21942 0.78058
0.38790 0.61210
0.14084 0.85916
0.16224 0.83776
0.75283 0.24717
0.33524 0.66476
0.59919 0.40081
0.59582 0.40418
0.99792 0.00208
0.89927 0.10073
0.94186 0.05814
0.98694 0.01306
0.80552 0.19448
0.41049 0.58951
0.09543 0.90457
0.80102 0.19898
0.36111 0.63889
0.10665 0.89335
0.11363 0.88637
0.16182 0.83818
0.16110 0.83890
0.89054 0.10946
0.25180 0.74820
0.89149 0.10851
0.97406 0.02594
0.93369 0.06631
0.70387 0.29613
0.83802 0.16198
0.72299 0.27701
0.78684 0.21316
0.84058 0.15942
0.92913 0.07087
0.94451 0.05549
0.98327 0.01673
0.15357 0.84643
0.99745 0.00255
0.97315 0.02685
0.83077 0.16923
0.54077 0.45923
0.79835 0.20165
0.97764 0.02236
0.83077 0.16923
0.54077 0.45923
0.99875 0.00125
0.99882 0.00118
0.99875 0.00125
0.99882 0.00118
0.56020 0.43980
0.72676 0.27324
0.69689 0.30311
0.66001 0.33999
0.69746 0.30254
0.66001 0.33999
0.88398 0.11602
0.93867 0.06133
0.52389 0.47611
0.59883 0.40117
0.52389 0.47611
0.59883 0.40117
0.52389 0.47611
0.59883 0.40117
0.53695 0.46305
0.34488 0.65512
0.19193 0.80807
0.19193 0.80807
0.24684 0.75316
0.39641 0.60359
0.40068 0.59932
0.28326 0.71674
0.25827 0.74173
0.30207 0.69793
0.73349 0.26651
0.42726 0.57274
0.27272 0.72728
0.47213 0.52787
0.75761 0.24239
0.97270 0.02730
0.62411 0.37589
0.94426 0.05574
0.89099 0.10901
0.89099 0.10901
0.97686 0.02314
0.78881 0.21119
0.79135 0.20865
0.99715 0.00285
0.99929 0.00071
0.99935 0.00065
0.99771 0.00229
0.99313 0.00687
0.99949 0.00051
0.13388 0.86612
0.15576 0.84424
0.13814 0.86186
0.65468 0.34532
0.17616 0.82384
0.88099 0.11901
0.90713 0.09287
0.43512 0.56488
0.29990 0.70010
0.33596 0.66404
0.26205 0.73795
0.25980 0.74020
0.45988 0.54012
0.98211 0.01789
0.25557 0.74443
0.81888 0.18112
0.17236 0.82764
0.16557 0.83443
0.15687 0.84313
0.56240 0.43760
0.35410 0.64590
0.86743 0.13257
0.49956 0.50044
0.49956 0.50044
0.39774 0.60226
0.39774 0.60226
0.99702 0.00298
0.99702 0.00298
0.39774 0.60226
0.39774 0.60226
0.50185 0.49815
0.53066 0.46934
0.37403 0.62597
0.44538 0.55462
0.33528 0.66472
0.99988 0.00012
0.57906 0.42094
0.71871 0.28129
0.83789 0.16211
0.83789 0.16211
0.36665 0.63335
0.36665 0.63335
0.42275 0.57725
0.42275 0.57725
0.36665 0.63335
0.36665 0.63335
0.42275 0.57725
0.45312 0.54688
0.99094 0.00906
0.19702 0.80298
0.19702 0.80298
0.28297 0.71703
0.22623 0.77377
0.16157 0.83843
0.50785 0.49215
0.71018 0.28982
0.55249 0.44751
0.55249 0.44751
0.13542 0.86458
0.19238 0.80762
0.97705 0.02295
0.98894 0.01106
0.93650 0.06350
0.99779 0.00221
0.24080 0.75920
0.11789 0.88211
0.21355 0.78645
0.98555 0.01445
0.69739 0.30261
0.66208 0.33792
0.61861 0.38139
0.74401 0.25599
0.75360 0.24640
0.65856 0.34144
0.15669 0.84331
0.42937 0.57063
0.42937 0.57063
0.42287 0.57713
0.42287 0.57713
0.31811 0.68189
0.31811 0.68189
0.31860 0.68140
0.31860 0.68140
0.45597 0.54403
0.46575 0.53425
0.99961 0.00039
0.46650 0.53350
0.47733 0.52267
0.99810 0.00190
0.97605 0.02395
0.93305 0.06695
0.80360 0.19640
0.51008 0.48992
0.97225 0.02775
0.97225 0.02775
0.63888 0.36112
0.63588 0.36412
0.63281 0.36719
0.64934 0.35066
0.68006 0.31994
0.54204 0.45796
0.54923 0.45077
0.80426 0.19574
0.99942 0.00058
0.99953 0.00047
0.99545 0.00455
0.93833 0.06167
0.99910 0.00090
0.82981 0.17019
0.32335 0.67665
0.93833 0.06167
0.99910 0.00090
0.99634 0.00366
0.99634 0.00366
0.99178 0.00822
1.00000 0.00000
0.11671 0.88329
0.31400 0.68600
0.58667 0.41333
0.25688 0.74312
0.99568 0.00432
0.28233 0.71767
0.99610 0.00390
0.96493 0.03507
0.11937 0.88063
0.10587 0.89413
0.25073 0.74927
0.21438 0.78562
0.83868 0.16132
0.21953 0.78047
0.99084 0.00916
0.30377 0.69623
0.81727 0.18273
0.24823 0.75177
0.69016 0.30984
0.86504 0.13496
0.86186 0.13814
0.55639 0.44361
0.54060 0.45940
0.79213 0.20787
0.30094 0.69906
0.08827 0.91173
0.08792 0.91208
0.09656 0.90344
0.09618 0.90382
0.24250 0.75750
0.22388 0.77612
0.27709 0.72291
0.25562 0.74438
0.28477 0.71523
0.26347 0.73653
0.17988 0.82012
0.17812 0.82188
0.15268 0.84732
0.27930 0.72070
0.28250 0.71750
0.91303 0.08697
0.57254 0.42746
0.31378 0.68622
0.30219 0.69781
0.25043 0.74957
0.25655 0.74345
0.25043 0.74957
0.24254 0.75746
0.24254 0.75746
0.25461 0.74539
0.18199 0.81801
0.20177 0.79823
0.38906 0.61094
0.12061 0.87939
0.99125 0.00875
0.43866 0.56134
0.99533 0.00467
0.50976 0.49024
0.98793 0.01207
0.95622 0.04378
0.99675 0.00325
0.94024 0.05976
0.99549 0.00451
0.50976 0.49024
0.98793 0.01207
0.27751 0.72249
0.73279 0.26721
0.55935 0.44065
0.94735 0.05265
0.96796 0.03204
0.95322 0.04678
0.96144 0.03856
0.89911 0.10089
0.90709 0.09291
0.87938 0.12062
0.89571 0.10429
0.29731 0.70269
0.18130 0.81870
0.22447 0.77553
0.99040 0.00960
0.23643 0.76357
0.37982 0.62018
0.06162 0.93838
0.80951 0.19049
0.19588 0.80412
0.73061 0.26939
0.15191 0.84809
0.11455 0.88545
0.78258 0.21742
0.93019 0.06981
0.21172 0.78828
0.16623 0.83377
0.29401 0.70599
0.10657 0.89343
0.14419 0.85581
0.15983 0.84017
0.15452 0.84548
0.15537 0.84463
0.16046 0.83954
0.16500 0.83500
0.17551 0.82449
0.45965 0.54035
0.47290 0.52710
0.45965 0.54035
0.48260 0.51740
0.45466 0.54534
0.17393 0.82607
0.12028 0.87972
0.12300 0.87700
0.99607 0.00393
0.99397 0.00603
0.71979 0.28021
0.99588 0.00412
0.18618 0.81382
0.22269 0.77731
0.38387 0.61613
0.68917 0.31083
0.90783 0.09217
0.25675 0.74325
0.22033 0.77967
0.86832 0.13168
0.62434 0.37566
0.26728 0.73272
0.99258 0.00742
0.95431 0.04569
0.28042 0.71958
0.22212 0.77788
0.98250 0.01750
0.13768 0.86232
0.26037 0.73963
0.23172 0.76828
0.79875 0.20125
0.39659 0.60341
0.99980 0.00020
0.11867 0.88133
0.15771 0.84229
0.27033 0.72967
0.45887 0.54113
0.25227 0.74773
0.97994 0.02006
0.10786 0.89214
0.43880 0.56120
0.21151 0.78849
0.23400 0.76600
0.66601 0.33399
0.98492 0.01508
0.83880 0.16120
0.89279 0.10721
0.97697 0.02303
0.53635 0.46365
0.17204 0.82796
0.07191 0.92809
0.55177 0.44823
0.49707 0.50293
0.71612 0.28388
0.99851 0.00149
0.54223 0.45777
0.27828 0.72172
0.20123 0.79877
0.54131 0.45869
0.75098 0.24902
0.18185 0.81815
0.18191 0.81809
0.99952 0.00048
0.20779 0.79221
0.97007 0.02993
0.20677 0.79323
0.59406 0.40594
0.80072 0.19928
0.26776 0.73224
0.27267 0.72733
0.96089 0.03911
0.29726 0.70274
0.56554 0.43446
0.78237 0.21763
0.65530 0.34470
0.62739 0.37261
0.54015 0.45985
0.94551 0.05449
0.99894 0.00106
0.99995 0.00005
0.99879 0.00121
0.44370 0.55630
0.48978 0.51022
0.39095 0.60905
0.37992 0.62008
0.46683 0.53317
0.28881 0.71119
0.40049 0.59951
0.26305 0.73695
0.36526 0.63474
0.13000 0.87000
0.81174 0.18826
0.28612 0.71388
0.57499 0.42501
0.13751 0.86249
0.26487 0.73513
0.80252 0.19748
0.74287 0.25713
0.57877 0.42123
0.74179 0.25821
0.74550 0.25450
0.59524 0.40476
0.35828 0.64172
0.26567 0.73433
0.33856 0.66144
0.34645 0.65355
0.57572 0.42428
0.74287 0.25713
0.57877 0.42123
0.74179 0.25821
0.74550 0.25450
0.59524 0.40476
0.84829 0.15171
0.93117 0.06883
0.89931 0.10069
0.84752 0.15248
0.72290 0.27710
0.49265 0.50735
0.84829 0.15171
0.93117 0.06883
0.89931 0.10069
0.83747 0.16253
0.72290 0.27710
0.49265 0.50735
0.88778 0.11222
0.88356 0.11644
0.88384 0.11616
0.53685 0.46315
0.16679 0.83321
0.16404 0.83596
0.16387 0.83613
0.78921 0.21079
0.99026 0.00974
0.18695 0.81305
0.17887 0.82113
0.55506 0.44494
0.91526 0.08474
0.18911 0.81089
0.18724 0.81276
0.99896 0.00104
0.32567 0.67433
0.99792 0.00208
0.99411 0.00589
0.48208 0.51792
0.30028 0.69972
0.71385 0.28615
0.63936 0.36064
0.12826 0.87174
0.24338 0.75662
0.58266 0.41734
0.30719 0.69281
0.18935 0.81065
0.18335 0.81665
0.18120 0.81880
0.92207 0.07793
0.94600 0.05400
0.99988 0.00012
0.99805 0.00195
0.43291 0.56709
0.48686 0.51314
0.75271 0.24729
0.80623 0.19377
0.75271 0.24729
0.80623 0.19377
0.29861 0.70139
0.33371 0.66629
0.92677 0.07323
0.92677 0.07323
0.85135 0.14865
0.85135 0.14865
0.51118 0.48882
0.51118 0.48882
0.19467 0.80533
0.39744 0.60256
0.19687 0.80313
0.36861 0.63139
0.95991 0.04009
0.85435 0.14565
0.17068 0.82932
0.40693 0.59307
0.20073 0.79927
0.98235 0.01765
0.96776 0.03224
0.98279 0.01721
0.63793 0.36207
0.63793 0.36207
0.71207 0.28793
0.71207 0.28793
0.37865 0.62135
0.37865 0.62135
0.91428 0.08572
0.91428 0.08572
0.68133 0.31867
0.68133 0.31867
0.99521 0.00479
0.10725 0.89275
0.34579 0.65421
0.65005 0.34995
0.59225 0.40775
0.50905 0.49095
0.60546 0.39454
0.30632 0.69368
0.31526 0.68474
0.27419 0.72581
0.30632 0.69368
0.70848 0.29152
0.64420 0.35580
0.72029 0.27971
0.65382 0.34618
0.61627 0.38373
0.45524 0.54476
0.99756 0.00244
0.64147 0.35853
0.85971 0.14029
0.97667 0.02333
0.76647 0.23353
0.97667 0.02333
0.82443 0.17557
0.76647 0.23353
0.31970 0.68030
0.54795 0.45205
0.57381 0.42619
0.24193 0.75807
0.47320 0.52680
0.70893 0.29107
0.18402 0.81598
0.58278 0.41722
0.14680 0.85320
0.21043 0.78957
0.08807 0.91193
0.40510 0.59490
0.74809 0.25191
0.85199 0.14801
0.52299 0.47701
0.83540 0.16460
0.50007 0.49993
0.99913 0.00087
0.45604 0.54396
0.90657 0.09343
0.06387 0.93613
0.23686 0.76314
0.96202 0.03798
0.25403 0.74597
0.22810 0.77190
0.25403 0.74597
0.22810 0.77190
0.86639 0.13361
0.77933 0.22067
0.39539 0.60461
0.54413 0.45587
0.97802 0.02198
0.91845 0.08155
0.31974 0.68026
0.98739 0.01261
0.98543 0.01457
0.21248 0.78752
0.95111 0.04889
0.99562 0.00438
0.92990 0.07010
0.92738 0.07262
0.49206 0.50794
0.99671 0.00329
0.97380 0.02620
0.99713 0.00287
0.52331 0.47669
0.99941 0.00059
0.99868 0.00132
0.28749 0.71251
0.28225 0.71775
0.08824 0.91176
0.55446 0.44554
0.44224 0.55776
0.96767 0.03233
0.94988 0.05012
0.26057 0.73943
0.46048 0.53952
0.99972 0.00028
0.99986 0.00014
0.99986 0.00014
0.79707 0.20293
0.79707 0.20293
0.50864 0.49136
0.99468 0.00532
0.33659 0.66341
0.84491 0.15509
0.33659 0.66341
0.84491 0.15509
0.41654 0.58346
0.40720 0.59280
0.98928 0.01072
0.52618 0.47382
0.59420 0.40580
0.59502 0.40498
0.74432 0.25568
0.32690 0.67310
0.34318 0.65682
0.70551 0.29449
0.66465 0.33535
0.65467 0.34533
0.23525 0.76475
0.83403 0.16597
0.25848 0.74152
0.85767 0.14233
0.85701 0.14299
0.13119 0.86881
0.14664 0.85336
0.99973 0.00027
0.15200 0.84800
0.99754 0.00246
0.99117 0.00883
0.99173 0.00827
0.99713 0.00287
0.99992 0.00008
0.81490 0.18510
0.29474 0.70526
0.73205 0.26795
0.67259 0.32741
0.64848 0.35152
0.74601 0.25399
0.21559 0.78441
0.97595 0.02405
0.19244 0.80756
0.21559 0.78441
0.66581 0.33419
0.21559 0.78441
0.97595 0.02405
0.19244 0.80756
0.21559 0.78441
0.66581 0.33419
0.99679 0.00321
0.59073 0.40927
0.99679 0.00321
0.74393 0.25607
0.15577 0.84423
0.98883 0.01117
0.98687 0.01313
0.90433 0.09567
0.96157 0.03843
0.18701 0.81299
0.20776 0.79224
0.99321 0.00679
0.99228 0.00772
0.77038 0.22962
0.95899 0.04101
0.22596 0.77404
0.98624 0.01376
0.81829 0.18171
0.97454 0.02546
0.41381 0.58619
0.99333 0.00667
0.78593 0.21407
0.99306 0.00694
0.82608 0.17392
0.97623 0.02377
0.99788 0.00212
0.99565 0.00435
0.99873 0.00127
0.99794 0.00206
0.99842 0.00158
0.99565 0.00435
0.91567 0.08433
0.92910 0.07090
0.88293 0.11707
0.92524 0.07476
0.87256 0.12744
0.81650 0.18350
0.98484 0.01516
0.39129 0.60871
0.97492 0.02508
0.82809 0.17191
0.98678 0.01322
0.79767 0.20233
0.98423 0.01577
0.46950 0.53050
0.37142 0.62858
0.33754 0.66246
0.99992 0.00008
0.75795 0.24205
0.13160 0.86840
0.68219 0.31781
0.50691 0.49309
0.61031 0.38969
0.97060 0.02940
0.47196 0.52804
0.97398 0.02602
0.64189 0.35811
0.53248 0.46752
0.65455 0.34545
0.48664 0.51336
0.63114 0.36886
0.71592 0.28408
0.12588 0.87412
0.55874 0.44126
0.69599 0.30401
0.73693 0.26307
0.60019 0.39981
0.87880 0.12120
0.93131 0.06869
0.75370 0.24630
0.40842 0.59158
0.81040 0.18960
0.78299 0.21701
0.90418 0.09582
0.11203 0.88797
0.39056 0.60944
0.43593 0.56407
0.43658 0.56342
0.48336 0.51664
0.39104 0.60896
0.43593 0.56407
0.23199 0.76801
0.23498 0.76502
0.23498 0.76502
0.23498 0.76502
0.23498 0.76502
0.16245 0.83755
0.15235 0.84765
0.23906 0.76094
0.26523 0.73477
0.26135 0.73865
0.30231 0.69769
0.33650 0.66350
0.33650 0.66350
0.28420 0.71580
0.23240 0.76760
0.33600 0.66400
0.37309 0.62691
0.33653 0.66347
0.33308 0.66692
0.37309 0.62691
0.33653 0.66347
0.41795 0.58205
0.52361 0.47639
0.47095 0.52905
0.47058 0.52942
0.36914 0.63086
0.17399 0.82601
0.18056 0.81944
0.20437 0.79563
0.33629 0.66371
0.12052 0.87948
0.08741 0.91259
0.52260 0.47740
0.54163 0.45837
0.19428 0.80572
0.42980 0.57020
0.15759 0.84241
0.44233 0.55767
0.44233 0.55767
0.46347 0.53653
0.46347 0.53653
0.14334 0.85666
0.14334 0.85666
0.29973 0.70027
0.29973 0.70027
0.14334 0.85666
0.14334 0.85666
0.11825 0.88175
0.93156 0.06844
0.92164 0.07836
0.43599 0.56401
0.43917 0.56083
0.40550 0.59450
0.47891 0.52109
0.46297 0.53703
0.99862 0.00138
0.99955 0.00045
0.96968 0.03032
0.96301 0.03699
0.97455 0.02545
0.88339 0.11661
0.93414 0.06586
0.92145 0.07855
0.92145 0.07855
0.54093 0.45907
0.39539 0.60461
0.68579 0.31421
0.71142 0.28858
0.64410 0.35590
0.86356 0.13644
0.86356 0.13644
0.84457 0.15543
0.37473 0.62527
0.37764 0.62236
0.73999 0.26001
0.99353 0.00647
0.99964 0.00036
0.73768 0.26232
0.74226 0.25774
0.63501 0.36499
0.71958 0.28042
0.71822 0.28178
0.79245 0.20755
0.78010 0.21990
0.82004 0.17996
0.80909 0.19091
0.44221 0.55779
0.31124 0.68876
0.87765 0.12235
0.41263 0.58737
0.17074 0.82926
0.29970 0.70030
0.22080 0.77920
0.97586 0.02414
0.28088 0.71912
0.99378 0.00622
0.93433 0.06567
0.92879 0.07121
0.96320 0.03680
0.22268 0.77732
0.99315 0.00685
0.99315 0.00685
0.99344 0.00656
0.99344 0.00656
0.99663 0.00337
0.99663 0.00337
0.96796 0.03204
0.96796 0.03204
0.99315 0.00685
0.99315 0.00685
0.78684 0.21316
0.95057 0.04943
0.14089 0.85911
0.57560 0.42440
0.26105 0.73895
0.79082 0.20918
0.32694 0.67306
0.98419 0.01581
0.16926 0.83074
0.60238 0.39762
0.23978 0.76022
0.69179 0.30821
0.95501 0.04499
0.85049 0.14951
0.70380 0.29620
0.30500 0.69500
0.42139 0.57861
0.84028 0.15972
0.28912 0.71088
0.99765 0.00235
0.99765 0.00235
0.99791 0.00209
0.62562 0.37438
0.62562 0.37438
0.62562 0.37438
0.62562 0.37438
0.62562 0.37438
0.62562 0.37438
0.21407 0.78593
0.67489 0.32511
0.99620 0.00380
0.91351 0.08649
0.99647 0.00353
0.99980 0.00020
0.99850 0.00150
0.10436 0.89564
0.55122 0.44878
0.33093 0.66907
0.53138 0.46862
0.69098 0.30902
0.69098 0.30902
0.18916 0.81084
0.12678 0.87322
0.84119 0.15881
0.44483 0.55517
0.99886 0.00114
0.99897 0.00103
0.90320 0.09680
0.83297 0.16703
0.39428 0.60572
0.30738 0.69262
0.28946 0.71054
0.31662 0.68338
0.20377 0.79623
0.12419 0.87581
0.69804 0.30196
0.12419 0.87581
0.69804 0.30196
0.36548 0.63452
0.31066 0.68934
0.24394 0.75606
0.27874 0.72126
0.26225 0.73775
0.36548 0.63452
0.40854 0.59146
0.36548 0.63452
0.31066 0.68934
0.24394 0.75606
0.27874 0.72126
0.26225 0.73775
0.36548 0.63452
0.40854 0.59146
0.36548 0.63452
0.31066 0.68934
0.24394 0.75606
0.27874 0.72126
0.26225 0.73775
0.36548 0.63452
0.40854 0.59146
0.93603 0.06397
0.43940 0.56060
0.83207 0.16793
0.42414 0.57586
0.67401 0.32599
0.22013 0.77987
0.80490 0.19510
0.05101 0.94899
0.24175 0.75825
0.99962 0.00038
0.21994 0.78006
0.15924 0.84076
0.72826 0.27174
0.82073 0.17927
0.68368 0.31632
0.64789 0.35211
0.59833 0.40167
0.03339 0.96661
0.17259 0.82741
0.13000 0.87000
0.22617 0.77383
0.94539 0.05461
0.19007 0.80993
0.11963 0.88037
0.17858 0.82142
0.58793 0.41207
0.31583 0.68417
0.12397 0.87603
0.12397 0.87603
0.40476 0.59524
0.40476 0.59524
0.20774 0.79226
0.43043 0.56957
0.24608 0.75392
0.23916 0.76084
0.19003 0.80997
0.70063 0.29937
0.99313 0.00687
0.26931 0.73069
0.71517 0.28483
0.75276 0.24724
0.35144 0.64856
0.99714 0.00286
0.82715 0.17285
0.99494 0.00506
0.73712 0.26288
0.11738 0.88262
0.30503 0.69497
0.30184 0.69816
0.99932 0.00068
0.77385 0.22615
0.93092 0.06908
0.56559 0.43441
0.56151 0.43849
0.78998 0.21002
0.57863 0.42137
0.30825 0.69175
0.28222 0.71778
0.70673 0.29327
0.58822 0.41178
0.54625 0.45375
0.68527 0.31473
0.24311 0.75689
0.24088 0.75912
0.28749 0.71251
0.25802 0.74198
0.46665 0.53335
0.41417 0.58583
0.39419 0.60581
0.26773 0.73227
0.86313 0.13687
0.20939 0.79061
0.99956 0.00044
0.88412 0.11588
0.52411 0.47589
0.99623 0.00377
0.99719 0.00281
0.54317 0.45683
0.99904 0.00096
0.15317 0.84683
0.95407 0.04593
0.93840 0.06160
0.38623 0.61377
0.34694 0.65306
0.95407 0.04593
0.93840 0.06160
0.38623 0.61377
0.34694 0.65306
0.99943 0.00057
0.99919 0.00081
0.45216 0.54784
0.41552 0.58448
0.45216 0.54784
0.41552 0.58448
0.95811 0.04189
0.46645 0.53355
0.97808 0.02192
0.60394 0.39606
0.99943 0.00057
0.99919 0.00081
0.16289 0.83711
0.12319 0.87681
0.51131 0.48869
0.12118 0.87882
0.62362 0.37638
0.62362 0.37638
0.94506 0.05494
0.94506 0.05494
0.94506 0.05494
0.94506 0.05494
0.35388 0.64612
0.36719 0.63281
0.67237 0.32763
0.27893 0.72107
0.30478 0.69522
0.28776 0.71224
0.12191 0.87809
0.22448 0.77552
0.18644 0.81356
0.19743 0.80257
0.36020 0.63980
0.28723 0.71277
0.28723 0.71277
0.55862 0.44138
0.16124 0.83876
0.81930 0.18070
0.81930 0.18070
0.81643 0.18357
0.81643 0.18357
0.36916 0.63084
0.37096 0.62904
0.30127 0.69873
0.30293 0.69707
0.98389 0.01611
0.98359 0.01641
0.98357 0.01643
0.98327 0.01673
0.36916 0.63084
0.37096 0.62904
0.50649 0.49351
0.98539 0.01461
0.38850 0.61150
0.87025 0.12975
0.94908 0.05092
0.99687 0.00313
0.45181 0.54819
0.49245 0.50755
0.98645 0.01355
0.52201 0.47799
0.66137 0.33863
0.72402 0.27598
0.29267 0.70733
0.34106 0.65894
0.54841 0.45159
0.81125 0.18875
0.99974 0.00026
0.53329 0.46671
0.97008 0.02992
0.35766 0.64234
0.43036 0.56964
0.99800 0.00200
0.65151 0.34849
0.32941 0.67059
0.26099 0.73901
0.26099 0.73901
0.26099 0.73901
0.26099 0.73901
0.14457 0.85543
0.70824 0.29176
0.14457 0.85543
0.70824 0.29176
0.49244 0.50756
0.57213 0.42787
0.58460 0.41540
0.75588 0.24412
0.26598 0.73402
0.22318 0.77682
0.17595 0.82405
0.19799 0.80201
0.18647 0.81353
0.26598 0.73402
0.30277 0.69723
0.18003 0.81997
0.19168 0.80832
0.17160 0.82840
0.26598 0.73402
0.22318 0.77682
0.17595 0.82405
0.19799 0.80201
0.18647 0.81353
0.26598 0.73402
0.30277 0.69723
0.18003 0.81997
0.19168 0.80832
0.17160 0.82840
0.26598 0.73402
0.22318 0.77682
0.17595 0.82405
0.19799 0.80201
0.18647 0.81353
0.26598 0.73402
0.30277 0.69723
0.18003 0.81997
0.19168 0.80832
0.17160 0.82840
0.19793 0.80207
0.17030 0.82970
0.24989 0.75011
0.34555 0.65445
0.33792 0.66208
0.78867 0.21133
0.18830 0.81170
0.62952 0.37048
0.22562 0.77438
0.19505 0.80495
0.62952 0.37048
0.22562 0.77438
0.62952 0.37048
0.22562 0.77438
0.19505 0.80495
0.62952 0.37048
0.22562 0.77438
0.43082 0.56918
0.43082 0.56918
0.99935 0.00065
0.43082 0.56918
0.43082 0.56918
0.43082 0.56918
0.99935 0.00065
0.43082 0.56918
0.85053 0.14947
0.85053 0.14947
0.47202 0.52798
0.89352 0.10648
0.47202 0.52798
0.45759 0.54241
0.90329 0.09671
0.60318 0.39682
0.60367 0.39633
0.56984 0.43016
0.60653 0.39347
0.58403 0.41597
0.46057 0.53943
0.39183 0.60817
0.65724 0.34276
0.77882 0.22118
0.74339 0.25661
0.94116 0.05884
0.94786 0.05214
0.24849 0.75151
0.24649 0.75351
0.13065 0.86935
0.26426 0.73574
0.30008 0.69992
0.99952 0.00048
0.83052 0.16948
0.99880 0.00120
0.80987 0.19013
0.80987 0.19013
0.50408 0.49592
0.50408 0.49592
0.41777 0.58223
0.41777 0.58223
0.43770 0.56230
0.43770 0.56230
0.86486 0.13514
0.91973 0.08027
0.99709 0.00291
0.99926 0.00074
0.99745 0.00255
0.86282 0.13718
0.99245 0.00755
0.88210 0.11790
0.58389 0.41611
0.90258 0.09742
0.92966 0.07034
0.53373 0.46627
0.99843 0.00157
0.99773 0.00227
0.94959 0.05041
0.96270 0.03730
0.99683 0.00317
0.99252 0.00748
0.96540 0.03460
0.87591 0.12409
0.93001 0.06999
0.90446 0.09554
0.95801 0.04199
0.55445 0.44555
0.49143 0.50857
0.91517 0.08483
0.99827 0.00173
0.91232 0.08768
0.78727 0.21273
0.90938 0.09062
0.90368 0.09632
0.90018 0.09982
0.43179 0.56821
0.31057 0.68943
0.68495 0.31505
0.09559 0.90441
0.35645 0.64355
0.20806 0.79194
0.20551 0.79449
0.87724 0.12276
0.96826 0.03174
0.30168 0.69832
0.87795 0.12205
0.72249 0.27751
0.90096 0.09904
0.30920 0.69080
0.74437 0.25563
0.35566 0.64434
0.97218 0.02782
0.99695 0.00305
0.78763 0.21237
0.99455 0.00545
0.71599 0.28401
0.99434 0.00566
0.63730 0.36270
0.99773 0.00227
0.78703 0.21297
0.99347 0.00653
0.98552 0.01448
0.98479 0.01521
0.99926 0.00074
0.99780 0.00220
0.99765 0.00235
0.53687 0.46313
0.65524 0.34476
0.14217 0.85783
0.21594 0.78406
0.70731 0.29269
0.95280 0.04720
0.29056 0.70944
0.25891 0.74109
0.92522 0.07478
0.51287 0.48713
0.83416 0.16584
0.46665 0.53335
0.89386 0.10614
0.74984 0.25016
0.82131 0.17869
0.35006 0.64994
0.99743 0.00257
0.31294 0.68706
0.33698 0.66302
0.38370 0.61630
0.31294 0.68706
0.33698 0.66302
0.38370 0.61630
0.41958 0.58042
0.16110 0.83890
0.22713 0.77287
0.22713 0.77287
0.37738 0.62262
0.20199 0.79801
0.20659 0.79341
0.26090 0.73910
0.39442 0.60558
0.31841 0.68159
0.39914 0.60086
0.32258 0.67742
0.32720 0.67280
0.29337 0.70663
0.29937 0.70063
0.36799 0.63201
0.13698 0.86302
0.30002 0.69998
0.21138 0.78862
0.16433 0.83567
0.17456 0.82544
0.63590 0.36410
0.22577 0.77423
0.27753 0.72247
0.30803 0.69197
0.51397 0.48603
0.86783 0.13217
0.12255 0.87745
0.71253 0.28747
0.71678 0.28322
0.18323 0.81677
0.86020 0.13980
0.94974 0.05026
0.94116 0.05884
0.10455 0.89545
0.98787 0.01213
0.98787 0.01213
0.46971 0.53029
0.46971 0.53029
0.46971 0.53029
0.46971 0.53029
0.98622 0.01378
0.98622 0.01378
0.99690 0.00310
0.99690 0.00310
0.96963 0.03037
0.91808 0.08192
0.98006 0.01994
0.88809 0.11191
0.25661 0.74339
0.15937 0.84063
0.29232 0.70768
0.33294 0.66706
0.10441 0.89559
0.92786 0.07214
0.94176 0.05824
0.89204 0.10796
0.91230 0.08770
0.93315 0.06685
0.71478 0.28522
0.94559 0.05441
0.75615 0.24385
0.94559 0.05441
0.75615 0.24385
0.84550 0.15450
0.86652 0.13348
0.15021 0.84979
0.12949 0.87051
0.14390 0.85610
0.12196 0.87804
0.12572 0.87428
0.06567 0.93433
0.22891 0.77109
0.07427 0.92573
0.19268 0.80732
0.19268 0.80732
0.88836 0.11164
0.84558 0.15442
0.97303 0.02697
0.70169 0.29831
0.99290 0.00710
0.62895 0.37105
0.94531 0.05469
0.95984 0.04016
0.95984 0.04016
0.95984 0.04016
0.67116 0.32884
0.24566 0.75434
0.59934 0.40066
0.92764 0.07236
0.90331 0.09669
0.99714 0.00286
0.97894 0.02106
0.98992 0.01008
0.98571 0.01429
0.27485 0.72515
0.28386 0.71614
0.81564 0.18436
0.99539 0.00461
0.99349 0.00651
0.99491 0.00509
0.99168 0.00832
0.99856 0.00144
0.99801 0.00199
0.99623 0.00377
0.31820 0.68180
0.99903 0.00097
0.36699 0.63301
0.38862 0.61138
0.24388 0.75612
0.60874 0.39126
0.28668 0.71332
0.97801 0.02199
0.56647 0.43353
0.15795 0.84205
0.99262 0.00738
0.74175 0.25825
0.99262 0.00738
0.74175 0.25825
0.80926 0.19074
0.91125 0.08875
0.37496 0.62504
0.36134 0.63866
0.37496 0.62504
0.38497 0.61503
0.37496 0.62504
0.36134 0.63866
0.37496 0.62504
0.38497 0.61503
0.29644 0.70356
0.30088 0.69912
0.16523 0.83477
0.16816 0.83184
0.20978 0.79022
0.21326 0.78674
0.26440 0.73560
0.32353 0.67647
0.53143 0.46857
0.35323 0.64677
0.34228 0.65772
0.17398 0.82602
0.75403 0.24597
0.90382 0.09618
0.93789 0.06211
0.94460 0.05540
0.96261 0.03739
0.74788 0.25212
0.97327 0.02673
0.97623 0.02377
0.68209 0.31791
0.96396 0.03604
0.74772 0.25228
0.86771 0.13229
0.90114 0.09886
0.88806 0.11194
0.92221 0.07779
0.91877 0.08123
0.74283 0.25717
0.63457 0.36543
0.92471 0.07529
0.62798 0.37202
0.96608 0.03392
0.62798 0.37202
0.96608 0.03392
0.95433 0.04567
0.16619 0.83381
0.60122 0.39878
0.60122 0.39878
0.22628 0.77372
0.37187 0.62813
0.38243 0.61757
0.29550 0.70450
0.38615 0.61385
0.49104 0.50896
0.40742 0.59258
0.49904 0.50096
0.40321 0.59679
0.53886 0.46114
0.10424 0.89576
0.11806 0.88194
0.64561 0.35439
0.61603 0.38397
0.16678 0.83322
0.99550 0.00450
0.16004 0.83996
0.97830 0.02170
0.16718 0.83282
0.40507 0.59493
0.97521 0.02479
0.40507 0.59493
0.42654 0.57346
0.09197 0.90803
0.25851 0.74149
0.97568 0.02432
0.84206 0.15794
0.99885 0.00115
0.83346 0.16654
0.99950 0.00050
0.56232 0.43768
0.51156 0.48844
0.91909 0.08091
0.14024 0.85976
0.14024 0.85976
0.57024 0.42976
0.57024 0.42976
0.23493 0.76507
0.23493 0.76507
0.99944 0.00056
0.12971 0.87029
0.45602 0.54398
0.95055 0.04945
0.65052 0.34948
0.65052 0.34948
0.24972 0.75028
0.24972 0.75028
0.15957 0.84043
0.15957 0.84043
0.92634 0.07366
0.92634 0.07366
0.22117 0.77883
0.22117 0.77883
0.41314 0.58686
0.41314 0.58686
0.22117 0.77883
0.22117 0.77883
0.92634 0.07366
0.92634 0.07366
0.41314 0.58686
0.41314 0.58686
0.52742 0.47258
0.69639 0.30361
0.70568 0.29432
0.82589 0.17411
0.63763 0.36237
0.43593 0.56407
0.57266 0.42734
0.85579 0.14421
0.83013 0.16987
0.67334 0.32666
0.19937 0.80063
0.20998 0.79002
0.82531 0.17469
0.81918 0.18082
0.99977 0.00023
0.70995 0.29005
0.70324 0.29676
0.27931 0.72069
0.49194 0.50806
0.99895 0.00105
0.12699 0.87301
0.43659 0.56341
0.35057 0.64943
0.35057 0.64943
0.51589 0.48411
0.52045 0.47955
0.98666 0.01334
0.57706 0.42294
0.65820 0.34180
0.49883 0.50117
0.98666 0.01334
0.57706 0.42294
0.91446 0.08554
0.27149 0.72851
0.15123 0.84877
0.98278 0.01722
0.30229 0.69771
0.27067 0.72933
0.43465 0.56535
0.37742 0.62258
0.44542 0.55458
0.67267 0.32733
0.53210 0.46790
0.49609 0.50391
0.44823 0.55177
0.23396 0.76604
0.66157 0.33843
0.79363 0.20637
0.95594 0.04406
0.27359 0.72641
0.21177 0.78823
0.78145 0.21855
0.80395 0.19605
0.26579 0.73421
0.61004 0.38996
0.35269 0.64731
0.09768 0.90232
0.41839 0.58161
0.78918 0.21082
0.43595 0.56405
0.15519 0.84481
0.83892 0.16108
0.82084 0.17916
0.82084 0.17916
0.96008 0.03992
0.40148 0.59852
0.47192 0.52808
0.96008 0.03992
0.40148 0.59852
0.47192 0.52808
0.78804 0.21196
0.88648 0.11352
0.91583 0.08417
0.98569 0.01431
0.98869 0.01131
0.98423 0.01577
0.35220 0.64780
0.98447 0.01553
0.23959 0.76041
0.86542 0.13458
0.25525 0.74475
0.17604 0.82396
0.50569 0.49431
0.22611 0.77389
0.53730 0.46270
0.99958 0.00042
0.97419 0.02581
0.95137 0.04863
0.46523 0.53477
0.99085 0.00915
0.99381 0.00619
0.99467 0.00533
0.87350 0.12650
0.79336 0.20664
0.86829 0.13171
0.99910 0.00090
0.99382 0.00618
0.32681 0.67319
0.96250 0.03750
0.40360 0.59640
0.25332 0.74668
0.99743 0.00257
0.28224 0.71776
0.20324 0.79676
0.99914 0.00086
0.99852 0.00148
0.31735 0.68265
0.20475 0.79525
0.99988 0.00012
0.99988 0.00012
0.32280 0.67720
0.32280 0.67720
0.32280 0.67720
0.32280 0.67720
0.99990 0.00010
0.98049 0.01951
0.92634 0.07366
0.83976 0.16024
0.40183 0.59817
0.43531 0.56469
0.55719 0.44281
0.52799 0.47201
0.64706 0.35294
0.53253 0.46747
0.96323 0.03677
0.31947 0.68053
0.43517 0.56483
0.30510 0.69490
0.28750 0.71250
0.23628 0.76372
0.24217 0.75783
0.25782 0.74218
0.08393 0.91607
0.73975 0.26025
0.29333 0.70667
0.80660 0.19340
0.34834 0.65166
0.15745 0.84255
0.68113 0.31887
0.81065 0.18935
0.21133 0.78867
0.20541 0.79459
0.19197 0.80803
0.98637 0.01363
0.99102 0.00898
0.45972 0.54028
0.44731 0.55269
0.93358 0.06642
0.31573 0.68427
0.74111 0.25889
0.30393 0.69607
0.72530 0.27470
0.91450 0.08550
0.61099 0.38901
0.99991 0.00009
0.61634 0.38366
0.99988 0.00012
0.57461 0.42539
0.99808 0.00192
0.57211 0.42789
0.99985 0.00015
0.51257 0.48743
0.99808 0.00192
0.57211 0.42789
0.99924 0.00076
0.75243 0.24757
0.99980 0.00020
0.45842 0.54158
0.44786 0.55214
0.63805 0.36195
0.63805 0.36195
0.63805 0.36195
0.63805 0.36195
0.47326 0.52674
0.43125 0.56875
0.39800 0.60200
0.62992 0.37008
0.32013 0.67987
0.54569 0.45431
0.54721 0.45279
0.60059 0.39941
0.68727 0.31273
0.68951 0.31049
0.56929 0.43071
0.55031 0.44969
0.83269 0.16731
0.61594 0.38406
0.32932 0.67068
0.96354 0.03646
0.80455 0.19545
0.56625 0.43375
0.25597 0.74403
0.75802 0.24198
0.99536 0.00464
0.99536 0.00464
0.99625 0.00375
0.99569 0.00431
0.99605 0.00395
0.99689 0.00311
0.73130 0.26870
0.69057 0.30943
0.74837 0.25163
0.70962 0.29038
0.73893 0.26107
0.69919 0.30081
0.43301 0.56699
0.41861 0.58139
0.43301 0.56699
0.41861 0.58139
0.62766 0.37234
0.62574 0.37426
0.65970 0.34030
0.65765 0.34235
0.99675 0.00325
0.99674 0.00326
0.64049 0.35951
0.63858 0.36142
0.65705 0.34295
0.65491 0.34509
0.99696 0.00304
0.99695 0.00305
0.64049 0.35951
0.63858 0.36142
0.99696 0.00304
0.99695 0.00305
0.65705 0.34295
0.65491 0.34509
0.99696 0.00304
0.99695 0.00305
0.52037 0.47963
0.53979 0.46021
0.97815 0.02185
0.52220 0.47780
0.97785 0.02215
0.53675 0.46325
0.97785 0.02215
0.63599 0.36401
0.65564 0.34436
0.71590 0.28410
0.99530 0.00470
0.30880 0.69120
0.31635 0.68365
0.52165 0.47835
0.16482 0.83518
0.99997 0.00003
0.38195 0.61805
0.38195 0.61805
0.83309 0.16691
0.99043 0.00957
0.98820 0.01180
0.85008 0.14992
0.84931 0.15069
0.73730 0.26270
0.70783 0.29217
0.66593 0.33407
0.70246 0.29754
0.66000 0.34000
0.73838 0.26162
0.84661 0.15339
0.89605 0.10395
0.86908 0.13092
0.78851 0.21149
0.87759 0.12241
0.84723 0.15277
0.87759 0.12241
0.84723 0.15277
0.42908 0.57092
0.44079 0.55921
0.45536 0.54464
0.40667 0.59333
0.41537 0.58463
0.43944 0.56056
0.45805 0.54195
0.47917 0.52083
0.21927 0.78073
0.23860 0.76140
0.39388 0.60612
0.40213 0.59787
0.42383 0.57617
0.39531 0.60469
0.28964 0.71036
0.83709 0.16291
0.09592 0.90408
0.83200 0.16800
0.15161 0.84839
0.97734 0.02266
0.91810 0.08190
0.41192 0.58808
0.78865 0.21135
0.49552 0.50448
0.53255 0.46745
0.16302 0.83698
0.40123 0.59877
0.46537 0.53463
0.20311 0.79689
0.44026 0.55974
0.49426 0.50574
0.49426 0.50574
0.12083 0.87917
0.11099 0.88901
0.99898 0.00102
0.14422 0.85578
0.99917 0.00083
0.53305 0.46695
0.98787 0.01213
0.10830 0.89170
0.65387 0.34613
0.97383 0.02617
0.59142 0.40858
0.21900 0.78100
0.85268 0.14732
0.31989 0.68011
0.31044 0.68956
0.84160 0.15840
0.31989 0.68011
0.53219 0.46781
0.63857 0.36143
0.61436 0.38564
0.53475 0.46525
0.13823 0.86177
0.99981 0.00019
0.99910 0.00090
0.99835 0.00165
0.99944 0.00056
0.39827 0.60173
0.38337 0.61663
0.84695 0.15305
0.84554 0.15446
0.39827 0.60173
0.38337 0.61663
0.86955 0.13045
0.87004 0.12996
0.32840 0.67160
0.33687 0.66313
0.76275 0.23725
0.76275 0.23725
0.99990 0.00010
0.99990 0.00010
0.99990 0.00010
0.99990 0.00010
0.98482 0.01518
0.99520 0.00480
0.13697 0.86303
0.75359 0.24641
0.28902 0.71098
0.49251 0.50749
0.86017 0.13983
0.48739 0.51261
0.48739 0.51261
0.48739 0.51261
0.48739 0.51261
0.24922 0.75078
0.24922 0.75078
0.99469 0.00531
0.99469 0.00531
0.24922 0.75078
0.24922 0.75078
0.27500 0.72500
0.89660 0.10340
0.99896 0.00104
0.99929 0.00071
0.83582 0.16418
0.96911 0.03089
0.49072 0.50928
0.49037 0.50963
0.99900 0.00100
0.61073 0.38927
0.89830 0.10170
0.99884 0.00116
0.98706 0.01294
0.93706 0.06294
0.97525 0.02475
0.93698 0.06302
0.99128 0.00872
0.99348 0.00652
0.27911 0.72089
0.31706 0.68294
0.88973 0.11027
0.91344 0.08656
0.10907 0.89093
0.17430 0.82570
0.99480 0.00520
0.17139 0.82861
0.99415 0.00585
0.99496 0.00504
0.98679 0.01321
0.95153 0.04847
0.99161 0.00839
0.28243 0.71757
0.28243 0.71757
0.55412 0.44588
0.59880 0.40120
0.58309 0.41691
0.96527 0.03473
0.94959 0.05041
0.28117 0.71883
0.92600 0.07400
0.52574 0.47426
0.57378 0.42622
0.66748 0.33252
0.53519 0.46481
0.77850 0.22150
0.64779 0.35221
0.20194 0.79806
0.39099 0.60901
0.16425 0.83575
0.13980 0.86020
0.20938 0.79062
0.13785 0.86215
0.96736 0.03264
0.23569 0.76431
0.47072 0.52928
0.39797 0.60203
0.09012 0.90988
0.78364 0.21636
0.93997 0.06003
0.99740 0.00260
0.81061 0.18939
0.67043 0.32957
0.85842 0.14158
0.85701 0.14299
0.82912 0.17088
0.82139 0.17861
0.83792 0.16208
0.60252 0.39748
0.70554 0.29446
0.37128 0.62872
0.45702 0.54298
0.76914 0.23086
0.69424 0.30576
0.69424 0.30576
0.38729 0.61271
0.12311 0.87689
0.16099 0.83901
0.98351 0.01649
0.97828 0.02172
0.16401 0.83599
0.99386 0.00614
0.04526 0.95474
0.11240 0.88760
0.86391 0.13609
0.32073 0.67927
0.98959 0.01041
0.98615 0.01385
0.99166 0.00834
0.12153 0.87847
0.79474 0.20526
0.79433 0.20567
0.84387 0.15613
0.83581 0.16419
0.26499 0.73501
0.25914 0.74086
0.54227 0.45773
0.54813 0.45187
0.60589 0.39411
0.60589 0.39411
0.82583 0.17417
0.82583 0.17417
0.57739 0.42261
0.98353 0.01647
0.75642 0.24358
0.35617 0.64383
0.70902 0.29098
0.97500 0.02500
0.12710 0.87290
0.99987 0.00013
0.99520 0.00480
0.98952 0.01048
0.32665 0.67335
0.99761 0.00239
0.29715 0.70285
0.32918 0.67082
0.99896 0.00104
0.26152 0.73848
0.74408 0.25592
0.26152 0.73848
0.74408 0.25592
0.99878 0.00122
0.99200 0.00800
0.30616 0.69384
0.98805 0.01195
0.25221 0.74779
0.99966 0.00034
0.25221 0.74779
0.99966 0.00034
0.99956 0.00044
0.99967 0.00033
0.99978 0.00022
0.46339 0.53661
0.17314 0.82686
0.24829 0.75171
0.23723 0.76277
0.75280 0.24720
0.90568 0.09432
0.81428 0.18572
0.30475 0.69525
0.84630 0.15370
0.99863 0.00137
0.99294 0.00706
0.99413 0.00587
0.78341 0.21659
0.77505 0.22495
0.77042 0.22958
0.76413 0.23587
0.62177 0.37823
0.58979 0.41021
0.58010 0.41990
0.61404 0.38596
0.58178 0.41822
0.57213 0.42787
0.78221 0.21779
0.44986 0.55014
0.48297 0.51703
0.47136 0.52864
0.48297 0.51703
0.47136 0.52864
0.33381 0.66619
0.34397 0.65603
0.19007 0.80993
0.36711 0.63289
0.10681 0.89319
0.11262 0.88738
0.41398 0.58602
0.82126 0.17874
0.39188 0.60812
0.99910 0.00090
0.91062 0.08938
0.52916 0.47084
0.67316 0.32684
0.68371 0.31629
0.67316 0.32684
0.31036 0.68964
0.28392 0.71608
0.28966 0.71034
0.27584 0.72416
0.30535 0.69465
0.55201 0.44799
0.24880 0.75120
0.21701 0.78299
0.25720 0.74280
0.44278 0.55722
0.99929 0.00071
0.87474 0.12526
0.54652 0.45348
0.50398 0.49602
0.59432 0.40568
0.09229 0.90771
0.41140 0.58860
0.80802 0.19198
0.85271 0.14729
0.38828 0.61172
0.92680 0.07320
0.38365 0.61635
0.92680 0.07320
0.38365 0.61635
0.92680 0.07320
0.38365 0.61635
0.94085 0.05915
0.85482 0.14518
0.72218 0.27782
0.79050 0.20950
0.97778 0.02222
0.80254 0.19746
0.35984 0.64016
0.95717 0.04283
0.99017 0.00983
0.27216 0.72784
0.27216 0.72784
0.27216 0.72784
0.27216 0.72784
0.31057 0.68943
0.54714 0.45286
0.54714 0.45286
0.54714 0.45286
0.54714 0.45286
0.62083 0.37917
0.40977 0.59023
0.40133 0.59867
0.84679 0.15321
0.48019 0.51981
0.98679 0.01321
0.79342 0.20658
0.42671 0.57329
0.88039 0.11961
0.99570 0.00430
0.99953 0.00047
0.87682 0.12318
0.99713 0.00287
0.90011 0.09989
0.71627 0.28373
0.57364 0.42636
0.90011 0.09989
0.71627 0.28373
0.57364 0.42636
0.41664 0.58336
0.99953 0.00047
0.86169 0.13831
0.86440 0.13560
0.71509 0.28491
0.65461 0.34539
0.29904 0.70096
0.38025 0.61975
0.52017 0.47983
0.49339 0.50661
0.99589 0.00411
0.16070 0.83930
0.94133 0.05867
0.99868 0.00132
0.19859 0.80141
0.96888 0.03112
0.98028 0.01972
0.21991 0.78009
0.20196 0.79804
0.19462 0.80538
0.22600 0.77400
0.21728 0.78272
0.78832 0.21168
0.82215 0.17785
0.99984 0.00016
0.99985 0.00015
0.99337 0.00663
0.99332 0.00668
0.99336 0.00664
0.99332 0.00668
0.99790 0.00210
0.35000 0.65000
0.33902 0.66098
0.98552 0.01448
0.33030 0.66970
0.32506 0.67494
0.24495 0.75505
0.22922 0.77078
0.22922 0.77078
0.24950 0.75050
0.81598 0.18402
0.21478 0.78522
0.21478 0.78522
0.30100 0.69900
0.29855 0.70145
0.29855 0.70145
0.27324 0.72676
0.16920 0.83080
0.65786 0.34214
0.44488 0.55512
0.37752 0.62248
0.99560 0.00440
0.36717 0.63283
0.99882 0.00118
0.37101 0.62899
0.76659 0.23341
0.76659 0.23341
0.44478 0.55522
0.99800 0.00200
0.99800 0.00200
0.44308 0.55692
0.30827 0.69173
0.99594 0.00406
0.99594 0.00406
0.22253 0.77747
0.41054 0.58946
0.41465 0.58535
0.98999 0.01001
0.65451 0.34549
0.92450 0.07550
0.36635 0.63365
0.99436 0.00564
0.99436 0.00564
0.92051 0.07949
0.28846 0.71154
0.26120 0.73880
0.33336 0.66664
0.91330 0.08670
0.89867 0.10133
0.99951 0.00049
0.12154 0.87846
0.76460 0.23540
0.88768 0.11232
0.80573 0.19427
0.80573 0.19427
0.61285 0.38715
0.13905 0.86095
0.29022 0.70978
0.22770 0.77230
0.69123 0.30877
0.29022 0.70978
0.20506 0.79494
0.20184 0.79816
0.49326 0.50674
0.64938 0.35062
0.18232 0.81768
0.63802 0.36198
0.68712 0.31288
0.09622 0.90378
0.40122 0.59878
0.29438 0.70562
0.80655 0.19345
0.99896 0.00104
0.77646 0.22354
0.84866 0.15134
0.67141 0.32859
0.19984 0.80016
0.19060 0.80940
0.67141 0.32859
0.19984 0.80016
0.19060 0.80940
0.92656 0.07344
0.97329 0.02671
0.77661 0.22339
0.83846 0.16154
0.85793 0.14207
0.87568 0.12432
0.78832 0.21168
0.82024 0.17976
0.78832 0.21168
0.82024 0.17976
0.04513 0.95487
0.13240 0.86760
0.18991 0.81009
0.54402 0.45598
0.83215 0.16785
0.83215 0.16785
0.76725 0.23275
0.76725 0.23275
0.30976 0.69024
0.30976 0.69024
0.91440 0.08560
0.58973 0.41027
0.55794 0.44206
0.53335 0.46665
0.70551 0.29449
0.24859 0.75141
0.94132 0.05868
0.71116 0.28884
0.92240 0.07760
0.42547 0.57453
0.12323 0.87677
0.99238 0.00762
0.18390 0.81610
0.36515 0.63485
0.22345 0.77655
0.30310 0.69690
0.19703 0.80297
0.96503 0.03497
0.13725 0.86275
0.13725 0.86275
0.50610 0.49390
0.96015 0.03985
0.96833 0.03167
0.94024 0.05976
0.21475 0.78525
0.29182 0.70818
0.89996 0.10004
0.32146 0.67854
0.09574 0.90426
0.42759 0.57241
0.59718 0.40282
0.99894 0.00106
0.59718 0.40282
0.99894 0.00106
0.70483 0.29517
0.99715 0.00285
0.34808 0.65192
0.24045 0.75955
0.99867 0.00133
0.62169 0.37831
0.57948 0.42052
0.99712 0.00288
0.54714 0.45286
0.98443 0.01557
0.58610 0.41390
0.99664 0.00336
0.45103 0.54897
0.99822 0.00178
0.31914 0.68086
0.45103 0.54897
0.99822 0.00178
0.31914 0.68086
0.68768 0.31232
0.99636 0.00364
0.99974 0.00026
0.91381 0.08619
0.60307 0.39693
0.91326 0.08674
0.98280 0.01720
0.93496 0.06504
0.99523 0.00477
0.99396 0.00604
0.98155 0.01845
0.88631 0.11369
0.41661 0.58339
0.91034 0.08966
0.86695 0.13305
0.59609 0.40391
0.52288 0.47712
0.58847 0.41153
0.85788 0.14212
0.79418 0.20582
0.85189 0.14811
0.82979 0.17021
0.38251 0.61749
0.82363 0.17637
0.30603 0.69397
0.62097 0.37903
0.41224 0.58776
0.99939 0.00061
0.85847 0.14153
0.79457 0.20543
0.85590 0.14410
0.78447 0.21553
0.78985 0.21015
0.99309 0.00691
0.40144 0.59856
0.28875 0.71125
0.78546 0.21454
0.99954 0.00046
0.90246 0.09754
0.92783 0.07217
0.99940 0.00060
0.46351 0.53649
0.90895 0.09105
0.71319 0.28681
0.51612 0.48388
0.18879 0.81121
0.13656 0.86344
0.48533 0.51467
0.68979 0.31021
0.73114 0.26886
0.29535 0.70465
0.68979 0.31021
0.68979 0.31021
0.75840 0.24160
0.70269 0.29731
0.26563 0.73437
0.84545 0.15455
0.99371 0.00629
0.86482 0.13518
0.18446 0.81554
0.14018 0.85982
0.78419 0.21581
0.26861 0.73139
0.99431 0.00569
0.26712 0.73288
0.94896 0.05104
0.26628 0.73372
0.28301 0.71699
0.27924 0.72076
0.19061 0.80939
0.19061 0.80939
0.31401 0.68599
0.31401 0.68599
0.06825 0.93175
0.84811 0.15189
0.15860 0.84140
0.18812 0.81188
0.18999 0.81001
0.30755 0.69245
0.28795 0.71205
0.29809 0.70191
0.28815 0.71185
0.30755 0.69245
0.28795 0.71205
0.29809 0.70191
0.28815 0.71185
0.27405 0.72595
0.99900 0.00100
0.78746 0.21254
0.77214 0.22786
0.11462 0.88538
0.32896 0.67104
0.16300 0.83700
0.39779 0.60221
0.52197 0.47803
0.72143 0.27857
0.68662 0.31338
0.77594 0.22406
0.73561 0.26439
0.73561 0.26439
0.77428 0.22572
0.60440 0.39560
0.75449 0.24551
0.77594 0.22406
0.73561 0.26439
0.73561 0.26439
0.77428 0.22572
0.60440 0.39560
0.75449 0.24551
0.77594 0.22406
0.73561 0.26439
0.73561 0.26439
0.77428 0.22572
0.60440 0.39560
0.75449 0.24551
0.77521 0.22479
0.77521 0.22479
0.82324 0.17676
0.83132 0.16868
0.37025 0.62975
0.62337 0.37663
0.72004 0.27996
0.67154 0.32846
0.64939 0.35061
0.63850 0.36150
0.74575 0.25425
0.16783 0.83217
0.89452 0.10548
0.92842 0.07158
0.92842 0.07158
0.79018 0.20982
0.53882 0.46118
0.53882 0.46118
0.93036 0.06964
0.90587 0.09413
0.99958 0.00042
0.99730 0.00270
0.41824 0.58176
0.82305 0.17695
0.82305 0.17695
0.25434 0.74566
0.93116 0.06884
0.22088 0.77912
0.91421 0.08579
0.47172 0.52828
0.99226 0.00774
0.22871 0.77129
0.98183 0.01817
0.25693 0.74307
0.98469 0.01531
0.15060 0.84940
0.14901 0.85099
0.15060 0.84940
0.14901 0.85099
0.14851 0.85149
0.20298 0.79702
0.59037 0.40963
0.48995 0.51005
0.26371 0.73629
0.20739 0.79261
0.35290 0.64710
0.95637 0.04363
0.92987 0.07013
0.97730 0.02270
0.24578 0.75422
0.24871 0.75129
0.99952 0.00048
0.99956 0.00044
0.27201 0.72799
0.31039 0.68961
0.98953 0.01047
0.99846 0.00154
0.99943 0.00057
0.95699 0.04301
0.15317 0.84683
0.15585 0.84415
0.14027 0.85973
0.14240 0.85760
0.72002 0.27998
0.23152 0.76848
0.92609 0.07391
0.19152 0.80848
0.19483 0.80517
0.19152 0.80848
0.18204 0.81796
0.18204 0.81796
0.18508 0.81492
0.16840 0.83160
0.62312 0.37688
0.99934 0.00066
0.62312 0.37688
0.96075 0.03925
0.86496 0.13504
0.98608 0.01392
0.99901 0.00099
0.99882 0.00118
0.99671 0.00329
0.99620 0.00380
0.96099 0.03901
0.99830 0.00170
0.81236 0.18764
0.83972 0.16028
0.02896 0.97104
0.18750 0.81250
0.18750 0.81250
0.14271 0.85729
0.30698 0.69302
0.34055 0.65945
0.43558 0.56442
0.29332 0.70668
0.43345 0.56655
0.51165 0.48835
0.37340 0.62660
0.23688 0.76312
0.47806 0.52194
0.35360 0.64640
0.56289 0.43711
0.47806 0.52194
0.35360 0.64640
0.56289 0.43711
0.59937 0.40063
0.55949 0.44051
0.79929 0.20071
0.77161 0.22839
0.65224 0.34776
0.53539 0.46461
0.52698 0.47302
0.46399 0.53601
0.80524 0.19476
0.10238 0.89762
0.09708 0.90292
0.76904 0.23096
0.37922 0.62078
0.90532 0.09468
0.98316 0.01684
0.98217 0.01783
0.36361 0.63639
0.40390 0.59610
0.38028 0.61972
0.54067 0.45933
0.11731 0.88269
0.45347 0.54653
0.94162 0.05838
0.93745 0.06255
0.22638 0.77362
0.30518 0.69482
0.37514 0.62486
0.93849 0.06151
0.90440 0.09560
0.99975 0.00025
0.39072 0.60928
0.99993 0.00007
0.33919 0.66081
0.33919 0.66081
0.43409 0.56591
0.37677 0.62323
0.12993 0.87007
0.18029 0.81971
0.09951 0.90049
0.14425 0.85575
0.94491 0.05509
0.13680 0.86320
0.33733 0.66267
0.97316 0.02684
0.97316 0.02684
0.76122 0.23878
0.31655 0.68345
0.97064 0.02936
0.92311 0.07689
0.99722 0.00278
0.99009 0.00991
0.99793 0.00207
0.52432 0.47568
0.94828 0.05172
0.67254 0.32746
0.17778 0.82222
0.18163 0.81837
0.19266 0.80734
0.20699 0.79301
0.10872 0.89128
0.10523 0.89477
0.19258 0.80742
0.10410 0.89590
0.47374 0.52626
0.73426 0.26574
0.99873 0.00127
0.28487 0.71513
0.16363 0.83637
0.19578 0.80422
0.77229 0.22771
0.59265 0.40735
0.35835 0.64165
0.44458 0.55542
0.44458 0.55542
0.17452 0.82548
0.17452 0.82548
0.26670 0.73330
0.55727 0.44273
0.18899 0.81101
0.21466 0.78534
0.43934 0.56066
0.40984 0.59016
0.85449 0.14551
0.24836 0.75164
0.14883 0.85117
0.12757 0.87243
0.44918 0.55082
0.44918 0.55082
0.54180 0.45820
0.54626 0.45374
0.44918 0.55082
0.44918 0.55082
0.54180 0.45820
0.54626 0.45374
0.35865 0.64135
0.26876 0.73124
0.25911 0.74089
0.36204 0.63796
0.26876 0.73124
0.25911 0.74089
0.36204 0.63796
0.43886 0.56114
0.43886 0.56114
0.53361 0.46639
0.43886 0.56114
0.43886 0.56114
0.53361 0.46639
0.24282 0.75718
0.40451 0.59549
0.40451 0.59549
0.50763 0.49237
0.40451 0.59549
0.40451 0.59549
0.50763 0.49237
0.82993 0.17007
0.99938 0.00062
0.99057 0.00943
0.99490 0.00510
0.99971 0.00029
0.84452 0.15548
0.55911 0.44089
0.98763 0.01237
0.99150 0.00850
0.87828 0.12172
0.96243 0.03757
0.97213 0.02787
0.42368 0.57632
0.55731 0.44269
0.99539 0.00461
0.35687 0.64313
0.48724 0.51276
0.50772 0.49228
0.53668 0.46332
0.99936 0.00064
0.44110 0.55890
0.53994 0.46006
0.86435 0.13565
0.99470 0.00530
0.82021 0.17979
0.46124 0.53876
0.44540 0.55460
0.97224 0.02776
0.99565 0.00435
0.80497 0.19503
0.54476 0.45524
0.84765 0.15235
0.99375 0.00625
0.07621 0.92379
0.17392 0.82608
0.43542 0.56458
0.78168 0.21832
0.78168 0.21832
0.39822 0.60178
0.91090 0.08910
0.84048 0.15952
0.40287 0.59713
0.45746 0.54254
0.45746 0.54254
0.45746 0.54254
0.45176 0.54824
0.21678 0.78322
0.19518 0.80482
0.19153 0.80847
0.65788 0.34212
0.42185 0.57815
0.42185 0.57815
0.42185 0.57815
0.42185 0.57815
0.31485 0.68515
0.20672 0.79328
0.18896 0.81104
0.47227 0.52773
0.43185 0.56815
0.15411 0.84589
0.88756 0.11244
0.16646 0.83354
0.98377 0.01623
0.72912 0.27088
0.21778 0.78222
0.74627 0.25373
0.74627 0.25373
0.99808 0.00192
0.88363 0.11637
0.23741 0.76259
0.79030 0.20970
0.20824 0.79176
0.11685 0.88315
0.99136 0.00864
0.55753 0.44247
0.99398 0.00602
0.24220 0.75780
0.22481 0.77519
0.47870 0.52130
0.52584 0.47416
0.86415 0.13585
0.91044 0.08956
0.91044 0.08956
0.90171 0.09829
0.91044 0.08956
0.91044 0.08956
0.90171 0.09829
0.72382 0.27618
0.72382 0.27618
0.88027 0.11973
0.25932 0.74068
0.80072 0.19928
0.80072 0.19928
0.81269 0.18731
0.80072 0.19928
0.80072 0.19928
0.81269 0.18731
0.99537 0.00463
0.99338 0.00662
0.96843 0.03157
0.18680 0.81320
0.20957 0.79043
0.97121 0.02879
0.30522 0.69478
0.32508 0.67492
0.83585 0.16415
0.46593 0.53407
0.89213 0.10787
0.93828 0.06172
0.60625 0.39375
0.85315 0.14685
0.95410 0.04590
0.95410 0.04590
0.85315 0.14685
0.89112 0.10888
0.83083 0.16917
0.97631 0.02369
0.79509 0.20491
0.94605 0.05395
0.33579 0.66421
0.98905 0.01095
0.98556 0.01444
0.83900 0.16100
0.73484 0.26516
0.21594 0.78406
0.71941 0.28059
0.90415 0.09585
0.65969 0.34031
0.57219 0.42781
0.42091 0.57909
0.99942 0.00058
0.99558 0.00442
0.99946 0.00054
0.99668 0.00332
0.99993 0.00007
0.99987 0.00013
0.99472 0.00528
0.99472 0.00528
0.68160 0.31840
0.68160 0.31840
0.94475 0.05525
0.94475 0.05525
0.94475 0.05525
0.60637 0.39363
0.60637 0.39363
0.60637 0.39363
0.58857 0.41143
0.51400 0.48600
0.32100 0.67900
0.32244 0.67756
0.98458 0.01542
0.36648 0.63352
0.98458 0.01542
0.36648 0.63352
0.98458 0.01542
0.36648 0.63352
0.36048 0.63952
0.36048 0.63952
0.28367 0.71633
0.27959 0.72041
0.27959 0.72041
0.25920 0.74080
0.25753 0.74247
0.25753 0.74247
0.29930 0.70070
0.99758 0.00242
0.99876 0.00124
