0.07412 0.92588
0.54085 0.45915
0.22461 0.77539
0.21371 0.78628
0.21371 0.78628
0.46808 0.53192
0.66394 0.33606
0.14917 0.85083
0.75840 0.24160
0.32503 0.67497
0.22172 0.77828
0.95082 0.04918
0.18687 0.81313
0.19706 0.80294
0.22790 0.77210
0.30855 0.69145
0.26992 0.73008
0.24515 0.75485
0.24515 0.75485
0.14333 0.85667
0.34735 0.65265
0.40014 0.59986
0.34735 0.65265
0.40014 0.59986
0.41447 0.58553
0.38295 0.61705
0.34290 0.65710
0.40369 0.59631
0.41447 0.58553
0.38295 0.61705
0.34290 0.65710
0.40369 0.59631
0.32798 0.67202
0.18430 0.81570
0.16314 0.83686
0.23701 0.76299
0.77043 0.22957
0.58486 0.41514
0.15908 0.84092
0.17487 0.82513
0.14298 0.85702
0.17521 0.82479
0.18052 0.81948
0.13191 0.86809
0.10587 0.89413
0.19779 0.80221
0.18455 0.81545
0.85290 0.14710
0.85346 0.14654
0.82951 0.17049
0.86431 0.13569
0.89465 0.10535
0.89000 0.11000
0.89465 0.10535
0.87340 0.12660
0.86673 0.13327
0.22154 0.77846
0.36884 0.63116
0.26208 0.73792
0.31033 0.68967
0.97541 0.02459
0.97314 0.02686
0.94993 0.05007
0.94650 0.05350
0.95027 0.04973
0.91425 0.08575
0.61264 0.38736
0.93968 0.06032
0.92030 0.07970
0.91914 0.08086
0.29143 0.70857
0.43128 0.56872
0.76749 0.23251
0.60393 0.39607
0.61643 0.38357
0.79410 0.20590
0.85646 0.14354
0.61156 0.38844
0.61472 0.38528
0.61472 0.38528
0.61472 0.38528
0.61472 0.38528
0.50897 0.49103
0.50897 0.49103
0.66683 0.33317
0.34139 0.65861
0.35941 0.64059
0.35941 0.64059
0.33419 0.66581
0.85163 0.14837
0.66320 0.33680
0.41717 0.58283
0.39660 0.60340
0.52699 0.47301
0.51341 0.48659
0.49282 0.50718
0.51133 0.48867
0.45276 0.54724
0.24659 0.75341
0.39737 0.60263
0.35346 0.64654
0.40341 0.59659
0.24751 0.75249
0.28081 0.71919
0.28889 0.71111
0.22900 0.77100
0.33278 0.66722
0.25003 0.74997
0.99913 0.00087
0.99932 0.00068
0.99919 0.00081
0.98525 0.01475
0.99941 0.00059
0.37515 0.62485
0.17593 0.82407
0.12003 0.87997
0.74943 0.25057
0.52286 0.47714
0.77506 0.22494
0.55266 0.44734
0.10221 0.89779
0.10743 0.89257
0.87547 0.12453
0.98272 0.01728
0.98879 0.01121
0.62458 0.37542
0.23924 0.76076
0.27912 0.72088
0.52447 0.47553
0.53401 0.46599
0.42757 0.57243
0.42757 0.57243
0.16076 0.83924
0.17929 0.82071
0.48199 0.51801
0.78003 0.21997
0.25951 0.74049
0.21861 0.78139
0.29196 0.70804
0.21958 0.78042
0.31314 0.68686
0.22904 0.77096
0.31314 0.68686
0.22904 0.77096
0.34155 0.65845
0.37297 0.62703
0.27790 0.72210
0.33878 0.66122
0.64330 0.35670
0.75487 0.24513
0.60362 0.39638
0.40692 0.59308
0.84331 0.15669
0.17978 0.82022
0.70677 0.29323
0.23678 0.76322
0.96103 0.03897
0.95018 0.04982
0.68700 0.31300
0.95214 0.04786
0.94727 0.05273
0.94041 0.05959
0.94693 0.05307
0.94245 0.05755
0.94041 0.05959
0.87710 0.12290
0.52095 0.47905
0.25854 0.74146
0.29628 0.70372
0.11846 0.88154
0.96059 0.03941
0.93282 0.06718
0.96509 0.03491
0.95094 0.04906
0.28833 0.71167
0.14905 0.85095
0.77722 0.22278
0.31826 0.68174
0.21551 0.78449
0.12261 0.87739
0.17163 0.82837
0.21278 0.78722
0.96785 0.03215
0.26050 0.73950
0.99780 0.00220
0.98628 0.01372
0.99513 0.00487
0.30966 0.69034
0.10227 0.89773
0.16362 0.83638
0.15658 0.84342
0.14442 0.85558
0.14811 0.85189
0.96324 0.03676
0.96324 0.03676
0.18005 0.81995
0.48935 0.51065
0.17556 0.82444
0.86278 0.13722
0.41230 0.58770
0.36739 0.63261
0.75407 0.24593
0.43102 0.56898
0.92991 0.07009
0.62812 0.37188
0.99133 0.00867
0.44581 0.55419
0.52127 0.47873
0.69341 0.30659
0.61295 0.38705
0.11475 0.88525
0.57152 0.42848
0.54289 0.45711
0.54289 0.45711
0.98483 0.01517
0.29438 0.70562
0.98835 0.01165
0.29438 0.70562
0.99912 0.00088
0.26173 0.73827
0.49677 0.50323
0.34267 0.65733
0.35546 0.64454
0.31751 0.68249
0.39204 0.60796
0.99988 0.00012
0.41612 0.58388
0.99884 0.00116
0.99896 0.00104
0.99854 0.00146
0.99848 0.00152
0.99682 0.00318
0.26414 0.73586
0.84844 0.15156
0.78798 0.21202
0.22787 0.77213
0.25868 0.74132
0.38487 0.61513
0.86511 0.13489
0.52980 0.47020
0.95255 0.04745
0.52980 0.47020
0.95255 0.04745
0.12193 0.87807
0.23069 0.76931
0.89394 0.10606
0.16963 0.83037
0.16788 0.83212
0.17847 0.82153
0.16196 0.83804
0.71049 0.28951
0.65695 0.34305
0.94226 0.05774
0.65695 0.34305
0.96992 0.03008
0.68975 0.31025
0.45271 0.54729
0.38936 0.61064
0.91748 0.08252
0.91748 0.08252
0.69954 0.30046
0.69954 0.30046
0.14902 0.85098
0.25457 0.74543
0.70840 0.29160
0.07593 0.92407
0.07753 0.92247
0.23361 0.76639
0.24102 0.75898
0.42124 0.57876
0.43600 0.56400
0.99414 0.00586
0.60998 0.39002
0.49165 0.50835
0.47089 0.52911
0.94746 0.05254
0.51279 0.48721
0.23848 0.76152
0.78179 0.21821
0.71087 0.28913
0.72221 0.27779
0.66151 0.33849
0.72221 0.27779
0.66151 0.33849
0.19266 0.80734
0.90740 0.09260
0.16889 0.83111
0.78227 0.21773
0.78227 0.21773
0.71303 0.28697
0.30794 0.69206
0.25559 0.74441
0.99248 0.00752
0.99999 0.00001
0.78579 0.21421
0.42555 0.57445
0.40201 0.59799
0.99546 0.00454
0.56242 0.43758
0.56242 0.43758
0.99371 0.00629
0.99547 0.00453
0.56242 0.43758
0.56242 0.43758
0.99340 0.00660
0.20292 0.79708
0.20147 0.79853
0.96305 0.03695
0.42219 0.57781
0.71291 0.28709
0.74052 0.25948
0.76846 0.23154
0.78795 0.21205
0.78511 0.21489
0.71447 0.28553
0.94147 0.05853
0.93930 0.06070
0.71347 0.28653
0.71347 0.28653
0.71347 0.28653
0.71347 0.28653
0.53072 0.46928
0.33896 0.66104
0.33896 0.66104
0.79771 0.20229
0.43013 0.56987
0.99588 0.00412
0.74406 0.25594
0.30435 0.69565
0.30435 0.69565
0.23233 0.76767
0.93810 0.06190
0.93405 0.06595
0.35557 0.64443
0.20188 0.79812
0.13002 0.86998
0.20453 0.79547
0.19627 0.80373
0.34606 0.65394
0.34606 0.65394
0.30751 0.69249
0.55598 0.44402
0.38971 0.61029
0.25235 0.74765
0.69629 0.30371
0.80408 0.19592
0.98523 0.01477
0.98103 0.01897
0.14160 0.85840
0.87885 0.12115
0.97135 0.02865
0.96075 0.03925
0.83286 0.16714
0.65451 0.34549
0.93616 0.06384
0.70720 0.29280
0.98395 0.01605
0.97183 0.02817
0.33677 0.66323
0.35243 0.64757
0.91523 0.08477
0.98378 0.01622
0.97152 0.02848
0.33872 0.66128
0.27414 0.72586
0.10199 0.89801
0.09910 0.90090
0.69825 0.30175
0.35213 0.64787
0.98019 0.01981
0.88050 0.11950
0.39539 0.60461
0.39539 0.60461
0.71449 0.28551
0.19291 0.80709
0.60332 0.39668
0.86911 0.13089
0.16705 0.83295
0.89753 0.10247
0.87884 0.12116
0.72250 0.27750
0.98221 0.01779
0.69327 0.30673
0.97786 0.02214
0.52085 0.47915
0.52085 0.47915
0.41946 0.58054
0.41946 0.58054
0.88520 0.11480
0.86736 0.13264
0.97365 0.02635
0.89698 0.10302
0.92776 0.07224
0.53286 0.46714
0.11535 0.88465
0.73129 0.26871
0.18834 0.81166
0.73129 0.26871
0.18834 0.81166
0.84503 0.15497
0.30241 0.69759
0.86385 0.13615
0.26432 0.73568
0.69040 0.30960
0.25949 0.74051
0.67618 0.32382
0.85643 0.14357
0.83159 0.16841
0.84447 0.15553
0.95996 0.04004
0.82316 0.17684
0.36723 0.63277
0.55111 0.44889
0.81317 0.18683
0.35735 0.64265
0.54100 0.45900
0.99437 0.00563
0.99391 0.00609
0.37439 0.62561
0.36577 0.63423
0.48258 0.51742
0.99255 0.00745
0.99838 0.00162
0.99838 0.00162
0.91503 0.08497
0.91503 0.08497
0.96457 0.03543
0.98012 0.01988
0.98012 0.01988
0.99111 0.00889
0.65703 0.34297
0.73668 0.26332
0.73668 0.26332
0.96895 0.03105
0.95051 0.04949
0.70892 0.29108
0.77169 0.22831
0.76878 0.23122
0.99494 0.00506
0.99494 0.00506
0.84849 0.15151
0.84849 0.15151
0.99661 0.00339
0.35900 0.64100
0.40357 0.59643
0.25264 0.74736
0.47458 0.52542
0.35269 0.64731
0.82489 0.17511
0.27994 0.72006
0.99457 0.00543
0.84851 0.15149
0.57205 0.42795
0.78821 0.21179
0.20064 0.79936
0.99765 0.00235
0.98338 0.01662
0.16076 0.83924
0.76157 0.23843
0.98769 0.01231
0.99200 0.00800
0.21775 0.78225
0.21864 0.78136
0.22486 0.77514
0.22532 0.77468
0.99739 0.00261
0.99282 0.00718
0.99825 0.00175
0.42460 0.57540
0.60120 0.39880
0.93882 0.06118
0.87012 0.12988
0.27600 0.72400
0.65753 0.34247
0.73859 0.26141
0.62585 0.37415
0.92926 0.07074
0.97036 0.02964
0.99019 0.00981
0.99687 0.00313
0.77552 0.22448
0.77552 0.22448
0.99687 0.00313
0.61186 0.38814
0.52918 0.47082
0.69130 0.30870
0.64660 0.35340
0.17426 0.82574
0.69300 0.30700
0.38941 0.61059
0.40416 0.59584
0.87855 0.12145
0.16688 0.83312
0.17374 0.82626
0.18176 0.81824
0.97774 0.02226
0.93585 0.06415
0.90481 0.09519
0.95558 0.04442
0.39757 0.60243
0.83229 0.16771
0.41471 0.58529
0.81028 0.18972
0.97787 0.02213
0.92101 0.07899
0.88799 0.11201
0.98857 0.01143
0.95220 0.04780
0.86465 0.13535
0.71146 0.28854
0.48292 0.51708
0.96405 0.03595
0.99067 0.00933
0.99347 0.00653
0.96435 0.03565
0.50487 0.49513
0.43640 0.56360
0.77277 0.22723
0.54574 0.45426
0.97219 0.02781
0.67135 0.32865
0.25233 0.74767
0.54606 0.45394
0.30258 0.69742
0.56605 0.43395
0.51091 0.48909
0.68925 0.31075
0.39122 0.60878
0.62234 0.37766
0.85955 0.14045
0.31147 0.68853
0.30639 0.69361
0.60054 0.39946
0.55990 0.44010
0.99071 0.00929
0.56919 0.43081
0.99428 0.00572
0.56850 0.43150
0.52790 0.47210
0.99119 0.00881
0.53684 0.46316
0.99425 0.00575
0.95880 0.04120
0.43469 0.56531
0.95341 0.04659
0.41016 0.58984
0.93416 0.06584
0.34079 0.65921
0.30089 0.69911
0.49747 0.50253
0.98265 0.01735
0.97351 0.02649
0.99978 0.00022
0.26861 0.73139
0.89918 0.10082
0.33285 0.66715
0.92148 0.07852
0.33285 0.66715
0.92148 0.07852
0.91436 0.08564
0.99997 0.00003
0.78804 0.21196
0.90512 0.09488
0.95072 0.04928
0.69005 0.30995
0.61188 0.38812
0.27070 0.72930
0.30864 0.69136
0.99794 0.00206
0.81803 0.18197
0.48938 0.51062
0.37510 0.62490
0.56145 0.43855
0.15699 0.84301
0.64161 0.35839
0.72951 0.27049
0.71939 0.28061
0.25190 0.74810
0.88413 0.11587
0.99892 0.00108
0.71558 0.28442
0.64586 0.35414
0.67251 0.32749
0.90818 0.09182
0.67330 0.32670
0.10438 0.89562
0.59607 0.40393
0.08539 0.91461
0.14925 0.85075
0.60595 0.39405
0.19940 0.80060
0.56906 0.43094
0.99483 0.00517
0.42502 0.57498
0.99920 0.00080
0.28292 0.71708
0.99939 0.00061
0.36993 0.63007
0.79019 0.20981
0.98838 0.01162
0.99618 0.00382
0.99272 0.00728
0.92402 0.07598
0.98690 0.01310
0.35234 0.64766
0.78664 0.21336
0.73289 0.26711
0.78412 0.21588
0.71355 0.28645
0.95920 0.04080
0.84763 0.15237
0.86069 0.13931
0.39850 0.60150
0.91232 0.08768
0.99994 0.00006
0.35357 0.64643
0.84733 0.15267
0.27427 0.72573
0.69332 0.30668
0.97810 0.02190
0.34441 0.65559
0.77038 0.22962
0.98531 0.01469
0.39260 0.60740
0.86075 0.13925
0.31099 0.68901
0.80070 0.19930
0.21806 0.78194
0.28896 0.71104
0.28206 0.71794
0.09114 0.90886
0.83671 0.16329
0.83147 0.16853
0.81848 0.18152
0.81012 0.18988
0.94535 0.05465
0.61619 0.38381
0.98676 0.01324
0.24331 0.75669
0.97916 0.02084
0.99872 0.00128
0.97906 0.02094
0.78418 0.21582
0.78745 0.21255
0.78745 0.21255
0.17379 0.82621
0.24257 0.75743
0.26607 0.73392
0.32064 0.67936
0.31972 0.68028
0.99937 0.00063
0.43002 0.56998
0.13785 0.86215
0.72439 0.27561
0.17345 0.82655
0.30260 0.69740
0.25945 0.74055
0.30582 0.69418
0.26183 0.73817
0.29377 0.70623
0.25190 0.74810
0.76660 0.23340
0.75280 0.24720
0.33505 0.66495
0.28566 0.71434
0.62320 0.37680
0.21880 0.78120
0.34412 0.65588
0.15404 0.84596
0.66300 0.33700
0.66300 0.33700
0.90742 0.09258
0.90742 0.09258
0.71942 0.28058
0.71942 0.28058
0.93996 0.06004
0.93996 0.06004
0.91432 0.08568
0.91432 0.08568
0.66247 0.33753
0.66247 0.33753
0.62932 0.37068
0.81528 0.18472
0.69969 0.30031
0.26122 0.73878
0.22512 0.77488
0.19092 0.80908
0.89128 0.10872
0.20047 0.79953
0.99897 0.00103
0.90700 0.09300
0.94791 0.05209
0.86622 0.13378
0.87167 0.12833
0.23190 0.76810
0.24166 0.75834
0.24166 0.75834
0.90561 0.09439
0.90642 0.09358
0.90019 0.09981
0.94544 0.05456
0.94599 0.05401
0.94176 0.05824
0.68860 0.31140
0.68525 0.31475
0.59909 0.40091
0.61618 0.38382
0.61202 0.38798
0.99491 0.00509
0.99598 0.00402
0.32982 0.67018
0.87814 0.12186
0.91361 0.08639
0.87937 0.12063
0.54623 0.45377
0.53723 0.46277
0.53723 0.46277
0.54623 0.45377
0.76851 0.23149
0.83524 0.16476
0.35693 0.64307
0.51581 0.48419
0.99886 0.00114
0.48418 0.51582
0.99861 0.00139
0.78271 0.21729
0.78271 0.21729
0.75310 0.24691
0.26138 0.73862
0.25272 0.74728
0.44470 0.55530
0.62220 0.37780
0.79542 0.20458
0.58356 0.41644
0.67494 0.32506
0.76836 0.23164
0.17015 0.82985
0.18961 0.81039
0.15937 0.84063
0.20799 0.79201
0.70538 0.29462
0.80939 0.19061
0.17017 0.82983
0.20412 0.79588
0.70538 0.29462
0.80939 0.19061
0.17017 0.82983
0.20412 0.79588
0.45618 0.54382
0.55159 0.44841
0.84369 0.15631
0.86454 0.13546
0.89087 0.10913
0.94327 0.05673
0.16678 0.83322
0.26063 0.73937
0.33449 0.66551
0.24120 0.75880
0.26824 0.73176
0.24120 0.75880
0.26824 0.73176
0.54961 0.45039
0.54961 0.45039
0.54961 0.45039
0.54961 0.45039
0.67060 0.32940
0.79961 0.20039
0.25599 0.74401
0.26072 0.73928
0.17282 0.82718
0.17267 0.82733
0.19877 0.80123
0.20221 0.79779
0.21093 0.78907
0.36320 0.63680
0.28114 0.71886
0.32133 0.67867
0.25110 0.74890
0.96425 0.03575
0.31190 0.68810
0.83077 0.16923
0.85081 0.14919
0.99904 0.00096
0.83399 0.16601
0.86658 0.13342
0.18898 0.81102
0.94257 0.05743
0.99449 0.00551
0.90991 0.09009
0.29211 0.70789
0.13732 0.86268
0.38534 0.61466
0.95268 0.04732
0.90705 0.09295
0.38031 0.61969
0.92837 0.07163
0.34512 0.65488
0.99231 0.00769
0.33469 0.66531
0.44246 0.55754
0.24369 0.75631
0.99863 0.00137
0.67737 0.32263
0.62664 0.37336
0.97956 0.02044
0.56748 0.43252
0.41854 0.58146
0.41854 0.58146
0.71416 0.28584
0.87327 0.12673
0.30259 0.69741
0.27403 0.72597
0.62591 0.37409
0.25572 0.74428
0.22782 0.77218
0.54249 0.45751
0.53929 0.46071
0.46146 0.53854
0.99706 0.00294
0.99727 0.00273
0.40219 0.59781
0.92826 0.07174
0.93026 0.06974
0.99683 0.00317
0.66638 0.33362
0.36082 0.63918
0.85351 0.14649
0.22215 0.77785
0.30494 0.69506
0.34249 0.65751
0.97108 0.02892
0.93064 0.06936
0.30494 0.69506
0.34249 0.65751
0.27680 0.72320
0.27680 0.72320
0.46354 0.53646
0.43461 0.56539
0.27374 0.72626
0.14447 0.85553
0.30891 0.69109
0.29060 0.70940
0.38600 0.61400
0.36643 0.63357
0.92414 0.07586
0.23711 0.76289
0.45148 0.54852
0.99904 0.00096
0.99813 0.00187
0.83960 0.16040
0.99436 0.00564
0.97616 0.02384
0.99804 0.00196
0.99539 0.00461
0.99539 0.00461
0.42495 0.57505
0.46328 0.53672
0.45136 0.54864
0.48583 0.51417
0.99385 0.00615
0.45541 0.54459
0.56107 0.43893
0.45409 0.54591
0.47461 0.52539
0.45601 0.54399
0.42343 0.57657
0.91241 0.08759
0.48633 0.51367
0.45052 0.54948
0.35106 0.64894
0.35106 0.64894
0.73680 0.26320
0.73680 0.26320
0.37349 0.62651
0.37349 0.62651
0.80502 0.19498
0.83452 0.16548
0.26362 0.73638
0.49676 0.50324
0.49676 0.50324
0.89889 0.10111
0.89889 0.10111
0.73217 0.26783
0.73217 0.26783
0.36394 0.63606
0.73135 0.26865
0.34683 0.65317
0.18159 0.81841
0.32113 0.67887
0.68498 0.31502
0.62128 0.37872
0.50189 0.49811
0.59457 0.40543
0.50815 0.49185
0.75579 0.24421
0.79813 0.20187
0.79813 0.20187
0.84198 0.15802
0.36133 0.63867
0.16579 0.83421
0.96828 0.03172
0.42165 0.57835
0.42817 0.57183
0.99409 0.00591
0.99498 0.00502
0.99501 0.00499
0.96996 0.03004
0.99933 0.00067
0.99933 0.00067
0.67985 0.32015
0.32925 0.67075
0.91611 0.08389
0.27074 0.72926
0.20414 0.79586
0.39244 0.60756
0.84060 0.15940
0.93623 0.06377
0.90248 0.09752
0.93623 0.06377
0.90248 0.09752
0.87275 0.12725
0.41024 0.58976
0.34458 0.65542
0.54887 0.45113
0.60504 0.39496
0.58603 0.41397
0.82304 0.17696
0.76712 0.23288
0.43952 0.56048
0.91561 0.08439
0.89328 0.10672
0.77580 0.22420
0.87169 0.12831
0.77957 0.22043
0.22285 0.77715
0.19394 0.80606
0.19906 0.80094
0.18661 0.81339
0.99898 0.00102
0.28454 0.71546
0.28276 0.71724
0.28276 0.71724
0.33754 0.66246
0.83115 0.16885
0.50147 0.49853
0.49344 0.50656
0.77035 0.22965
0.45556 0.54444
0.20611 0.79389
0.18544 0.81456
0.80241 0.19759
0.99901 0.00099
0.99629 0.00371
0.44623 0.55377
0.61875 0.38125
0.17126 0.82874
0.50473 0.49527
0.64544 0.35456
0.24163 0.75837
0.68648 0.31352
0.14351 0.85649
0.37072 0.62928
0.14940 0.85060
0.29404 0.70596
0.94592 0.05408
0.10370 0.89630
0.22733 0.77267
0.12204 0.87796
0.73395 0.26605
0.82792 0.17208
0.98726 0.01274
0.99991 0.00009
0.85219 0.14781
0.85219 0.14781
0.86402 0.13598
0.65311 0.34689
0.65460 0.34540
0.65311 0.34689
0.64380 0.35620
0.65311 0.34689
0.65311 0.34689
0.65460 0.34540
0.65311 0.34689
0.64380 0.35620
0.65311 0.34689
0.65311 0.34689
0.65460 0.34540
0.65311 0.34689
0.64380 0.35620
0.65311 0.34689
0.89111 0.10889
0.97173 0.02827
0.25961 0.74039
0.94386 0.05614
0.75726 0.24274
0.39252 0.60748
0.40224 0.59776
0.16494 0.83506
0.99707 0.00293
0.27611 0.72389
0.35176 0.64824
0.34222 0.65778
0.96030 0.03970
0.91718 0.08282
0.25529 0.74471
0.94945 0.05055
0.87454 0.12546
0.94945 0.05055
0.87454 0.12546
0.41444 0.58556
0.95716 0.04284
0.24003 0.75997
0.51130 0.48870
0.99773 0.00227
0.86752 0.13248
0.51130 0.48870
0.99768 0.00232
0.86622 0.13378
0.65364 0.34636
0.94919 0.05081
0.85909 0.14091
0.65364 0.34636
0.94919 0.05081
0.85909 0.14091
0.34611 0.65389
0.34611 0.65389
0.34611 0.65389
0.34611 0.65389
0.24617 0.75383
0.31091 0.68909
0.80800 0.19200
0.24179 0.75821
0.11771 0.88229
0.30200 0.69800
0.31374 0.68626
0.19503 0.80497
0.20159 0.79841
0.81494 0.18506
0.88462 0.11538
0.86763 0.13237
0.20583 0.79417
0.23311 0.76689
0.24778 0.75222
0.26145 0.73855
0.20583 0.79417
0.23311 0.76689
0.24778 0.75222
0.50604 0.49396
0.22678 0.77322
0.22927 0.77073
0.32753 0.67247
0.76110 0.23890
0.86617 0.13383
0.83463 0.16537
0.11932 0.88068
0.90070 0.09930
0.86904 0.13096
0.43151 0.56849
0.80103 0.19897
0.98644 0.01356
0.98644 0.01356
0.89824 0.10176
0.46589 0.53411
0.99959 0.00041
0.99406 0.00594
0.99794 0.00206
0.97481 0.02519
0.90013 0.09987
0.18650 0.81350
0.21226 0.78774
0.67086 0.32914
0.21264 0.78736
0.64792 0.35208
0.18740 0.81260
0.24140 0.75860
0.74962 0.25038
0.19603 0.80397
0.21947 0.78053
0.78575 0.21425
0.19954 0.80046
0.89752 0.10248
0.97718 0.02282
0.94673 0.05327
0.96871 0.03129
0.99896 0.00104
0.98906 0.01094
0.74640 0.25360
0.37569 0.62431
0.98571 0.01429
0.99416 0.00584
0.84461 0.15539
0.17017 0.82983
0.65026 0.34974
0.95239 0.04761
0.63485 0.36515
0.58144 0.41856
0.33210 0.66790
0.33210 0.66790
0.31122 0.68878
0.32656 0.67344
0.94249 0.05751
0.38788 0.61212
0.90435 0.09565
0.90435 0.09565
0.22807 0.77193
0.99497 0.00503
0.97434 0.02566
0.56022 0.43978
0.59762 0.40238
0.99488 0.00512
0.98891 0.01109
0.99836 0.00164
0.45500 0.54500
0.85105 0.14895
0.35111 0.64889
0.27767 0.72233
0.25590 0.74410
0.92104 0.07896
0.44904 0.55096
0.47783 0.52217
0.92986 0.07014
0.40134 0.59866
0.42306 0.57694
0.97078 0.02922
0.95890 0.04110
0.50027 0.49973
0.20031 0.79969
0.27782 0.72218
0.20196 0.79804
0.93270 0.06730
0.39594 0.60406
0.92969 0.07031
0.35421 0.64579
0.90249 0.09751
0.90249 0.09751
0.99977 0.00023
0.90249 0.09751
0.99977 0.00023
0.49488 0.50512
0.34131 0.65869
0.73625 0.26375
0.62594 0.37406
0.32303 0.67697
0.32303 0.67697
0.32303 0.67697
0.58225 0.41775
0.58225 0.41775
0.09071 0.90929
0.13496 0.86504
0.99556 0.00444
0.99382 0.00618
0.96066 0.03934
0.48109 0.51891
0.80023 0.19977
0.95150 0.04850
0.78029 0.21971
0.47241 0.52759
0.97922 0.02078
0.92872 0.07128
0.68695 0.31305
0.99556 0.00444
0.14571 0.85429
0.19679 0.80321
0.40831 0.59169
0.60587 0.39413
0.40831 0.59169
0.60587 0.39413
0.40831 0.59169
0.60587 0.39413
0.40831 0.59169
0.60587 0.39413
0.99996 0.00004
0.96534 0.03466
0.99996 0.00004
0.96934 0.03066
0.48665 0.51335
0.27761 0.72239
0.46511 0.53489
0.20782 0.79218
0.95401 0.04599
0.40669 0.59331
0.99150 0.00850
0.99853 0.00147
0.99170 0.00830
0.38992 0.61008
0.99850 0.00150
0.10358 0.89642
0.20298 0.79702
0.99938 0.00062
0.99897 0.00103
0.99940 0.00060
0.99940 0.00060
0.99930 0.00070
0.99961 0.00039
0.36902 0.63098
0.36902 0.63098
0.36902 0.63098
0.29718 0.70282
0.13592 0.86408
0.92594 0.07406
0.28399 0.71601
0.31882 0.68118
0.44106 0.55894
0.44106 0.55894
0.36997 0.63003
0.99645 0.00355
0.45634 0.54366
0.72707 0.27293
0.85915 0.14085
0.81810 0.18190
0.06761 0.93239
0.81684 0.18316
0.90560 0.09440
0.87916 0.12084
0.43543 0.56457
0.57604 0.42396
0.53380 0.46620
0.81684 0.18316
0.90560 0.09440
0.87916 0.12084
0.34684 0.65316
0.60039 0.39961
0.77173 0.22827
0.63619 0.36381
0.24045 0.75955
0.44083 0.55917
0.29652 0.70348
0.13888 0.86112
0.33854 0.66146
0.78053 0.21947
0.85816 0.14184
0.43060 0.56940
0.18896 0.81104
0.98845 0.01155
0.28847 0.71153
0.26413 0.73587
0.24115 0.75885
0.16643 0.83357
0.07433 0.92567
0.41778 0.58222
0.40062 0.59938
0.60350 0.39650
0.39316 0.60684
0.97364 0.02636
0.38533 0.61467
0.58806 0.41194
0.50243 0.49757
0.73970 0.26030
0.85869 0.14131
0.85869 0.14131
0.55171 0.44829
0.97141 0.02859
0.98314 0.01686
0.64924 0.35076
0.64924 0.35076
0.42419 0.57581
0.13749 0.86251
0.95825 0.04175
0.96145 0.03855
0.94586 0.05414
0.11645 0.88355
0.77705 0.22295
0.86913 0.13087
0.99996 0.00004
0.11994 0.88006
0.10076 0.89924
0.10678 0.89322
0.20971 0.79029
0.20053 0.79947
0.57709 0.42291
0.19069 0.80931
0.18388 0.81612
0.03417 0.96583
0.21129 0.78871
0.72580 0.27420
0.16046 0.83954
0.44505 0.55495
0.90600 0.09400
0.99973 0.00027
0.59595 0.40405
0.73346 0.26654
0.70586 0.29414
0.74260 0.25740
0.74260 0.25740
0.99939 0.00061
0.76776 0.23224
0.99919 0.00081
0.68755 0.31245
0.76869 0.23131
0.74958 0.25042
0.52894 0.47106
0.90029 0.09971
0.71605 0.28395
0.88736 0.11264
0.99823 0.00177
0.85216 0.14784
0.99745 0.00255
0.98935 0.01065
0.70135 0.29865
0.98381 0.01619
0.14053 0.85947
0.75070 0.24930
0.13334 0.86666
0.79832 0.20168
0.92316 0.07684
0.95120 0.04880
0.99634 0.00366
0.28132 0.71868
0.80208 0.19792
0.99764 0.00236
0.33628 0.66372
0.85946 0.14054
0.23751 0.76249
0.60697 0.39303
0.26638 0.73362
0.13539 0.86461
0.15989 0.84011
0.16399 0.83601
0.99501 0.00499
0.66516 0.33484
0.99776 0.00224
0.72875 0.27125
0.74493 0.25507
0.99477 0.00523
0.99548 0.00452
0.53318 0.46682
0.53318 0.46682
0.98384 0.01616
0.98384 0.01616
0.53318 0.46682
0.53318 0.46682
0.53318 0.46682
0.53318 0.46682
0.83680 0.16320
0.90637 0.09363
0.90637 0.09363
0.63046 0.36954
0.86771 0.13229
0.99883 0.00117
0.99726 0.00274
0.17532 0.82468
0.17013 0.82987
0.99927 0.00073
0.99926 0.00074
0.99926 0.00074
0.99838 0.00162
0.99466 0.00534
0.97700 0.02300
0.97700 0.02300
0.16739 0.83261
0.91531 0.08469
0.26620 0.73380
0.66768 0.33232
0.16711 0.83289
0.13897 0.86103
0.32742 0.67258
0.22452 0.77548
0.96682 0.03318
0.94195 0.05805
0.58226 0.41774
0.58226 0.41774
0.07318 0.92682
0.99833 0.00167
0.90217 0.09783
0.33896 0.66104
0.23023 0.76977
0.34074 0.65926
0.65842 0.34158
0.68860 0.31140
0.68660 0.31340
0.72124 0.27876
0.67986 0.32014
0.64448 0.35552
0.23083 0.76917
0.26398 0.73602
0.21156 0.78844
0.23689 0.76311
0.18972 0.81028
0.62465 0.37535
0.18150 0.81850
0.68183 0.31817
0.74740 0.25260
0.80933 0.19067
0.26787 0.73213
0.72591 0.27409
0.72591 0.27409
0.11830 0.88170
0.28481 0.71519
0.67216 0.32784
0.38210 0.61790
0.90346 0.09654
0.43381 0.56619
0.43381 0.56619
0.43381 0.56619
0.43381 0.56619
0.16041 0.83959
0.15889 0.84111
0.14511 0.85489
0.21618 0.78382
0.97968 0.02032
0.20445 0.79555
0.84786 0.15214
0.74434 0.25566
0.83830 0.16170
0.83830 0.16170
0.91614 0.08386
0.98654 0.01346
0.98851 0.01149
0.98851 0.01149
0.92802 0.07198
0.92802 0.07198
0.37193 0.62807
0.40488 0.59512
0.82873 0.17127
0.82873 0.17127
0.99993 0.00007
0.99663 0.00337
0.99663 0.00337
0.99779 0.00221
0.99022 0.00978
0.25301 0.74699
0.99909 0.00091
0.86971 0.13029
0.95710 0.04290
0.95715 0.04285
0.96907 0.03093
0.95000 0.05000
0.99782 0.00218
0.98619 0.01381
0.99768 0.00232
0.99768 0.00232
0.13822 0.86178
0.11983 0.88017
0.97223 0.02777
0.65483 0.34517
0.77733 0.22267
0.68699 0.31301
0.38118 0.61882
0.57319 0.42681
0.95568 0.04432
0.17785 0.82215
0.59067 0.40933
0.19449 0.80551
0.99389 0.00611
0.57319 0.42681
0.95568 0.04432
0.17785 0.82215
0.89304 0.10696
0.46819 0.53181
0.47425 0.52575
0.88983 0.11017
0.98613 0.01387
0.85145 0.14855
0.44781 0.55219
0.44781 0.55219
0.76573 0.23427
0.78753 0.21247
0.44861 0.55139
0.44861 0.55139
0.72799 0.27201
0.77098 0.22902
0.31765 0.68235
0.50447 0.49553
0.23340 0.76660
0.50447 0.49553
0.22840 0.77160
0.23387 0.76613
0.22840 0.77160
0.22840 0.77160
0.23387 0.76613
0.22840 0.77160
0.89039 0.10961
0.78468 0.21532
0.37983 0.62017
0.27019 0.72981
0.98784 0.01216
0.99277 0.00723
0.38750 0.61250
0.36710 0.63290
0.39097 0.60903
0.37034 0.62966
0.99440 0.00560
0.40362 0.59638
0.22141 0.77859
0.24520 0.75480
0.88662 0.11338
0.56252 0.43748
0.30239 0.69761
0.28822 0.71178
0.43876 0.56124
0.44047 0.55953
0.78475 0.21525
0.75424 0.24576
0.73076 0.26924
0.51231 0.48769
0.50892 0.49108
0.19676 0.80324
0.18929 0.81071
0.25298 0.74702
0.25578 0.74422
0.41939 0.58061
0.99296 0.00704
0.32410 0.67590
0.32410 0.67590
0.08360 0.91640
0.97959 0.02041
0.97103 0.02897
0.97294 0.02707
0.98043 0.01957
0.97856 0.02144
0.17744 0.82256
0.44037 0.55963
0.89433 0.10567
0.58612 0.41388
0.26336 0.73664
0.29097 0.70903
0.26357 0.73643
0.79051 0.20949
0.42940 0.57060
0.47591 0.52409
0.42707 0.57293
0.22240 0.77760
0.24758 0.75242
0.22259 0.77741
0.93273 0.06727
0.93273 0.06727
0.19246 0.80754
0.19246 0.80754
0.65235 0.34765
0.76023 0.23977
0.82839 0.17161
0.10951 0.89049
0.89678 0.10322
0.47335 0.52665
0.57951 0.42049
0.42764 0.57236
0.63422 0.36578
0.24522 0.75478
0.96260 0.03740
0.96568 0.03432
0.47885 0.52115
0.20933 0.79067
0.21303 0.78697
0.24846 0.75154
0.28703 0.71297
0.19526 0.80474
0.88801 0.11199
0.97170 0.02830
0.42879 0.57121
0.42879 0.57121
0.34000 0.66000
0.52958 0.47042
0.99871 0.00129
0.99836 0.00164
0.99799 0.00201
0.99996 0.00004
0.99686 0.00314
0.83693 0.16307
0.99574 0.00426
0.85545 0.14455
0.99720 0.00280
0.99771 0.00229
0.98393 0.01607
0.99590 0.00410
0.77255 0.22745
0.82378 0.17622
0.99947 0.00053
0.98335 0.01665
0.97765 0.02235
0.98738 0.01262
0.54726 0.45274
0.44948 0.55052
0.94475 0.05525
0.92170 0.07830
0.28454 0.71546
0.83887 0.16113
0.25126 0.74874
0.18706 0.81294
0.98833 0.01167
0.25661 0.74339
0.83369 0.16631
0.36928 0.63072
0.91721 0.08279
0.87388 0.12612
0.92090 0.07910
0.89147 0.10853
0.99451 0.00549
0.99635 0.00365
0.98770 0.01230
0.36293 0.63707
0.40865 0.59135
0.28717 0.71283
0.86700 0.13300
0.83079 0.16921
0.04391 0.95609
0.18101 0.81899
0.15825 0.84175
0.33150 0.66850
0.11163 0.88837
0.39335 0.60665
0.85519 0.14481
0.80609 0.19391
0.80378 0.19622
0.13861 0.86139
0.48948 0.51052
0.99434 0.00566
0.69478 0.30522
0.25951 0.74049
0.91756 0.08244
0.99927 0.00073
0.64008 0.35992
0.24120 0.75880
0.47682 0.52318
0.99200 0.00800
0.47682 0.52318
0.99200 0.00800
0.47682 0.52318
0.99200 0.00800
0.98604 0.01396
0.55047 0.44953
0.12491 0.87509
0.82515 0.17485
0.21777 0.78223
0.21689 0.78311
0.21661 0.78339
0.21470 0.78530
0.51406 0.48594
0.18259 0.81741
0.77970 0.22030
0.90009 0.09991
0.62997 0.37003
0.90009 0.09991
0.40467 0.59533
0.68663 0.31337
0.25268 0.74732
0.24045 0.75955
0.78448 0.21552
0.84517 0.15483
0.22665 0.77335
0.16400 0.83600
0.39767 0.60233
0.98522 0.01478
0.98039 0.01961
0.44815 0.55185
0.45163 0.54837
0.45163 0.54837
0.49394 0.50606
0.94473 0.05527
0.46491 0.53509
0.99295 0.00705
0.96871 0.03129
0.24240 0.75760
0.18196 0.81804
0.17811 0.82189
0.29956 0.70044
0.26868 0.73132
0.70942 0.29058
0.74747 0.25253
0.73366 0.26634
0.25660 0.74340
0.66966 0.33034
0.71540 0.28460
0.22449 0.77551
0.70440 0.29560
0.70440 0.29560
0.98942 0.01058
0.36095 0.63905
0.36095 0.63905
0.45724 0.54276
0.19995 0.80005
0.55706 0.44294
0.92355 0.07645
0.93819 0.06181
0.97130 0.02870
0.83912 0.16088
0.98038 0.01962
0.73863 0.26137
0.20769 0.79231
0.99906 0.00094
0.99892 0.00108
0.90363 0.09637
0.89583 0.10417
0.98724 0.01276
0.99743 0.00257
0.76349 0.23651
0.78126 0.21874
0.82491 0.17509
0.82526 0.17474
0.83707 0.16293
0.96489 0.03511
0.90402 0.09598
0.90995 0.09005
0.91071 0.08929
0.94442 0.05558
0.93694 0.06306
0.94847 0.05153
0.95187 0.04813
0.96392 0.03608
0.95152 0.04848
0.22499 0.77501
0.21714 0.78286
0.23108 0.76892
0.23993 0.76007
0.19837 0.80163
0.19222 0.80778
0.23711 0.76289
0.34742 0.65258
0.98616 0.01384
0.99936 0.00064
0.99936 0.00064
0.99876 0.00124
0.52145 0.47855
0.50012 0.49988
0.34402 0.65598
0.98563 0.01437
0.99988 0.00012
0.27775 0.72225
0.96199 0.03801
0.14664 0.85336
0.14248 0.85752
0.64630 0.35370
0.89710 0.10290
0.57192 0.42808
0.97321 0.02679
0.97380 0.02620
0.88335 0.11665
0.54189 0.45811
0.41039 0.58961
0.41901 0.58099
0.89548 0.10452
0.99869 0.00131
0.43158 0.56842
0.44032 0.55968
0.88865 0.11135
0.74918 0.25082
0.83190 0.16810
0.32712 0.67288
0.30752 0.69248
0.99862 0.00138
0.19477 0.80523
0.99903 0.00097
0.36855 0.63145
0.95765 0.04235
0.31737 0.68263
0.94149 0.05851
0.99888 0.00112
0.99893 0.00107
0.17238 0.82762
0.23187 0.76813
0.66151 0.33849
0.22387 0.77613
0.25436 0.74564
0.27746 0.72254
0.35502 0.64498
0.40062 0.59938
0.71528 0.28472
0.74981 0.25019
0.60417 0.39583
0.33109 0.66891
0.35677 0.64323
0.10207 0.89793
0.40567 0.59433
0.26599 0.73401
0.99793 0.00207
0.44325 0.55675
0.37208 0.62792
0.31720 0.68280
0.21850 0.78150
0.80686 0.19314
0.26167 0.73833
0.35557 0.64443
0.32512 0.67488
0.98951 0.01049
0.99689 0.00311
0.20327 0.79673
0.27656 0.72344
0.37587 0.62413
0.48632 0.51368
0.48632 0.51368
0.58778 0.41222
0.60474 0.39526
0.58778 0.41222
0.62383 0.37617
0.69549 0.30451
0.98242 0.01758
0.97920 0.02080
0.54301 0.45699
0.50893 0.49107
0.64785 0.35215
0.72224 0.27776
0.88938 0.11062
0.99957 0.00043
0.71096 0.28904
0.71096 0.28904
0.88938 0.11062
0.99957 0.00043
0.71096 0.28904
0.71096 0.28904
0.88938 0.11062
0.99957 0.00043
0.71096 0.28904
0.71096 0.28904
0.88938 0.11062
0.99957 0.00043
0.71096 0.28904
0.19290 0.80710
0.17496 0.82504
0.63465 0.36535
0.46713 0.53287
0.99486 0.00514
0.58456 0.41544
0.99314 0.00686
0.65481 0.34519
0.22115 0.77885
0.34218 0.65782
0.32068 0.67932
0.77491 0.22509
0.77491 0.22509
0.32068 0.67932
0.34122 0.65878
0.91424 0.08576
0.76042 0.23958
0.39709 0.60291
0.39709 0.60291
0.44359 0.55641
0.41679 0.58321
0.81817 0.18183
0.81817 0.18183
0.59900 0.40100
0.57048 0.42952
0.86176 0.13824
0.34009 0.65991
0.34009 0.65991
0.29531 0.70469
0.99638 0.00362
0.99638 0.00362
0.31737 0.68263
0.34009 0.65991
0.34009 0.65991
0.29531 0.70469
0.36083 0.63917
0.33416 0.66584
0.26621 0.73379
0.30920 0.69080
0.70213 0.29787
0.27185 0.72815
0.23356 0.76644
0.23356 0.76644
0.82254 0.17746
0.21908 0.78092
0.31301 0.68699
0.38280 0.61720
0.83615 0.16385
0.91219 0.08781
0.98467 0.01533
0.99392 0.00608
0.27872 0.72128
0.34450 0.65550
0.17568 0.82432
0.32555 0.67445
0.30197 0.69803
0.26487 0.73513
0.80843 0.19157
0.67947 0.32053
0.30504 0.69496
0.50284 0.49716
0.17570 0.82430
0.19418 0.80582
0.79903 0.20097
0.35841 0.64159
0.59824 0.40176
0.61483 0.38517
0.99836 0.00164
0.92495 0.07505
0.95095 0.04905
0.98764 0.01236
0.82943 0.17057
0.39249 0.60751
0.12224 0.87776
0.81432 0.18568
0.39131 0.60869
0.13094 0.86906
0.14023 0.85977
0.18705 0.81295
0.19850 0.80150
0.90083 0.09917
0.30020 0.69980
0.89635 0.10365
0.96342 0.03658
0.93963 0.06037
0.67956 0.32044
0.85447 0.14553
0.76385 0.23615
0.84539 0.15461
0.88104 0.11896
0.93064 0.06936
0.94024 0.05976
0.98783 0.01217
0.17854 0.82146
0.99729 0.00271
0.96700 0.03300
0.85369 0.14631
0.57285 0.42715
0.78203 0.21797
0.97141 0.02859
0.85369 0.14631
0.57285 0.42715
0.99885 0.00115
0.99895 0.00105
0.99885 0.00115
0.99895 0.00105
0.64875 0.35125
0.78701 0.21299
0.76927 0.23073
0.74194 0.25806
0.77178 0.22822
0.74194 0.25806
0.90108 0.09892
0.94224 0.05776
0.63160 0.36840
0.69548 0.30452
0.63160 0.36840
0.69548 0.30452
0.63160 0.36840
0.69548 0.30452
0.65219 0.34781
0.40691 0.59309
0.22466 0.77534
0.22466 0.77534
0.32273 0.67727
0.52613 0.47387
0.52819 0.47181
0.35884 0.64116
0.33357 0.66643
0.30482 0.69518
0.73482 0.26518
0.49711 0.50289
0.28905 0.71095
0.50728 0.49272
0.69938 0.30062
0.97260 0.02740
0.58028 0.41972
0.93532 0.06468
0.91534 0.08466
0.91534 0.08466
0.97831 0.02169
0.84774 0.15226
0.87368 0.12632
0.99799 0.00201
0.99967 0.00033
0.99971 0.00029
0.99825 0.00175
0.99530 0.00470
0.99976 0.00024
0.16544 0.83456
0.18230 0.81770
0.14841 0.85159
0.69473 0.30527
0.17390 0.82610
0.92048 0.07952
0.93348 0.06652
0.47199 0.52801
0.30629 0.69371
0.36432 0.63568
0.28393 0.71607
0.28463 0.71537
0.49988 0.50012
0.98026 0.01974
0.28816 0.71184
0.80782 0.19218
0.19379 0.80621
0.17946 0.82054
0.19062 0.80938
0.65721 0.34279
0.46919 0.53081
0.87445 0.12555
0.51200 0.48800
0.51200 0.48800
0.43778 0.56222
0.43778 0.56222
0.99734 0.00266
0.99734 0.00266
0.43778 0.56222
0.43778 0.56222
0.51373 0.48627
0.54100 0.45900
0.35785 0.64215
0.40048 0.59952
0.32258 0.67742
0.99986 0.00014
0.57793 0.42207
0.69547 0.30453
0.84865 0.15135
0.84865 0.15135
0.37167 0.62833
0.37167 0.62833
0.41420 0.58580
0.41420 0.58580
0.37167 0.62833
0.37167 0.62833
0.41420 0.58580
0.44659 0.55341
0.98993 0.01007
0.20672 0.79328
0.20672 0.79328
0.27473 0.72527
0.23491 0.76509
0.18575 0.81425
0.57944 0.42056
0.77012 0.22988
0.64247 0.35753
0.64247 0.35753
0.14881 0.85119
0.22273 0.77727
0.97979 0.02021
0.98821 0.01179
0.94343 0.05657
0.99806 0.00194
0.26296 0.73704
0.14667 0.85333
0.23415 0.76585
0.98426 0.01574
0.76771 0.23229
0.74258 0.25742
0.71067 0.28933
0.78439 0.21561
0.79358 0.20642
0.71561 0.28439
0.17707 0.82293
0.43674 0.56326
0.43674 0.56326
0.42742 0.57258
0.42742 0.57258
0.32342 0.67658
0.32342 0.67658
0.32620 0.67380
0.32620 0.67380
0.48204 0.51796
0.49497 0.50503
0.99937 0.00063
0.50267 0.49733
0.51833 0.48167
0.99825 0.00175
0.96801 0.03199
0.95573 0.04427
0.81529 0.18471
0.67826 0.32174
0.97891 0.02109
0.97891 0.02109
0.74803 0.25197
0.73356 0.26644
0.74406 0.25594
0.74280 0.25720
0.77015 0.22985
0.66942 0.33058
0.67550 0.32450
0.80409 0.19591
0.99943 0.00057
0.99949 0.00051
0.99524 0.00476
0.95131 0.04869
0.99904 0.00096
0.88692 0.11308
0.40539 0.59461
0.95131 0.04869
0.99904 0.00096
0.99680 0.00320
0.99680 0.00320
0.99472 0.00528
1.00000 0.00000
0.14764 0.85236
0.37544 0.62456
0.64405 0.35595
0.30108 0.69892
0.99747 0.00253
0.32065 0.67935
0.99759 0.00241
0.97320 0.02680
0.13303 0.86697
0.12252 0.87748
0.31549 0.68451
0.27631 0.72369
0.87139 0.12861
0.27451 0.72549
0.99137 0.00863
0.30207 0.69793
0.86697 0.13303
0.25352 0.74648
0.72186 0.27814
0.88389 0.11611
0.84967 0.15033
0.60368 0.39632
0.51584 0.48416
0.82755 0.17245
0.34085 0.65915
0.11710 0.88290
0.11707 0.88293
0.12490 0.87510
0.12486 0.87514
0.30678 0.69322
0.28758 0.71242
0.34016 0.65984
0.31883 0.68117
0.34267 0.65733
0.32172 0.67828
0.20271 0.79729
0.20183 0.79817
0.17348 0.82652
0.31085 0.68915
0.29296 0.70704
0.91097 0.08903
0.55432 0.44568
0.33226 0.66774
0.33318 0.66682
0.27297 0.72703
0.27966 0.72034
0.27297 0.72703
0.27371 0.72629
0.27371 0.72629
0.28640 0.71360
0.19729 0.80271
0.21395 0.78605
0.43463 0.56537
0.15195 0.84805
0.99259 0.00741
0.58277 0.41723
0.99679 0.00321
0.63694 0.36306
0.98993 0.01007
0.97527 0.02473
0.99763 0.00237
0.96746 0.03254
0.99685 0.00315
0.63694 0.36306
0.98993 0.01007
0.30891 0.69109
0.80922 0.19078
0.62780 0.37220
0.97045 0.02955
0.97947 0.02053
0.97268 0.02732
0.97716 0.02284
0.90835 0.09165
0.91311 0.08689
0.89499 0.10501
0.90792 0.09208
0.31129 0.68871
0.24663 0.75337
0.28784 0.71216
0.99192 0.00808
0.24427 0.75573
0.41003 0.58997
0.08052 0.91948
0.87018 0.12982
0.26782 0.73218
0.82378 0.17622
0.18024 0.81976
0.14213 0.85787
0.81873 0.18127
0.94194 0.05806
0.27386 0.72614
0.19508 0.80492
0.34446 0.65554
0.12882 0.87118
0.17445 0.82555
0.19197 0.80803
0.18384 0.81616
0.18098 0.81902
0.18070 0.81930
0.19138 0.80862
0.19607 0.80393
0.48548 0.51452
0.48699 0.51301
0.48548 0.51452
0.50743 0.49257
0.48195 0.51805
0.21480 0.78520
0.15156 0.84844
0.15271 0.84729
0.99511 0.00489
0.99317 0.00683
0.68828 0.31172
0.99489 0.00511
0.20006 0.79994
0.22857 0.77143
0.42811 0.57189
0.76320 0.23680
0.93061 0.06939
0.25938 0.74062
0.24096 0.75904
0.89447 0.10553
0.69808 0.30192
0.29225 0.70775
0.99449 0.00551
0.96458 0.03542
0.31060 0.68940
0.20906 0.79094
0.98753 0.01247
0.17660 0.82340
0.32378 0.67622
0.29402 0.70598
0.85302 0.14698
0.42692 0.57308
0.99978 0.00022
0.14225 0.85775
0.16999 0.83001
0.29474 0.70526
0.45330 0.54670
0.28092 0.71908
0.97452 0.02548
0.13278 0.86722
0.47644 0.52356
0.26706 0.73294
0.29292 0.70708
0.73886 0.26114
0.98078 0.01922
0.84259 0.15741
0.88796 0.11204
0.98176 0.01824
0.54988 0.45012
0.19704 0.80296
0.09078 0.90922
0.68590 0.31410
0.64428 0.35572
0.80976 0.19024
0.99917 0.00083
0.67343 0.32657
0.34358 0.65642
0.26967 0.73033
0.67724 0.32276
0.83160 0.16840
0.23867 0.76133
0.22787 0.77213
0.99970 0.00030
0.24445 0.75555
0.97490 0.02510
0.25174 0.74826
0.65825 0.34175
0.82573 0.17427
0.30662 0.69338
0.32262 0.67738
0.96972 0.03028
0.34452 0.65548
0.63005 0.36995
0.80743 0.19257
0.70229 0.29771
0.67217 0.32783
0.54380 0.45620
0.95563 0.04437
0.99858 0.00142
0.99995 0.00005
0.99877 0.00123
0.50634 0.49366
0.54890 0.45110
0.46746 0.53254
0.41420 0.58580
0.49225 0.50775
0.34701 0.65299
0.45269 0.54731
0.32656 0.67344
0.42591 0.57409
0.16083 0.83917
0.84133 0.15867
0.31043 0.68957
0.69437 0.30563
0.16199 0.83801
0.29810 0.70190
0.82135 0.17865
0.79203 0.20797
0.65347 0.34653
0.79212 0.20788
0.79001 0.20999
0.66674 0.33326
0.39620 0.60380
0.30737 0.69263
0.37608 0.62392
0.38200 0.61800
0.64492 0.35508
0.79203 0.20797
0.65347 0.34653
0.79212 0.20788
0.79001 0.20999
0.66674 0.33326
0.82304 0.17696
0.93191 0.06809
0.90785 0.09215
0.81999 0.18001
0.71492 0.28508
0.50853 0.49147
0.82304 0.17696
0.93191 0.06809
0.90785 0.09215
0.80823 0.19177
0.71492 0.28508
0.50853 0.49147
0.90789 0.09211
0.90125 0.09875
0.90047 0.09953
0.55529 0.44471
0.20117 0.79883
0.19473 0.80527
0.19526 0.80474
0.82248 0.17752
0.99230 0.00770
0.21067 0.78933
0.20588 0.79412
0.56521 0.43479
0.91861 0.08139
0.20207 0.79793
0.20557 0.79443
0.99900 0.00100
0.38286 0.61714
0.99833 0.00167
0.99354 0.00646
0.50147 0.49853
0.33194 0.66806
0.81674 0.18326
0.76480 0.23520
0.16067 0.83933
0.31627 0.68373
0.68446 0.31554
0.38814 0.61186
0.21743 0.78257
0.21196 0.78804
0.20934 0.79066
0.94294 0.05706
0.95977 0.04023
0.99987 0.00013
0.99732 0.00268
0.48002 0.51998
0.52860 0.47140
0.80578 0.19422
0.84809 0.15191
0.80578 0.19422
0.84809 0.15191
0.33063 0.66937
0.36337 0.63663
0.94909 0.05091
0.94909 0.05091
0.88195 0.11805
0.88195 0.11805
0.54312 0.45688
0.54312 0.45688
0.22754 0.77246
0.49557 0.50443
0.23091 0.76909
0.47118 0.52882
0.96571 0.03429
0.88395 0.11605
0.21878 0.78122
0.53736 0.46264
0.23970 0.76030
0.98275 0.01725
0.96803 0.03197
0.98320 0.01680
0.69538 0.30462
0.69538 0.30462
0.76643 0.23357
0.76643 0.23357
0.42566 0.57434
0.42566 0.57434
0.91584 0.08416
0.91584 0.08416
0.74225 0.25775
0.74225 0.25775
0.99511 0.00489
0.11748 0.88252
0.41109 0.58891
0.70270 0.29730
0.66417 0.33583
0.58634 0.41366
0.66563 0.33437
0.38640 0.61360
0.39566 0.60434
0.35054 0.64946
0.38640 0.61360
0.79697 0.20303
0.74630 0.25370
0.79851 0.20149
0.64198 0.35802
0.61165 0.38835
0.45195 0.54805
0.99711 0.00289
0.65151 0.34849
0.87443 0.12557
0.97716 0.02284
0.75294 0.24706
0.97716 0.02284
0.80041 0.19959
0.75294 0.24706
0.33320 0.66680
0.53018 0.46982
0.59425 0.40575
0.28306 0.71694
0.58093 0.41907
0.78609 0.21391
0.21708 0.78292
0.61894 0.38106
0.16611 0.83389
0.25272 0.74728
0.11817 0.88183
0.51278 0.48722
0.77682 0.22318
0.84078 0.15922
0.55526 0.44474
0.87443 0.12557
0.53276 0.46724
0.99931 0.00069
0.49528 0.50472
0.88772 0.11228
0.08241 0.91759
0.27776 0.72224
0.96832 0.03168
0.30337 0.69663
0.26808 0.73192
0.30337 0.69663
0.26808 0.73192
0.86742 0.13258
0.76968 0.23032
0.47101 0.52899
0.59223 0.40777
0.98294 0.01706
0.92679 0.07321
0.35236 0.64764
0.98950 0.01050
0.98040 0.01960
0.21474 0.78526
0.95876 0.04124
0.99612 0.00388
0.94661 0.05339
0.94612 0.05388
0.53920 0.46080
0.99800 0.00200
0.97801 0.02199
0.99692 0.00308
0.55739 0.44261
0.99954 0.00046
0.99791 0.00209
0.28362 0.71638
0.26137 0.73863
0.10963 0.89037
0.58743 0.41257
0.48747 0.51253
0.97615 0.02385
0.96388 0.03612
0.23142 0.76858
0.38756 0.61244
0.99980 0.00020
0.99980 0.00020
0.99980 0.00020
0.77254 0.22746
0.77254 0.22746
0.48082 0.51918
0.99001 0.00999
0.35152 0.64848
0.85856 0.14144
0.35152 0.64848
0.85856 0.14144
0.42413 0.57587
0.41422 0.58578
0.99070 0.00930
0.54050 0.45950
0.59410 0.40590
0.59167 0.40833
0.75866 0.24134
0.33963 0.66037
0.35233 0.64767
0.72351 0.27649
0.68067 0.31933
0.66352 0.33648
0.27749 0.72251
0.88569 0.11431
0.30213 0.69787
0.90088 0.09912
0.90715 0.09285
0.17535 0.82465
0.19917 0.80083
0.99985 0.00015
0.20685 0.79315
0.99717 0.00283
0.99201 0.00799
0.99205 0.00795
0.99775 0.00225
0.99995 0.00005
0.83442 0.16558
0.32771 0.67229
0.76567 0.23433
0.71343 0.28657
0.62165 0.37835
0.72660 0.27340
0.26927 0.73073
0.98065 0.01935
0.22768 0.77232
0.26927 0.73073
0.75795 0.24205
0.26927 0.73073
0.98065 0.01935
0.22768 0.77232
0.26927 0.73073
0.75795 0.24205
0.99740 0.00260
0.63925 0.36075
0.99740 0.00260
0.78167 0.21833
0.19034 0.80966
0.99330 0.00670
0.98975 0.01025
0.89297 0.10703
0.96558 0.03442
0.20619 0.79381
0.21429 0.78571
0.99429 0.00571
0.99327 0.00673
0.81572 0.18428
0.96207 0.03793
0.27586 0.72414
0.98915 0.01085
0.84042 0.15958
0.97361 0.02639
0.45371 0.54629
0.99420 0.00580
0.82499 0.17501
0.99425 0.00575
0.85605 0.14395
0.97664 0.02336
0.99848 0.00152
0.99476 0.00524
0.99851 0.00149
0.99786 0.00214
0.99832 0.00168
0.99476 0.00524
0.92461 0.07539
0.93103 0.06897
0.88841 0.11159
0.93542 0.06458
0.88343 0.11657
0.85407 0.14593
0.98402 0.01598
0.44744 0.55256
0.97351 0.02649
0.86480 0.13520
0.98597 0.01403
0.84440 0.15560
0.98390 0.01610
0.49963 0.50037
0.37467 0.62533
0.34276 0.65724
0.99988 0.00012
0.75172 0.24828
0.14116 0.85884
0.70057 0.29943
0.54963 0.45037
0.57230 0.42770
0.97035 0.02965
0.52392 0.47608
0.97594 0.02406
0.62860 0.37140
0.56105 0.43895
0.72177 0.27823
0.60276 0.39724
0.63851 0.36149
0.69478 0.30522
0.14746 0.85254
0.62538 0.37462
0.72661 0.27339
0.78404 0.21596
0.69203 0.30797
0.89911 0.10089
0.92869 0.07131
0.74743 0.25257
0.41474 0.58526
0.82478 0.17522
0.78942 0.21058
0.89936 0.10064
0.14885 0.85115
0.44485 0.55515
0.48003 0.51997
0.48023 0.51977
0.51911 0.48089
0.44581 0.55419
0.48003 0.51997
0.30278 0.69722
0.29914 0.70086
0.29914 0.70086
0.29914 0.70086
0.29914 0.70086
0.20676 0.79324
0.18991 0.81009
0.29344 0.70656
0.31029 0.68971
0.31340 0.68660
0.35459 0.64541
0.41728 0.58272
0.41728 0.58272
0.36606 0.63394
0.31583 0.68417
0.39919 0.60081
0.43322 0.56678
0.39801 0.60199
0.39731 0.60269
0.43322 0.56678
0.39801 0.60199
0.49357 0.50643
0.57996 0.42004
0.53291 0.46709
0.53496 0.46504
0.37428 0.62572
0.18246 0.81754
0.21023 0.78977
0.23083 0.76917
0.43634 0.56366
0.14972 0.85028
0.10635 0.89365
0.58786 0.41214
0.60254 0.39746
0.23183 0.76817
0.48325 0.51675
0.19364 0.80636
0.53794 0.46206
0.53794 0.46206
0.55396 0.44604
0.55396 0.44604
0.17364 0.82636
0.17364 0.82636
0.36696 0.63304
0.36696 0.63304
0.17364 0.82636
0.17364 0.82636
0.13940 0.86060
0.95420 0.04580
0.94877 0.05123
0.47930 0.52070
0.51107 0.48893
0.44882 0.55118
0.49015 0.50985
0.47494 0.52506
0.99692 0.00308
0.99926 0.00074
0.97303 0.02697
0.96698 0.03302
0.97640 0.02360
0.89720 0.10280
0.93862 0.06138
0.92933 0.07066
0.92933 0.07066
0.53971 0.46029
0.38964 0.61036
0.70294 0.29706
0.72304 0.27696
0.66082 0.33918
0.87363 0.12637
0.87363 0.12637
0.88408 0.11592
0.40796 0.59204
0.40996 0.59004
0.79924 0.20076
0.99314 0.00686
0.99962 0.00037
0.78784 0.21216
0.78832 0.21168
0.70626 0.29374
0.77800 0.22200
0.77378 0.22622
0.83477 0.16523
0.82561 0.17439
0.85591 0.14409
0.84783 0.15217
0.45106 0.54894
0.37703 0.62297
0.87521 0.12479
0.44864 0.55136
0.21722 0.78278
0.34884 0.65116
0.24435 0.75565
0.97270 0.02730
0.32601 0.67399
0.99529 0.00471
0.93865 0.06135
0.93157 0.06843
0.96747 0.03253
0.26609 0.73391
0.99527 0.00473
0.99527 0.00473
0.99565 0.00435
0.99565 0.00435
0.99742 0.00258
0.99742 0.00258
0.97157 0.02843
0.97157 0.02843
0.99527 0.00473
0.99527 0.00473
0.81732 0.18268
0.95231 0.04769
0.14922 0.85078
0.52840 0.47160
0.30825 0.69175
0.83114 0.16886
0.39989 0.60011
0.98344 0.01656
0.20390 0.79610
0.66217 0.33783
0.26089 0.73911
0.70803 0.29197
0.96794 0.03206
0.84411 0.15589
0.74042 0.25958
0.37465 0.62535
0.48243 0.51757
0.85118 0.14882
0.32271 0.67729
0.99816 0.00184
0.99816 0.00184
0.99807 0.00193
0.68360 0.31640
0.68360 0.31640
0.68360 0.31640
0.68360 0.31640
0.68360 0.31640
0.68360 0.31640
0.23853 0.76147
0.75821 0.24179
0.99707 0.00293
0.93331 0.06669
0.99761 0.00239
0.99975 0.00025
0.99875 0.00125
0.12150 0.87850
0.55690 0.44310
0.37942 0.62058
0.61229 0.38771
0.72639 0.27361
0.72639 0.27361
0.19038 0.80962
0.13916 0.86084
0.89159 0.10841
0.51360 0.48640
0.99904 0.00096
0.99908 0.00092
0.89838 0.10162
0.83650 0.16350
0.39195 0.60805
0.31638 0.68362
0.33507 0.66493
0.37019 0.62981
0.23431 0.76569
0.14995 0.85005
0.77444 0.22556
0.14995 0.85005
0.77444 0.22556
0.38658 0.61342
0.34142 0.65858
0.27875 0.72125
0.31056 0.68944
0.29364 0.70636
0.38658 0.61342
0.41842 0.58158
0.38658 0.61342
0.34142 0.65858
0.27875 0.72125
0.31056 0.68944
0.29364 0.70636
0.38658 0.61342
0.41842 0.58158
0.38658 0.61342
0.34142 0.65858
0.27875 0.72125
0.31056 0.68944
0.29364 0.70636
0.38658 0.61342
0.41842 0.58158
0.91356 0.08644
0.46187 0.53813
0.84280 0.15720
0.44000 0.56000
0.65573 0.34427
0.24633 0.75367
0.80821 0.19179
0.06613 0.93387
0.26947 0.73053
0.99974 0.00026
0.25278 0.74722
0.20144 0.79856
0.80544 0.19456
0.86583 0.13417
0.76264 0.23736
0.73377 0.26623
0.70219 0.29781
0.04263 0.95737
0.21094 0.78906
0.15217 0.84783
0.25774 0.74225
0.95719 0.04281
0.23505 0.76495
0.14839 0.85161
0.21743 0.78257
0.63832 0.36168
0.34872 0.65128
0.15622 0.84378
0.15622 0.84378
0.50669 0.49331
0.50669 0.49331
0.24464 0.75537
0.51500 0.48500
0.28527 0.71473
0.27887 0.72113
0.21820 0.78180
0.78172 0.21828
0.99524 0.00476
0.33635 0.66365
0.78274 0.21726
0.82104 0.17896
0.41874 0.58126
0.99808 0.00192
0.87026 0.12974
0.99702 0.00298
0.81710 0.18290
0.14631 0.85369
0.34028 0.65972
0.34762 0.65238
0.99913 0.00087
0.81237 0.18764
0.94467 0.05533
0.60726 0.39274
0.59590 0.40410
0.81648 0.18352
0.60609 0.39391
0.34743 0.65257
0.32859 0.67141
0.76791 0.23209
0.65841 0.34159
0.66415 0.33585
0.77950 0.22050
0.30999 0.69001
0.30675 0.69325
0.35190 0.64810
0.32608 0.67392
0.49499 0.50501
0.45286 0.54714
0.43494 0.56506
0.29888 0.70112
0.89500 0.10500
0.24195 0.75805
0.99966 0.00034
0.88687 0.11313
0.51818 0.48182
0.99483 0.00517
0.99624 0.00376
0.55717 0.44283
0.99903 0.00097
0.18363 0.81637
0.96954 0.03046
0.96028 0.03972
0.50467 0.49533
0.46480 0.53520
0.96954 0.03046
0.96028 0.03972
0.50467 0.49533
0.46480 0.53520
0.99956 0.00044
0.99941 0.00059
0.55388 0.44612
0.51935 0.48065
0.55388 0.44612
0.51935 0.48065
0.96650 0.03350
0.56539 0.43461
0.97957 0.02043
0.66184 0.33816
0.99956 0.00044
0.99941 0.00059
0.18426 0.81574
0.14257 0.85743
0.57843 0.42157
0.14451 0.85549
0.70064 0.29936
0.70064 0.29936
0.94828 0.05172
0.94828 0.05172
0.94828 0.05172
0.94828 0.05172
0.39149 0.60851
0.40320 0.59680
0.75222 0.24778
0.32840 0.67160
0.27298 0.72702
0.42104 0.57896
0.15323 0.84677
0.27725 0.72275
0.23864 0.76136
0.21612 0.78388
0.34739 0.65261
0.30281 0.69719
0.30281 0.69719
0.64517 0.35483
0.16021 0.83978
0.83591 0.16409
0.83591 0.16409
0.83568 0.16432
0.83568 0.16432
0.38312 0.61688
0.38469 0.61531
0.33151 0.66849
0.33300 0.66700
0.98577 0.01423
0.98549 0.01451
0.98576 0.01424
0.98548 0.01452
0.38312 0.61688
0.38469 0.61531
0.56113 0.43887
0.99240 0.00760
0.52409 0.47591
0.89787 0.10213
0.95677 0.04323
0.99719 0.00281
0.49442 0.50558
0.52077 0.47923
0.99030 0.00970
0.64578 0.35422
0.75137 0.24863
0.79424 0.20576
0.41192 0.58808
0.35969 0.64031
0.54243 0.45757
0.82879 0.17121
0.99975 0.00025
0.54868 0.45132
0.96884 0.03116
0.39507 0.60493
0.45470 0.54530
0.99833 0.00167
0.66951 0.33049
0.36673 0.63327
0.30434 0.69566
0.30434 0.69566
0.30434 0.69566
0.30434 0.69566
0.18335 0.81665
0.77819 0.22181
0.18335 0.81665
0.77819 0.22181
0.56601 0.43399
0.62430 0.37570
0.62552 0.37448
0.74698 0.25302
0.30654 0.69346
0.26871 0.73129
0.21990 0.78010
0.24261 0.75739
0.22945 0.77055
0.30654 0.69346
0.33511 0.66489
0.22557 0.77443
0.23485 0.76515
0.20639 0.79361
0.30654 0.69346
0.26871 0.73129
0.21990 0.78010
0.24261 0.75739
0.22945 0.77055
0.30654 0.69346
0.33511 0.66489
0.22557 0.77443
0.23485 0.76515
0.20639 0.79361
0.30654 0.69346
0.26871 0.73129
0.21990 0.78010
0.24261 0.75739
0.22945 0.77055
0.30654 0.69346
0.33511 0.66489
0.22557 0.77443
0.23485 0.76515
0.20639 0.79361
0.23899 0.76101
0.21299 0.78701
0.29052 0.70948
0.38017 0.61983
0.37431 0.62569
0.82813 0.17187
0.20334 0.79666
0.72141 0.27859
0.29446 0.70554
0.25552 0.74448
0.72141 0.27859
0.29446 0.70554
0.72141 0.27859
0.29446 0.70554
0.25552 0.74448
0.72141 0.27859
0.29446 0.70554
0.49489 0.50511
0.49489 0.50511
0.99942 0.00058
0.49489 0.50511
0.49489 0.50511
0.49489 0.50511
0.99942 0.00058
0.49489 0.50511
0.88273 0.11727
0.88273 0.11727
0.51131 0.48869
0.90900 0.09100
0.51131 0.48869
0.49434 0.50566
0.87938 0.12062
0.62761 0.37239
0.61487 0.38513
0.58165 0.41835
0.63091 0.36909
0.62451 0.37549
0.49175 0.50825
0.43628 0.56372
0.67809 0.32191
0.78335 0.21665
0.73361 0.26639
0.94144 0.05856
0.94629 0.05371
0.26700 0.73300
0.26842 0.73158
0.16022 0.83978
0.30344 0.69656
0.33779 0.66221
0.99945 0.00055
0.86818 0.13182
0.99899 0.00101
0.85682 0.14318
0.85682 0.14318
0.61672 0.38328
0.61672 0.38328
0.54806 0.45194
0.54806 0.45194
0.56062 0.43938
0.56062 0.43938
0.89374 0.10626
0.93000 0.07000
0.99565 0.00435
0.99924 0.00076
0.99585 0.00415
0.88602 0.11398
0.98878 0.01122
0.88930 0.11070
0.56872 0.43128
0.89844 0.10156
0.92170 0.07830
0.52813 0.47187
0.99852 0.00148
0.99777 0.00223
0.94671 0.05329
0.95815 0.04185
0.99694 0.00306
0.99180 0.00820
0.95676 0.04324
0.88892 0.11108
0.91966 0.08034
0.90908 0.09092
0.95012 0.04988
0.53284 0.46716
0.48253 0.51747
0.90775 0.09225
0.99838 0.00162
0.93289 0.06711
0.83150 0.16850
0.93733 0.06267
0.92100 0.07900
0.91784 0.08216
0.50329 0.49671
0.38075 0.61925
0.77030 0.22970
0.12367 0.87633
0.37316 0.62684
0.24707 0.75293
0.23899 0.76101
0.87928 0.12072
0.96930 0.03070
0.34885 0.65115
0.89030 0.10970
0.77575 0.22425
0.93866 0.06134
0.34594 0.65406
0.76687 0.23313
0.39154 0.60846
0.97468 0.02532
0.99708 0.00292
0.81561 0.18439
0.99344 0.00656
0.79800 0.20200
0.99324 0.00676
0.73933 0.26067
0.99687 0.00313
0.83912 0.16088
0.98926 0.01074
0.97972 0.02028
0.97894 0.02106
0.99884 0.00116
0.99716 0.00284
0.99701 0.00300
0.54005 0.45995
0.62681 0.37319
0.17914 0.82086
0.25410 0.74590
0.68313 0.31687
0.95630 0.04370
0.32452 0.67548
0.31406 0.68594
0.94320 0.05680
0.52214 0.47786
0.84359 0.15641
0.48447 0.51553
0.92187 0.07813
0.81608 0.18392
0.86096 0.13904
0.37595 0.62405
0.99802 0.00198
0.35660 0.64340
0.37883 0.62117
0.41777 0.58223
0.35660 0.64340
0.37883 0.62117
0.41777 0.58223
0.41817 0.58183
0.17491 0.82509
0.26957 0.73043
0.26957 0.73043
0.35808 0.64192
0.25275 0.74725
0.25786 0.74214
0.33884 0.66116
0.42859 0.57141
0.36304 0.63696
0.43307 0.56693
0.36712 0.63288
0.37863 0.62137
0.32493 0.67507
0.33114 0.66886
0.41132 0.58868
0.15393 0.84607
0.33567 0.66433
0.24535 0.75465
0.19383 0.80617
0.20636 0.79364
0.71450 0.28550
0.27276 0.72724
0.29326 0.70674
0.31669 0.68331
0.52398 0.47602
0.86486 0.13514
0.13806 0.86194
0.78073 0.21927
0.78308 0.21692
0.20516 0.79484
0.88652 0.11348
0.96187 0.03813
0.94667 0.05333
0.12360 0.87640
0.98439 0.01561
0.98439 0.01561
0.46914 0.53086
0.46914 0.53086
0.46914 0.53086
0.46914 0.53086
0.98296 0.01704
0.98296 0.01704
0.99632 0.00368
0.99632 0.00368
0.96312 0.03688
0.90346 0.09654
0.97314 0.02686
0.87749 0.12251
0.25294 0.74706
0.18119 0.81881
0.30491 0.69509
0.35724 0.64276
0.12992 0.87008
0.93485 0.06515
0.94385 0.05615
0.93191 0.06809
0.94136 0.05864
0.93983 0.06017
0.68392 0.31608
0.94794 0.05206
0.71392 0.28608
0.94794 0.05206
0.71392 0.28608
0.88203 0.11797
0.89342 0.10658
0.18430 0.81570
0.16811 0.83189
0.17973 0.82028
0.15004 0.84996
0.15505 0.84495
0.08418 0.91582
0.25187 0.74813
0.09267 0.90733
0.23641 0.76359
0.23641 0.76359
0.91891 0.08109
0.88989 0.11011
0.97056 0.02944
0.78016 0.21984
0.99556 0.00444
0.73181 0.26819
0.94944 0.05056
0.96071 0.03929
0.96071 0.03929
0.96071 0.03929
0.62860 0.37140
0.25138 0.74862
0.67497 0.32503
0.93711 0.06289
0.91982 0.08018
0.99708 0.00292
0.97704 0.02296
0.98499 0.01501
0.97996 0.02004
0.29932 0.70068
0.32030 0.67970
0.85813 0.14187
0.99587 0.00413
0.99421 0.00579
0.99544 0.00456
0.99110 0.00890
0.99832 0.00168
0.99770 0.00230
0.99544 0.00456
0.37191 0.62809
0.99939 0.00061
0.41334 0.58666
0.43544 0.56456
0.25680 0.74320
0.64290 0.35710
0.32992 0.67008
0.96911 0.03089
0.55715 0.44285
0.17081 0.82919
0.99206 0.00794
0.78175 0.21825
0.99206 0.00794
0.78175 0.21825
0.78076 0.21924
0.92462 0.07538
0.44553 0.55447
0.42227 0.57773
0.44553 0.55447
0.44407 0.55593
0.44553 0.55447
0.42227 0.57773
0.44553 0.55447
0.44407 0.55593
0.33026 0.66974
0.32996 0.67004
0.19421 0.80579
0.19642 0.80358
0.23643 0.76357
0.23800 0.76200
0.30463 0.69537
0.35775 0.64225
0.53865 0.46135
0.38750 0.61250
0.37729 0.62271
0.22438 0.77562
0.73250 0.26750
0.91662 0.08338
0.94480 0.05520
0.94981 0.05019
0.96476 0.03524
0.73779 0.26221
0.97385 0.02615
0.97423 0.02577
0.69803 0.30197
0.96984 0.03016
0.75688 0.24312
0.87387 0.12613
0.90336 0.09664
0.89822 0.10178
0.92643 0.07357
0.92369 0.07631
0.76282 0.23718
0.59644 0.40356
0.89838 0.10162
0.63704 0.36296
0.96562 0.03438
0.63704 0.36296
0.96562 0.03438
0.94645 0.05355
0.15969 0.84031
0.58174 0.41826
0.58174 0.41826
0.23985 0.76015
0.39264 0.60736
0.40237 0.59763
0.32340 0.67660
0.40706 0.59294
0.49521 0.50479
0.40424 0.59576
0.52726 0.47274
0.44081 0.55919
0.55986 0.44014
0.12279 0.87721
0.14903 0.85097
0.69737 0.30263
0.66955 0.33045
0.19980 0.80020
0.99727 0.00273
0.19521 0.80479
0.98209 0.01791
0.20415 0.79585
0.43868 0.56132
0.97222 0.02778
0.43868 0.56132
0.46073 0.53927
0.11094 0.88906
0.29619 0.70381
0.97632 0.02368
0.82631 0.17369
0.99892 0.00108
0.85718 0.14282
0.99947 0.00053
0.57116 0.42884
0.53083 0.46917
0.92431 0.07569
0.15915 0.84085
0.15915 0.84085
0.56019 0.43981
0.56019 0.43981
0.25903 0.74097
0.25903 0.74097
0.99964 0.00036
0.16066 0.83934
0.60500 0.39500
0.95607 0.04393
0.70691 0.29309
0.70691 0.29309
0.31487 0.68513
0.31487 0.68513
0.18605 0.81395
0.18605 0.81395
0.94167 0.05833
0.94167 0.05833
0.25218 0.74782
0.25218 0.74782
0.49310 0.50690
0.49310 0.50690
0.25218 0.74782
0.25218 0.74782
0.94167 0.05833
0.94167 0.05833
0.49310 0.50690
0.49310 0.50690
0.63121 0.36879
0.75507 0.24493
0.78815 0.21185
0.87005 0.12995
0.73136 0.26864
0.54733 0.45267
0.66592 0.33408
0.89566 0.10434
0.88103 0.11897
0.76728 0.23272
0.22928 0.77072
0.23448 0.76552
0.86146 0.13854
0.85787 0.14213
0.99976 0.00024
0.73287 0.26713
0.72842 0.27158
0.31415 0.68585
0.52351 0.47649
0.99831 0.00169
0.15169 0.84831
0.44764 0.55236
0.37756 0.62244
0.37756 0.62244
0.54867 0.45133
0.55393 0.44607
0.98152 0.01848
0.57124 0.42876
0.63305 0.36695
0.51051 0.48949
0.98152 0.01848
0.57124 0.42876
0.91703 0.08297
0.33455 0.66545
0.17996 0.82004
0.98474 0.01526
0.30389 0.69611
0.28507 0.71493
0.46735 0.53265
0.41362 0.58638
0.47287 0.52713
0.76230 0.23770
0.64746 0.35254
0.61510 0.38490
0.58047 0.41953
0.30994 0.69006
0.63209 0.36791
0.75984 0.24016
0.94884 0.05116
0.30501 0.69499
0.23547 0.76453
0.76272 0.23728
0.83227 0.16773
0.30249 0.69751
0.56357 0.43643
0.38800 0.61200
0.12230 0.87770
0.44715 0.55285
0.80500 0.19500
0.44637 0.55363
0.18326 0.81674
0.83580 0.16420
0.82689 0.17311
0.82689 0.17311
0.95864 0.04136
0.41547 0.58453
0.48139 0.51861
0.95864 0.04136
0.41547 0.58453
0.48139 0.51861
0.82737 0.17263
0.91273 0.08727
0.93058 0.06942
0.98242 0.01758
0.98532 0.01468
0.98077 0.01923
0.35527 0.64473
0.98104 0.01896
0.28634 0.71366
0.87127 0.12873
0.27283 0.72717
0.21877 0.78123
0.59276 0.40724
0.24992 0.75008
0.54821 0.45179
0.99941 0.00059
0.97191 0.02809
0.95221 0.04779
0.49913 0.50087
0.99123 0.00877
0.99372 0.00628
0.99450 0.00550
0.89931 0.10069
0.83053 0.16947
0.89852 0.10148
0.99930 0.00070
0.99531 0.00469
0.37055 0.62945
0.97428 0.02572
0.44020 0.55980
0.30281 0.69719
0.99778 0.00222
0.31669 0.68331
0.23351 0.76649
0.99924 0.00076
0.99880 0.00120
0.37099 0.62901
0.26566 0.73434
0.99988 0.00012
0.99988 0.00012
0.35007 0.64993
0.35007 0.64993
0.35007 0.64993
0.35007 0.64993
0.99987 0.00013
0.98193 0.01807
0.94289 0.05711
0.87684 0.12316
0.43733 0.56267
0.46786 0.53214
0.58616 0.41384
0.57971 0.42029
0.72147 0.27853
0.63207 0.36793
0.96966 0.03034
0.33744 0.66256
0.45735 0.54265
0.32542 0.67458
0.31324 0.68676
0.28811 0.71189
0.29272 0.70728
0.30722 0.69278
0.09292 0.90708
0.74319 0.25681
0.31411 0.68589
0.79838 0.20162
0.35337 0.64663
0.16924 0.83076
0.73887 0.26113
0.84744 0.15256
0.21721 0.78280
0.21959 0.78041
0.19473 0.80527
0.98431 0.01569
0.98904 0.01096
0.45828 0.54172
0.43319 0.56681
0.94151 0.05849
0.38176 0.61824
0.75610 0.24390
0.37628 0.62372
0.79724 0.20276
0.92849 0.07151
0.70267 0.29733
0.99990 0.00010
0.70679 0.29321
0.99988 0.00012
0.67421 0.32579
0.99807 0.00193
0.67279 0.32721
0.99985 0.00015
0.62888 0.37112
0.99807 0.00193
0.67279 0.32721
0.99910 0.00090
0.80432 0.19568
0.99981 0.00019
0.58547 0.41453
0.46244 0.53756
0.71655 0.28345
0.71655 0.28345
0.71655 0.28345
0.71655 0.28345
0.56751 0.43249
0.53181 0.46819
0.50988 0.49012
0.68769 0.31231
0.43989 0.56011
0.62203 0.37797
0.62273 0.37727
0.67812 0.32188
0.74178 0.25822
0.73983 0.26017
0.65230 0.34770
0.64187 0.35813
0.87872 0.12128
0.72592 0.27408
0.45341 0.54659
0.96951 0.03049
0.84900 0.15100
0.57021 0.42979
0.28351 0.71649
0.75247 0.24753
0.99508 0.00492
0.99508 0.00492
0.99682 0.00318
0.99622 0.00377
0.99665 0.00335
0.99676 0.00324
0.78960 0.21040
0.75761 0.24239
0.80211 0.19789
0.77177 0.22823
0.79874 0.20126
0.76804 0.23196
0.44658 0.55342
0.43835 0.56165
0.44658 0.55342
0.43835 0.56165
0.65546 0.34454
0.65541 0.34459
0.68186 0.31814
0.68169 0.31831
0.99718 0.00282
0.99719 0.00281
0.66651 0.33349
0.66646 0.33354
0.68017 0.31983
0.67999 0.32001
0.99735 0.00265
0.99735 0.00265
0.66651 0.33349
0.66646 0.33354
0.99735 0.00265
0.99735 0.00265
0.68017 0.31983
0.67999 0.32001
0.99735 0.00265
0.99735 0.00265
0.52642 0.47358
0.54165 0.45835
0.97784 0.02216
0.52470 0.47530
0.97741 0.02259
0.53624 0.46376
0.97741 0.02259
0.70352 0.29648
0.71861 0.28139
0.76099 0.23901
0.99706 0.00294
0.33882 0.66118
0.34469 0.65531
0.54576 0.45424
0.17383 0.82617
0.99997 0.00003
0.41481 0.58519
0.41481 0.58519
0.87010 0.12990
0.98724 0.01276
0.98474 0.01525
0.87544 0.12456
0.87327 0.12673
0.79708 0.20292
0.77277 0.22723
0.74081 0.25919
0.76605 0.23395
0.73370 0.26630
0.79571 0.20429
0.87976 0.12024
0.92166 0.07834
0.90329 0.09671
0.82305 0.17695
0.89908 0.10092
0.87674 0.12326
0.89908 0.10092
0.87674 0.12326
0.47663 0.52337
0.47861 0.52139
0.49833 0.50167
0.45891 0.54109
0.45767 0.54233
0.48537 0.51463
0.48265 0.51735
0.50783 0.49217
0.23859 0.76141
0.25915 0.74085
0.41457 0.58543
0.41423 0.58577
0.43835 0.56165
0.44460 0.55540
0.36452 0.63548
0.89617 0.10383
0.11966 0.88034
0.84222 0.15778
0.17724 0.82276
0.98072 0.01928
0.92093 0.07907
0.46281 0.53719
0.82956 0.17044
0.61682 0.38318
0.64342 0.35658
0.18781 0.81219
0.46473 0.53527
0.51685 0.48315
0.21015 0.78985
0.55025 0.44975
0.59544 0.40456
0.59544 0.40456
0.16263 0.83737
0.14400 0.85600
0.99921 0.00079
0.16589 0.83411
0.99876 0.00124
0.52369 0.47631
0.98902 0.01098
0.13903 0.86097
0.61703 0.38297
0.96522 0.03478
0.54341 0.45659
0.22985 0.77015
0.86125 0.13875
0.34900 0.65100
0.33858 0.66142
0.87139 0.12861
0.34900 0.65100
0.57054 0.42946
0.65881 0.34119
0.63576 0.36424
0.48985 0.51015
0.12757 0.87243
0.99985 0.00015
0.99939 0.00061
0.99842 0.00158
0.99959 0.00041
0.39591 0.60409
0.38462 0.61538
0.86505 0.13495
0.86558 0.13442
0.39591 0.60409
0.38462 0.61538
0.87771 0.12229
0.87874 0.12126
0.36413 0.63587
0.37292 0.62708
0.80345 0.19655
0.80345 0.19655
0.99991 0.00009
0.99991 0.00009
0.99991 0.00009
0.99991 0.00009
0.98448 0.01552
0.99496 0.00504
0.17125 0.82875
0.76757 0.23243
0.31804 0.68196
0.53218 0.46782
0.86539 0.13461
0.50336 0.49664
0.50336 0.49664
0.50336 0.49664
0.50336 0.49664
0.30928 0.69072
0.30928 0.69072
0.99567 0.00433
0.99567 0.00433
0.30928 0.69072
0.30928 0.69072
0.31464 0.68536
0.91877 0.08123
0.99912 0.00088
0.99935 0.00065
0.87204 0.12796
0.97135 0.02865
0.54175 0.45825
0.54263 0.45737
0.99914 0.00086
0.63503 0.36497
0.91784 0.08216
0.99902 0.00098
0.98240 0.01760
0.87695 0.12305
0.96361 0.03639
0.92748 0.07252
0.99111 0.00889
0.99344 0.00656
0.32904 0.67096
0.36490 0.63510
0.90838 0.09162
0.92551 0.07449
0.14692 0.85308
0.20603 0.79397
0.99050 0.00950
0.20462 0.79538
0.99004 0.00996
0.99519 0.00481
0.98600 0.01400
0.93047 0.06953
0.99276 0.00724
0.27521 0.72479
0.27521 0.72479
0.54303 0.45697
0.63772 0.36228
0.62362 0.37638
0.96264 0.03736
0.94988 0.05012
0.28049 0.71951
0.92247 0.07753
0.55320 0.44680
0.60054 0.39946
0.68570 0.31430
0.56153 0.43847
0.80041 0.19959
0.68257 0.31743
0.21870 0.78130
0.41887 0.58113
0.18931 0.81069
0.17980 0.82020
0.23558 0.76442
0.15103 0.84897
0.98225 0.01775
0.25728 0.74272
0.49180 0.50820
0.38042 0.61958
0.11478 0.88522
0.78527 0.21473
0.93867 0.06133
0.99666 0.00334
0.84964 0.15036
0.68678 0.31322
0.87508 0.12492
0.87395 0.12605
0.84880 0.15120
0.84422 0.15578
0.87506 0.12494
0.70116 0.29884
0.77623 0.22377
0.43883 0.56117
0.51684 0.48316
0.83145 0.16855
0.77513 0.22487
0.77513 0.22487
0.47937 0.52063
0.14718 0.85282
0.18826 0.81174
0.98836 0.01164
0.98596 0.01404
0.16807 0.83193
0.99460 0.00540
0.06589 0.93411
0.14747 0.85253
0.90339 0.09661
0.39270 0.60730
0.98798 0.01202
0.98826 0.01174
0.99290 0.00710
0.14566 0.85434
0.79950 0.20050
0.79872 0.20128
0.88520 0.11480
0.87991 0.12009
0.31059 0.68941
0.30498 0.69502
0.62147 0.37853
0.62465 0.37535
0.67714 0.32286
0.67714 0.32286
0.87723 0.12277
0.87723 0.12277
0.69575 0.30425
0.98621 0.01379
0.79039 0.20961
0.38281 0.61719
0.77668 0.22332
0.98169 0.01831
0.16719 0.83281
0.99988 0.00012
0.99457 0.00543
0.99002 0.00998
0.32423 0.67577
0.99732 0.00268
0.32657 0.67343
0.34868 0.65132
0.99926 0.00074
0.30064 0.69936
0.80066 0.19934
0.30064 0.69936
0.80066 0.19934
0.99864 0.00136
0.99159 0.00841
0.30143 0.69857
0.98859 0.01141
0.28323 0.71677
0.99973 0.00027
0.28323 0.71677
0.99973 0.00027
0.99966 0.00034
0.99953 0.00047
0.99967 0.00033
0.43930 0.56070
0.21006 0.78994
0.28303 0.71697
0.28534 0.71466
0.81433 0.18567
0.93603 0.06397
0.85962 0.14038
0.34795 0.65205
0.88989 0.11011
0.99857 0.00143
0.99397 0.00603
0.99500 0.00500
0.85052 0.14948
0.84790 0.15210
0.79767 0.20233
0.79592 0.20408
0.65936 0.34064
0.63137 0.36863
0.62198 0.37802
0.65660 0.34340
0.62852 0.37148
0.61917 0.38083
0.83242 0.16758
0.50642 0.49358
0.52160 0.47840
0.51614 0.48386
0.52160 0.47840
0.51614 0.48386
0.34242 0.65758
0.35197 0.64803
0.18161 0.81839
0.38088 0.61912
0.14334 0.85666
0.14856 0.85144
0.47760 0.52240
0.85024 0.14976
0.44405 0.55595
0.99910 0.00090
0.93861 0.06139
0.55324 0.44676
0.74844 0.25156
0.74982 0.25018
0.74844 0.25156
0.35194 0.64806
0.33092 0.66908
0.33729 0.66271
0.32421 0.67579
0.34761 0.65239
0.62731 0.37269
0.28443 0.71557
0.26181 0.73819
0.29186 0.70814
0.51756 0.48244
0.99945 0.00055
0.91194 0.08806
0.58410 0.41590
0.56494 0.43506
0.62924 0.37076
0.11757 0.88243
0.47418 0.52582
0.84071 0.15929
0.87092 0.12908
0.44737 0.55263
0.92773 0.07227
0.40611 0.59389
0.92773 0.07227
0.40611 0.59389
0.92773 0.07227
0.40611 0.59389
0.93803 0.06197
0.85320 0.14680
0.75105 0.24895
0.80402 0.19598
0.98183 0.01817
0.81096 0.18904
0.39090 0.60910
0.95862 0.04138
0.98816 0.01184
0.32144 0.67856
0.32144 0.67856
0.32144 0.67856
0.32144 0.67856
0.35267 0.64733
0.60564 0.39436
0.60564 0.39436
0.60564 0.39436
0.60564 0.39436
0.66065 0.33935
0.45277 0.54723
0.44597 0.55403
0.86640 0.13360
0.51075 0.48925
0.99069 0.00931
0.82968 0.17032
0.47187 0.52813
0.90949 0.09051
0.99695 0.00305
0.99957 0.00043
0.90574 0.09426
0.99786 0.00214
0.91588 0.08412
0.69554 0.30446
0.57584 0.42416
0.91588 0.08412
0.69554 0.30446
0.57584 0.42416
0.47962 0.52038
0.99970 0.00030
0.86487 0.13513
0.86934 0.13066
0.79888 0.20112
0.71548 0.28452
0.35924 0.64076
0.40805 0.59195
0.61735 0.38265
0.60629 0.39371
0.99614 0.00386
0.19734 0.80266
0.95708 0.04292
0.99853 0.00147
0.24836 0.75164
0.97597 0.02403
0.98225 0.01775
0.25899 0.74101
0.23237 0.76763
0.22509 0.77491
0.26558 0.73442
0.25582 0.74418
0.81411 0.18589
0.84481 0.15519
0.99984 0.00016
0.99985 0.00015
0.99389 0.00611
0.99401 0.00599
0.99382 0.00618
0.99395 0.00605
0.99827 0.00173
0.41026 0.58974
0.40801 0.59199
0.98978 0.01022
0.38159 0.61841
0.37998 0.62002
0.27881 0.72119
0.26391 0.73609
0.26391 0.73609
0.31832 0.68168
0.87535 0.12465
0.24690 0.75310
0.24690 0.75310
0.33326 0.66674
0.33076 0.66924
0.33076 0.66924
0.30278 0.69722
0.19385 0.80615
0.69228 0.30772
0.47316 0.52684
0.42489 0.57511
0.99701 0.00299
0.41617 0.58383
0.99893 0.00107
0.41986 0.58014
0.81539 0.18461
0.81539 0.18461
0.48898 0.51102
0.99815 0.00185
0.99815 0.00185
0.48943 0.51057
0.35755 0.64245
0.99723 0.00277
0.99723 0.00277
0.27388 0.72612
0.43628 0.56372
0.43872 0.56128
0.99333 0.00667
0.67527 0.32473
0.91860 0.08140
0.41511 0.58489
0.99342 0.00658
0.99342 0.00658
0.93448 0.06552
0.35133 0.64867
0.32061 0.67939
0.39547 0.60453
0.92805 0.07195
0.90766 0.09234
0.99955 0.00045
0.15327 0.84673
0.73092 0.26908
0.85770 0.14230
0.80728 0.19272
0.80728 0.19272
0.69211 0.30789
0.16242 0.83758
0.36299 0.63701
0.27775 0.72225
0.78072 0.21928
0.36299 0.63701
0.24910 0.75089
0.22442 0.77558
0.57173 0.42827
0.69212 0.30788
0.20790 0.79210
0.68813 0.31187
0.72559 0.27441
0.11989 0.88011
0.45791 0.54209
0.34031 0.65969
0.81587 0.18413
0.99880 0.00120
0.78808 0.21192
0.85719 0.14281
0.76056 0.23944
0.26623 0.73377
0.25608 0.74392
0.76056 0.23944
0.26623 0.73377
0.25608 0.74392
0.92339 0.07661
0.97329 0.02671
0.79373 0.20627
0.84653 0.15347
0.87064 0.12936
0.88125 0.11875
0.79996 0.20004
0.82913 0.17087
0.79996 0.20004
0.82913 0.17087
0.06096 0.93904
0.15910 0.84090
0.21817 0.78183
0.52656 0.47344
0.85864 0.14136
0.85864 0.14136
0.81574 0.18426
0.81574 0.18426
0.33650 0.66350
0.33650 0.66350
0.91735 0.08265
0.57640 0.42360
0.61038 0.38962
0.58768 0.41232
0.75133 0.24867
0.28908 0.71092
0.93485 0.06515
0.73573 0.26427
0.91822 0.08178
0.45237 0.54763
0.14410 0.85590
0.99141 0.00859
0.22624 0.77376
0.39588 0.60412
0.28348 0.71652
0.33214 0.66786
0.21888 0.78112
0.96781 0.03219
0.15798 0.84202
0.15798 0.84202
0.58971 0.41029
0.96285 0.03715
0.96884 0.03116
0.94257 0.05743
0.27543 0.72457
0.35474 0.64526
0.91204 0.08796
0.38088 0.61912
0.12914 0.87086
0.48302 0.51698
0.68324 0.31676
0.99917 0.00083
0.68324 0.31676
0.99917 0.00083
0.75647 0.24353
0.99767 0.00233
0.41399 0.58601
0.31188 0.68812
0.99865 0.00135
0.64560 0.35440
0.60942 0.39058
0.99673 0.00327
0.58742 0.41258
0.98627 0.01373
0.62267 0.37733
0.99768 0.00232
0.49575 0.50425
0.99866 0.00134
0.37925 0.62075
0.49575 0.50425
0.99866 0.00134
0.37925 0.62075
0.74035 0.25965
0.99647 0.00353
0.99976 0.00024
0.91629 0.08371
0.61866 0.38134
0.91614 0.08386
0.97789 0.02211
0.93278 0.06722
0.99314 0.00686
0.99230 0.00770
0.97680 0.02320
0.86675 0.13325
0.38712 0.61288
0.88730 0.11270
0.84652 0.15348
0.58997 0.41003
0.53295 0.46705
0.58367 0.41633
0.88714 0.11286
0.84300 0.15700
0.88220 0.11780
0.86680 0.13320
0.41813 0.58187
0.86165 0.13835
0.33965 0.66035
0.67179 0.32821
0.44928 0.55072
0.99941 0.00059
0.88836 0.11164
0.84062 0.15938
0.88792 0.11208
0.77031 0.22969
0.76971 0.23029
0.99164 0.00836
0.34511 0.65489
0.27307 0.72693
0.77183 0.22817
0.99953 0.00047
0.90198 0.09802
0.92357 0.07643
0.99941 0.00059
0.45471 0.54529
0.90926 0.09074
0.76823 0.23177
0.59240 0.40760
0.21429 0.78571
0.15919 0.84081
0.62721 0.37279
0.77669 0.22331
0.80444 0.19556
0.37972 0.62028
0.77669 0.22331
0.77669 0.22331
0.80376 0.19624
0.74682 0.25318
0.27126 0.72874
0.83840 0.16160
0.99265 0.00735
0.89900 0.10100
0.21958 0.78042
0.17449 0.82551
0.77881 0.22119
0.30143 0.69857
0.99555 0.00445
0.29619 0.70381
0.95613 0.04387
0.30028 0.69972
0.32308 0.67692
0.32531 0.67469
0.22413 0.77587
0.22413 0.77587
0.35496 0.64504
0.35496 0.64504
0.08164 0.91836
0.86123 0.13877
0.19353 0.80647
0.22397 0.77603
0.24627 0.75373
0.35609 0.64391
0.34130 0.65870
0.35040 0.64960
0.34328 0.65672
0.35609 0.64391
0.34130 0.65870
0.35040 0.64960
0.34328 0.65672
0.26285 0.73715
0.99900 0.00100
0.84389 0.15611
0.82880 0.17120
0.14996 0.85004
0.35411 0.64589
0.17654 0.82346
0.36218 0.63782
0.53863 0.46137
0.82337 0.17663
0.79260 0.20740
0.81572 0.18428
0.78123 0.21877
0.78123 0.21877
0.81396 0.18604
0.62391 0.37609
0.79660 0.20340
0.81572 0.18428
0.78123 0.21877
0.78123 0.21877
0.81396 0.18604
0.62391 0.37609
0.79660 0.20340
0.81572 0.18428
0.78123 0.21877
0.78123 0.21877
0.81396 0.18604
0.62391 0.37609
0.79660 0.20340
0.82959 0.17041
0.82959 0.17041
0.82466 0.17534
0.87023 0.12977
0.39567 0.60433
0.62581 0.37419
0.75561 0.24439
0.72824 0.27176
0.70404 0.29596
0.65930 0.34070
0.74395 0.25605
0.18711 0.81289
0.89274 0.10726
0.92443 0.07557
0.92443 0.07557
0.81522 0.18478
0.55925 0.44075
0.55925 0.44075
0.92956 0.07044
0.90284 0.09716
0.99957 0.00043
0.99750 0.00250
0.44344 0.55656
0.82223 0.17777
0.82223 0.17777
0.27200 0.72800
0.92543 0.07457
0.24788 0.75212
0.91112 0.08888
0.50109 0.49891
0.99158 0.00842
0.24034 0.75966
0.98108 0.01892
0.25851 0.74149
0.98343 0.01657
0.17137 0.82863
0.17204 0.82796
0.17137 0.82863
0.17204 0.82796
0.17289 0.82711
0.23114 0.76886
0.74409 0.25591
0.66664 0.33336
0.38863 0.61137
0.21698 0.78302
0.38153 0.61847
0.95842 0.04158
0.94013 0.05987
0.98500 0.01500
0.26326 0.73674
0.26312 0.73688
0.99943 0.00057
0.99945 0.00055
0.31893 0.68107
0.35278 0.64722
0.98821 0.01179
0.99820 0.00180
0.99917 0.00083
0.94537 0.05463
0.18785 0.81215
0.19005 0.80995
0.17117 0.82883
0.17294 0.82706
0.71774 0.28226
0.25303 0.74697
0.90210 0.09790
0.23147 0.76853
0.23467 0.76533
0.23147 0.76853
0.21334 0.78666
0.21334 0.78666
0.21559 0.78441
0.18070 0.81930
0.60120 0.39880
0.99930 0.00070
0.60120 0.39880
0.96672 0.03328
0.89089 0.10911
0.98862 0.01138
0.99879 0.00121
0.99850 0.00150
0.99506 0.00494
0.99407 0.00593
0.95712 0.04288
0.99797 0.00203
0.81286 0.18714
0.83922 0.16078
0.04366 0.95634
0.21913 0.78087
0.21913 0.78087
0.17972 0.82028
0.34123 0.65877
0.36651 0.63349
0.45240 0.54760
0.31771 0.68229
0.43621 0.56379
0.50513 0.49487
0.39141 0.60859
0.27834 0.72166
0.51933 0.48067
0.40551 0.59449
0.58980 0.41020
0.51933 0.48067
0.40551 0.59449
0.58980 0.41020
0.61681 0.38319
0.58281 0.41719
0.76312 0.23688
0.71449 0.28551
0.59412 0.40588
0.54168 0.45832
0.53207 0.46793
0.48059 0.51941
0.83501 0.16499
0.11981 0.88019
0.12082 0.87918
0.82107 0.17893
0.38195 0.61805
0.90543 0.09457
0.98672 0.01328
0.98033 0.01967
0.38041 0.61959
0.44218 0.55782
0.38579 0.61421
0.61049 0.38951
0.13759 0.86241
0.50686 0.49314
0.94730 0.05271
0.94783 0.05217
0.24737 0.75263
0.30257 0.69743
0.38490 0.61510
0.93849 0.06151
0.91234 0.08766
0.99972 0.00028
0.41236 0.58764
0.99994 0.00006
0.39274 0.60726
0.39274 0.60726
0.43828 0.56172
0.39344 0.60656
0.15135 0.84865
0.20386 0.79614
0.11971 0.88029
0.17289 0.82711
0.95575 0.04425
0.16509 0.83491
0.37424 0.62576
0.98123 0.01877
0.98123 0.01877
0.80140 0.19860
0.36524 0.63476
0.97230 0.02770
0.93550 0.06450
0.99779 0.00221
0.99326 0.00674
0.99781 0.00219
0.54731 0.45269
0.95814 0.04186
0.66059 0.33941
0.20548 0.79452
0.21024 0.78976
0.22344 0.77656
0.22257 0.77743
0.13960 0.86040
0.13674 0.86326
0.21549 0.78451
0.12790 0.87210
0.50851 0.49149
0.80100 0.19900
0.99853 0.00147
0.34109 0.65891
0.20356 0.79644
0.21731 0.78269
0.83944 0.16056
0.70278 0.29722
0.40824 0.59176
0.58970 0.41030
0.58970 0.41030
0.22110 0.77890
0.22110 0.77890
0.29802 0.70198
0.65066 0.34934
0.19585 0.80415
0.24013 0.75987
0.46261 0.53739
0.41789 0.58211
0.81519 0.18481
0.30031 0.69969
0.17171 0.82829
0.15088 0.84912
0.48512 0.51488
0.48512 0.51488
0.56624 0.43376
0.56943 0.43057
0.48512 0.51488
0.48512 0.51488
0.56624 0.43376
0.56943 0.43057
0.39136 0.60864
0.30713 0.69287
0.29873 0.70127
0.38603 0.61397
0.30713 0.69287
0.29873 0.70127
0.38603 0.61397
0.45864 0.54136
0.45864 0.54136
0.53948 0.46052
0.45864 0.54136
0.45864 0.54136
0.53948 0.46052
0.25707 0.74293
0.44602 0.55398
0.44602 0.55398
0.53704 0.46296
0.44602 0.55398
0.44602 0.55398
0.53704 0.46296
0.87726 0.12274
0.99937 0.00063
0.99149 0.00851
0.99491 0.00509
0.99970 0.00030
0.87974 0.12026
0.60777 0.39223
0.98994 0.01006
0.99290 0.00710
0.88490 0.11510
0.96127 0.03873
0.97101 0.02899
0.42274 0.57726
0.53750 0.46250
0.99555 0.00445
0.37303 0.62697
0.48565 0.51435
0.50526 0.49474
0.53056 0.46944
0.99935 0.00065
0.46077 0.53923
0.53835 0.46165
0.89150 0.10850
0.99458 0.00542
0.86228 0.13772
0.48028 0.51972
0.45769 0.54231
0.97315 0.02685
0.99616 0.00384
0.85685 0.14315
0.58592 0.41408
0.88502 0.11498
0.99406 0.00594
0.09698 0.90302
0.18395 0.81605
0.44102 0.55898
0.79857 0.20143
0.79857 0.20143
0.42800 0.57200
0.92994 0.07006
0.86958 0.13042
0.44742 0.55258
0.47380 0.52620
0.47380 0.52620
0.47380 0.52620
0.44113 0.55887
0.23139 0.76861
0.23210 0.76790
0.22297 0.77703
0.66879 0.33121
0.43784 0.56216
0.43784 0.56216
0.43784 0.56216
0.43784 0.56216
0.34861 0.65139
0.23720 0.76280
0.21400 0.78600
0.48195 0.51805
0.43776 0.56224
0.17913 0.82087
0.87702 0.12298
0.17996 0.82004
0.98172 0.01828
0.72278 0.27722
0.24958 0.75042
0.78204 0.21796
0.78204 0.21796
0.99793 0.00207
0.89904 0.10096
0.26703 0.73297
0.80744 0.19256
0.22631 0.77369
0.14769 0.85231
0.99243 0.00757
0.56234 0.43766
0.99446 0.00554
0.30170 0.69830
0.28818 0.71182
0.50858 0.49142
0.51315 0.48685
0.89049 0.10951
0.93158 0.06842
0.93158 0.06842
0.92331 0.07669
0.93158 0.06842
0.93158 0.06842
0.92331 0.07669
0.76473 0.23527
0.76473 0.23527
0.90405 0.09595
0.32357 0.67643
0.82745 0.17255
0.82745 0.17255
0.84053 0.15947
0.82745 0.17255
0.82745 0.17255
0.84053 0.15947
0.99439 0.00561
0.99234 0.00766
0.97294 0.02706
0.24170 0.75830
0.26379 0.73621
0.96923 0.03077
0.34051 0.65949
0.34367 0.65633
0.85627 0.14373
0.52373 0.47627
0.89169 0.10831
0.94594 0.05406
0.66236 0.33764
0.85373 0.14627
0.94904 0.05096
0.94904 0.05096
0.85373 0.14627
0.89545 0.10455
0.86285 0.13715
0.97812 0.02188
0.83547 0.16453
0.95050 0.04950
0.35549 0.64451
0.98850 0.01150
0.98355 0.01645
0.84219 0.15781
0.74305 0.25695
0.25569 0.74431
0.73296 0.26704
0.89707 0.10293
0.70109 0.29891
0.63864 0.36136
0.51277 0.48723
0.99953 0.00047
0.99515 0.00485
0.99954 0.00046
0.99624 0.00376
0.99995 0.00005
0.99992 0.00008
0.99509 0.00491
0.99509 0.00491
0.77322 0.22678
0.77322 0.22678
0.95104 0.04896
0.95104 0.04896
0.95104 0.04896
0.70964 0.29036
0.70964 0.29036
0.70964 0.29036
0.67926 0.32074
0.62339 0.37661
0.36671 0.63329
0.36333 0.63667
0.99002 0.00998
0.39857 0.60143
0.99002 0.00998
0.39857 0.60143
0.99002 0.00998
0.39857 0.60143
0.39197 0.60803
0.39197 0.60803
0.31850 0.68150
0.31189 0.68811
0.31189 0.68811
0.29851 0.70149
0.29345 0.70655
0.29345 0.70655
0.32762 0.67238
0.99768 0.00232
0.99874 0.00126
