0.55903 0.44097
0.63545 0.36455
0.60108 0.39892
0.59222 0.40778
0.59222 0.40778
0.60459 0.39541
0.62196 0.37804
0.61218 0.38782
0.62079 0.37921
0.59094 0.40906
0.60635 0.39365
0.60930 0.39070
0.63914 0.36086
0.64684 0.35316
0.62142 0.37858
0.63497 0.36503
0.63671 0.36329
0.65764 0.34236
0.65764 0.34236
0.62990 0.37010
0.65193 0.34807
0.65967 0.34033
0.65193 0.34807
0.65967 0.34033
0.63173 0.36827
0.62707 0.37293
0.61118 0.38882
0.63052 0.36948
0.63173 0.36827
0.62707 0.37293
0.61118 0.38882
0.63052 0.36948
0.63725 0.36275
0.64004 0.35996
0.63163 0.36837
0.59591 0.40409
0.63041 0.36959
0.61542 0.38458
0.63750 0.36250
0.64548 0.35452
0.60781 0.39219
0.60800 0.39200
0.62561 0.37439
0.65453 0.34547
0.62080 0.37920
0.62556 0.37444
0.59871 0.40129
0.64411 0.35589
0.64509 0.35491
0.60447 0.39553
0.60843 0.39157
0.68964 0.31036
0.68951 0.31049
0.68964 0.31036
0.62842 0.37158
0.62830 0.37170
0.60775 0.39225
0.58970 0.41030
0.60276 0.39724
0.65505 0.34495
0.71274 0.28726
0.70970 0.29030
0.69282 0.30718
0.69005 0.30995
0.69391 0.30609
0.67774 0.32226
0.60579 0.39421
0.65480 0.34520
0.63432 0.36568
0.63250 0.36750
0.60040 0.39960
0.61211 0.38789
0.64862 0.35138
0.63116 0.36884
0.64453 0.35547
0.66206 0.33794
0.62939 0.37061
0.63402 0.36598
0.63844 0.36156
0.63844 0.36156
0.63844 0.36156
0.63844 0.36156
0.66077 0.33923
0.66077 0.33923
0.65067 0.34933
0.60426 0.39574
0.60363 0.39637
0.60363 0.39637
0.61648 0.38352
0.61597 0.38403
0.61740 0.38260
0.61622 0.38378
0.61696 0.38304
0.66325 0.33675
0.66346 0.33654
0.66625 0.33375
0.66469 0.33531
0.64209 0.35791
0.64956 0.35044
0.60907 0.39093
0.60470 0.39530
0.63674 0.36326
0.61731 0.38269
0.61122 0.38878
0.61226 0.38774
0.60864 0.39136
0.63279 0.36721
0.62885 0.37115
0.65343 0.34657
0.65858 0.34142
0.65437 0.34563
0.65237 0.34763
0.66487 0.33513
0.62607 0.37393
0.54758 0.45242
0.59500 0.40500
0.60510 0.39490
0.60789 0.39211
0.60708 0.39292
0.60972 0.39028
0.59115 0.40885
0.60164 0.39836
0.59691 0.40309
0.66532 0.33468
0.67016 0.32984
0.66143 0.33857
0.58629 0.41371
0.62983 0.37017
0.61844 0.38156
0.61481 0.38519
0.65373 0.34627
0.65373 0.34627
0.59385 0.40615
0.60875 0.39125
0.60186 0.39814
0.62046 0.37954
0.65157 0.34843
0.61559 0.38441
0.67637 0.32363
0.64580 0.35420
0.67926 0.32074
0.64769 0.35231
0.67926 0.32074
0.64769 0.35231
0.66219 0.33781
0.66031 0.33969
0.63151 0.36849
0.64252 0.35748
0.63380 0.36620
0.63315 0.36685
0.62389 0.37611
0.60913 0.39087
0.64676 0.35324
0.62372 0.37628
0.60836 0.39164
0.59130 0.40870
0.66551 0.33449
0.67311 0.32689
0.66009 0.33991
0.67367 0.32633
0.67358 0.32642
0.66366 0.33634
0.66979 0.33021
0.66424 0.33576
0.66366 0.33634
0.64771 0.35229
0.58671 0.41329
0.62149 0.37851
0.62687 0.37313
0.62218 0.37782
0.70427 0.29573
0.69224 0.30776
0.70326 0.29674
0.69736 0.30264
0.62599 0.37401
0.65683 0.34317
0.64653 0.35347
0.62641 0.37359
0.58949 0.41051
0.60120 0.39880
0.59830 0.40170
0.63653 0.36347
0.64483 0.35517
0.64199 0.35801
0.65910 0.34090
0.64986 0.35014
0.69242 0.30758
0.59962 0.40038
0.59012 0.40988
0.58570 0.41430
0.65024 0.34976
0.64825 0.35175
0.62140 0.37860
0.66769 0.33231
0.66769 0.33231
0.59461 0.40539
0.65500 0.34500
0.63026 0.36974
0.68256 0.31744
0.67167 0.32833
0.59828 0.40172
0.63433 0.36567
0.62009 0.37991
0.62421 0.37579
0.61615 0.38385
0.62016 0.37984
0.62330 0.37670
0.61521 0.38479
0.61447 0.38553
0.63085 0.36915
0.62313 0.37687
0.64415 0.35585
0.64206 0.35794
0.64206 0.35794
0.64988 0.35012
0.64128 0.35872
0.65112 0.34888
0.64128 0.35872
0.66040 0.33959
0.62565 0.37435
0.65492 0.34508
0.64380 0.35620
0.59381 0.40619
0.66298 0.33702
0.69820 0.30180
0.73408 0.26592
0.70111 0.29889
0.66910 0.33090
0.65734 0.34266
0.65080 0.34920
0.64976 0.35024
0.65422 0.34578
0.62336 0.37664
0.67260 0.32740
0.66022 0.33978
0.65046 0.34954
0.66357 0.33643
0.64945 0.35055
0.63400 0.36600
0.64474 0.35526
0.67086 0.32914
0.64474 0.35526
0.67086 0.32914
0.55872 0.44128
0.55539 0.44461
0.63091 0.36909
0.62758 0.37242
0.65899 0.34101
0.65341 0.34659
0.64071 0.35929
0.64309 0.35691
0.68060 0.31940
0.69554 0.30446
0.68060 0.31940
0.67377 0.32623
0.66580 0.33420
0.68935 0.31065
0.67171 0.32829
0.66308 0.33692
0.66308 0.33692
0.65812 0.34188
0.65812 0.34188
0.58178 0.41822
0.61319 0.38681
0.65369 0.34631
0.64141 0.35859
0.64924 0.35076
0.63492 0.36508
0.64269 0.35731
0.65569 0.34431
0.66400 0.33600
0.66272 0.33728
0.63807 0.36193
0.61623 0.38377
0.61246 0.38754
0.66361 0.33639
0.63673 0.36327
0.63245 0.36755
0.64720 0.35280
0.63831 0.36169
0.67336 0.32664
0.66394 0.33606
0.67336 0.32664
0.66394 0.33606
0.65057 0.34943
0.62435 0.37565
0.65559 0.34441
0.64538 0.35462
0.64538 0.35462
0.63628 0.36372
0.63381 0.36619
0.63622 0.36378
0.64472 0.35528
0.67914 0.32086
0.60704 0.39296
0.60217 0.39783
0.60248 0.39752
0.67782 0.32218
0.66346 0.33654
0.66346 0.33654
0.67077 0.32923
0.67818 0.32182
0.66346 0.33654
0.66346 0.33654
0.66974 0.33026
0.55918 0.44082
0.58031 0.41969
0.60312 0.39688
0.61000 0.39000
0.60765 0.39235
0.61644 0.38356
0.64529 0.35471
0.66000 0.34000
0.65854 0.34146
0.65897 0.34103
0.64224 0.35776
0.64414 0.35586
0.66711 0.33289
0.66711 0.33289
0.66711 0.33289
0.66711 0.33289
0.61990 0.38010
0.57265 0.42735
0.57265 0.42735
0.65937 0.34063
0.60756 0.39244
0.65686 0.34314
0.67031 0.32969
0.62527 0.37473
0.62527 0.37473
0.65755 0.34245
0.67109 0.32891
0.67184 0.32816
0.63335 0.36665
0.61515 0.38485
0.58060 0.41940
0.63636 0.36364
0.61049 0.38951
0.59643 0.40357
0.59643 0.40357
0.62713 0.37287
0.60353 0.39647
0.63756 0.36244
0.60990 0.39010
0.63738 0.36262
0.66018 0.33982
0.63218 0.36782
0.65701 0.34299
0.61137 0.38863
0.59901 0.40099
0.64342 0.35658
0.62681 0.37319
0.59864 0.40136
0.62850 0.37150
0.64292 0.35708
0.63885 0.36115
0.66755 0.33245
0.65573 0.34427
0.63348 0.36652
0.63359 0.36641
0.63493 0.36507
0.66477 0.33523
0.65290 0.34710
0.63071 0.36929
0.64136 0.35864
0.58783 0.41217
0.58844 0.41156
0.63656 0.36344
0.62137 0.37863
0.65624 0.34376
0.64118 0.35882
0.68485 0.31515
0.68485 0.31515
0.62866 0.37134
0.56894 0.43106
0.58131 0.41869
0.62597 0.37403
0.63339 0.36661
0.66330 0.33670
0.65938 0.34062
0.67815 0.32185
0.68479 0.31521
0.67420 0.32580
0.68076 0.31924
0.67439 0.32561
0.67439 0.32561
0.66404 0.33596
0.66404 0.33596
0.67308 0.32692
0.66936 0.33064
0.65144 0.34856
0.60430 0.39570
0.62702 0.37298
0.57765 0.42235
0.56992 0.43008
0.59622 0.40378
0.58714 0.41286
0.59622 0.40378
0.58714 0.41286
0.64797 0.35203
0.60205 0.39795
0.64332 0.35668
0.59369 0.40631
0.60165 0.39835
0.59353 0.40647
0.60151 0.39849
0.61720 0.38280
0.63887 0.36113
0.61769 0.38231
0.64261 0.35739
0.63200 0.36800
0.61773 0.38227
0.66081 0.33919
0.63186 0.36814
0.61760 0.38240
0.66068 0.33932
0.64226 0.35774
0.64213 0.35787
0.66217 0.33783
0.65120 0.34880
0.66613 0.33387
0.69397 0.30603
0.72099 0.27901
0.72099 0.27901
0.69523 0.30477
0.69523 0.30477
0.64300 0.35700
0.65519 0.34481
0.65519 0.34481
0.64603 0.35397
0.62073 0.37927
0.63344 0.36656
0.63344 0.36656
0.62269 0.37731
0.63706 0.36294
0.63587 0.36413
0.65268 0.34732
0.65124 0.34876
0.70150 0.29850
0.70150 0.29850
0.67769 0.32231
0.67769 0.32231
0.63400 0.36600
0.64601 0.35399
0.64284 0.35716
0.63483 0.36517
0.64089 0.35911
0.64040 0.35960
0.65806 0.34194
0.62939 0.37061
0.64494 0.35506
0.73724 0.26276
0.60192 0.39808
0.65717 0.34283
0.64334 0.35666
0.67540 0.32460
0.64491 0.35509
0.63274 0.36726
0.66627 0.33373
0.67221 0.32779
0.68075 0.31925
0.58293 0.41707
0.58576 0.41424
0.58049 0.41951
0.58332 0.41668
0.64681 0.35319
0.64144 0.35856
0.65571 0.34429
0.62966 0.37034
0.63190 0.36810
0.64602 0.35398
0.67170 0.32830
0.64975 0.35025
0.61781 0.38219
0.61371 0.38629
0.64053 0.35947
0.66221 0.33779
0.64943 0.35057
0.67088 0.32912
0.67899 0.32101
0.66495 0.33505
0.66495 0.33505
0.67899 0.32101
0.65676 0.34324
0.64665 0.35335
0.61645 0.38355
0.61124 0.38876
0.54202 0.45798
0.62605 0.37395
0.63351 0.36649
0.62875 0.37125
0.64694 0.35306
0.60805 0.39195
0.59841 0.40159
0.60806 0.39194
0.61836 0.38164
0.65142 0.34858
0.64526 0.35474
0.60602 0.39398
0.62811 0.37189
0.63316 0.36684
0.63610 0.36390
0.64004 0.35996
0.61240 0.38760
0.65913 0.34087
0.65275 0.34725
0.62537 0.37463
0.61589 0.38411
0.59636 0.40364
0.61741 0.38259
0.61986 0.38014
0.69002 0.30998
0.66765 0.33235
0.66296 0.33704
0.68316 0.31684
0.61208 0.38792
0.60625 0.39375
0.67461 0.32539
0.61673 0.38327
0.61732 0.38268
0.62956 0.37044
0.61211 0.38789
0.61655 0.38345
0.62298 0.37702
0.61841 0.38159
0.61243 0.38757
0.63122 0.36878
0.61550 0.38450
0.60929 0.39071
0.69197 0.30803
0.65457 0.34543
0.65548 0.34452
0.65752 0.34248
0.64505 0.35495
0.66649 0.33351
0.66347 0.33653
0.68992 0.31008
0.65045 0.34955
0.63824 0.36176
0.65872 0.34128
0.65615 0.34385
0.68194 0.31806
0.62401 0.37599
0.61712 0.38288
0.61954 0.38046
0.61675 0.38325
0.61925 0.38075
0.63644 0.36356
0.62787 0.37213
0.67964 0.32036
0.69188 0.30812
0.69572 0.30428
0.70483 0.29517
0.65802 0.34198
0.66256 0.33744
0.64721 0.35279
0.66641 0.33359
0.64721 0.35279
0.66641 0.33359
0.66817 0.33183
0.68510 0.31490
0.61503 0.38497
0.63223 0.36777
0.64646 0.35354
0.60226 0.39774
0.62129 0.37871
0.65560 0.34440
0.66074 0.33926
0.67445 0.32555
0.67409 0.32591
0.61170 0.38830
0.59144 0.40856
0.62188 0.37812
0.61200 0.38800
0.63878 0.36122
0.64866 0.35134
0.65083 0.34917
0.64593 0.35407
0.71459 0.28541
0.63827 0.36173
0.62223 0.37777
0.61370 0.38630
0.62790 0.37210
0.63849 0.36151
0.62457 0.37543
0.57361 0.42639
0.62230 0.37770
0.57449 0.42551
0.60026 0.39974
0.69895 0.30105
0.58098 0.41902
0.58950 0.41050
0.66711 0.33289
0.63901 0.36099
0.69201 0.30799
0.64825 0.35175
0.66947 0.33053
0.64344 0.35656
0.63249 0.36751
0.64561 0.35439
0.65959 0.34041
0.66159 0.33841
0.67158 0.32842
0.62519 0.37481
0.63294 0.36706
0.64235 0.35765
0.62308 0.37692
0.63136 0.36864
0.62591 0.37409
0.62940 0.37060
0.66391 0.33609
0.66787 0.33213
0.62250 0.37750
0.71826 0.28174
0.69811 0.30189
0.65758 0.34242
0.64622 0.35378
0.61509 0.38491
0.63974 0.36026
0.65403 0.34597
0.62360 0.37640
0.64806 0.35194
0.66189 0.33811
0.62578 0.37422
0.66130 0.33870
0.61743 0.38257
0.65283 0.34717
0.63330 0.36670
0.64231 0.35769
0.57448 0.42552
0.56814 0.43186
0.59459 0.40541
0.59089 0.40911
0.62710 0.37290
0.59107 0.40893
0.62241 0.37759
0.58730 0.41270
0.63088 0.36912
0.65969 0.34031
0.64314 0.35686
0.66787 0.33213
0.63805 0.36195
0.58754 0.41246
0.59126 0.40874
0.59126 0.40874
0.64656 0.35344
0.61171 0.38829
0.63093 0.36907
0.64548 0.35452
0.64534 0.35466
0.69027 0.30973
0.56853 0.43147
0.57085 0.42915
0.63062 0.36938
0.62110 0.37890
0.66230 0.33770
0.66614 0.33386
0.66398 0.33602
0.66786 0.33214
0.66051 0.33949
0.66433 0.33567
0.67398 0.32602
0.67741 0.32259
0.67163 0.32837
0.67565 0.32435
0.60800 0.39200
0.60545 0.39455
0.59390 0.40610
0.58787 0.41213
0.63488 0.36512
0.63488 0.36512
0.64773 0.35227
0.64773 0.35227
0.64876 0.35124
0.64876 0.35124
0.65874 0.34126
0.65874 0.34126
0.65058 0.34942
0.65058 0.34942
0.63975 0.36025
0.63975 0.36025
0.60033 0.39967
0.65263 0.34737
0.63672 0.36328
0.64035 0.35965
0.62595 0.37405
0.60650 0.39350
0.63432 0.36568
0.61596 0.38404
0.64885 0.35115
0.66504 0.33496
0.66282 0.33718
0.64926 0.35074
0.62185 0.37815
0.63523 0.36477
0.63219 0.36781
0.63219 0.36781
0.67903 0.32097
0.68015 0.31985
0.67888 0.32112
0.70640 0.29360
0.70762 0.29238
0.70622 0.29378
0.67227 0.32773
0.66595 0.33405
0.62732 0.37268
0.63441 0.36559
0.62889 0.37111
0.68510 0.31490
0.69187 0.30813
0.64960 0.35040
0.67409 0.32591
0.69623 0.30377
0.67505 0.32495
0.60762 0.39238
0.60295 0.39705
0.60295 0.39705
0.60762 0.39238
0.62658 0.37342
0.65489 0.34511
0.63982 0.36018
0.66674 0.33326
0.68365 0.31635
0.66269 0.33731
0.67918 0.32081
0.66786 0.33214
0.66786 0.33214
0.64239 0.35761
0.62098 0.37902
0.61355 0.38645
0.60421 0.39579
0.61384 0.38616
0.63299 0.36701
0.59194 0.40806
0.60698 0.39302
0.60625 0.39375
0.60495 0.39505
0.60427 0.39573
0.61599 0.38401
0.61127 0.38873
0.65978 0.34022
0.65873 0.34127
0.65097 0.34903
0.65004 0.34996
0.65978 0.34022
0.65873 0.34127
0.65097 0.34903
0.65004 0.34996
0.66161 0.33839
0.66068 0.33932
0.68422 0.31578
0.64369 0.35631
0.70227 0.29773
0.70104 0.29896
0.63438 0.36562
0.64741 0.35259
0.61991 0.38009
0.66058 0.33942
0.67043 0.32957
0.66058 0.33942
0.67043 0.32957
0.61899 0.38101
0.61899 0.38101
0.61899 0.38101
0.61899 0.38101
0.63681 0.36319
0.61370 0.38630
0.59979 0.40021
0.67505 0.32495
0.61351 0.38649
0.61576 0.38424
0.59972 0.40028
0.58801 0.41199
0.61611 0.38389
0.62052 0.37948
0.60350 0.39650
0.60994 0.39006
0.59315 0.40685
0.67028 0.32972
0.62814 0.37186
0.65029 0.34971
0.66346 0.33654
0.66747 0.33253
0.64283 0.35717
0.67150 0.32850
0.60393 0.39607
0.70959 0.29041
0.69863 0.30137
0.65275 0.34725
0.62780 0.37220
0.60086 0.39914
0.59208 0.40792
0.61623 0.38377
0.65814 0.34186
0.66586 0.33414
0.65263 0.34737
0.65463 0.34537
0.65635 0.34365
0.63144 0.36856
0.64490 0.35510
0.61566 0.38434
0.66202 0.33798
0.63246 0.36754
0.61889 0.38111
0.65611 0.34389
0.61219 0.38781
0.62325 0.37675
0.62325 0.37675
0.65209 0.34791
0.65310 0.34690
0.64596 0.35404
0.64409 0.35591
0.62620 0.37380
0.62260 0.37740
0.60569 0.39431
0.66455 0.33545
0.66472 0.33528
0.65271 0.34729
0.68219 0.31781
0.68255 0.31745
0.65005 0.34995
0.69138 0.30862
0.69135 0.30865
0.68603 0.31397
0.59620 0.40380
0.59631 0.40369
0.63092 0.36908
0.61685 0.38315
0.61346 0.38654
0.61680 0.38320
0.63232 0.36768
0.63129 0.36871
0.61346 0.38654
0.61680 0.38320
0.62203 0.37797
0.62203 0.37797
0.60608 0.39392
0.61396 0.38604
0.62359 0.37641
0.62577 0.37423
0.62975 0.37025
0.62814 0.37186
0.59383 0.40617
0.59078 0.40922
0.62477 0.37523
0.58471 0.41529
0.66368 0.33632
0.68209 0.31791
0.68140 0.31860
0.60861 0.39139
0.63740 0.36260
0.64874 0.35126
0.63703 0.36297
0.65761 0.34239
0.65761 0.34239
0.60980 0.39020
0.64211 0.35789
0.64061 0.35939
0.62708 0.37292
0.62821 0.37179
0.66105 0.33895
0.65858 0.34142
0.65221 0.34779
0.63371 0.36629
0.67899 0.32101
0.67530 0.32470
0.69409 0.30591
0.69276 0.30724
0.67996 0.32004
0.63132 0.36868
0.63132 0.36868
0.64582 0.35418
0.64582 0.35418
0.63430 0.36570
0.63430 0.36570
0.64865 0.35135
0.65874 0.34126
0.61276 0.38724
0.62359 0.37641
0.62359 0.37641
0.61385 0.38615
0.61385 0.38615
0.62258 0.37742
0.62258 0.37742
0.65600 0.34400
0.66896 0.33104
0.63945 0.36055
0.60376 0.39624
0.60183 0.39817
0.60596 0.39404
0.68597 0.31403
0.66016 0.33984
0.67895 0.32105
0.59263 0.40737
0.64505 0.35495
0.64533 0.35467
0.64533 0.35467
0.67663 0.32337
0.65351 0.34649
0.60171 0.39829
0.63160 0.36840
0.64201 0.35799
0.64204 0.35796
0.63558 0.36442
0.65399 0.34601
0.65399 0.34601
0.63341 0.36659
0.66173 0.33827
0.66170 0.33830
0.67181 0.32819
0.66127 0.33873
0.65928 0.34072
0.65075 0.34925
0.63556 0.36444
0.59855 0.40145
0.60145 0.39855
0.61500 0.38500
0.61364 0.38636
0.61500 0.38500
0.61364 0.38636
0.64607 0.35393
0.62328 0.37672
0.62755 0.37245
0.61343 0.38657
0.55985 0.44015
0.61923 0.38077
0.61142 0.38858
0.58538 0.41462
0.63925 0.36075
0.67015 0.32985
0.64765 0.35235
0.60113 0.39887
0.64127 0.35873
0.69408 0.30592
0.67080 0.32920
0.62262 0.37738
0.61729 0.38271
0.58105 0.41895
0.65131 0.34869
0.62907 0.37093
0.62364 0.37636
0.62364 0.37636
0.62454 0.37546
0.68768 0.31232
0.60810 0.39190
0.60315 0.39685
0.60349 0.39651
0.60540 0.39460
0.62370 0.37630
0.61810 0.38190
0.64208 0.35792
0.64394 0.35606
0.63466 0.36534
0.61153 0.38847
0.58204 0.41796
0.64140 0.35860
0.62768 0.37232
0.64615 0.35385
0.66680 0.33320
0.64974 0.35026
0.64081 0.35919
0.60921 0.39079
0.55295 0.44705
0.61703 0.38297
0.62310 0.37690
0.57012 0.42988
0.59570 0.40430
0.60654 0.39346
0.59886 0.40114
0.59767 0.40233
0.64696 0.35304
0.65540 0.34460
0.61817 0.38183
0.61817 0.38183
0.67455 0.32545
0.62453 0.37547
0.62295 0.37705
0.62453 0.37547
0.62201 0.37799
0.62453 0.37547
0.62453 0.37547
0.62295 0.37705
0.62453 0.37547
0.62201 0.37799
0.62453 0.37547
0.62453 0.37547
0.62295 0.37705
0.62453 0.37547
0.62201 0.37799
0.62453 0.37547
0.62117 0.37883
0.61776 0.38224
0.67267 0.32733
0.67703 0.32297
0.59600 0.40400
0.66808 0.33192
0.66960 0.33040
0.58188 0.41812
0.66174 0.33826
0.65714 0.34286
0.61478 0.38522
0.60847 0.39153
0.62050 0.37950
0.61341 0.38659
0.60720 0.39280
0.63834 0.36166
0.62100 0.37900
0.63834 0.36166
0.62100 0.37900
0.62344 0.37656
0.61287 0.38713
0.59591 0.40409
0.63280 0.36720
0.63649 0.36351
0.64115 0.35885
0.63280 0.36720
0.63671 0.36329
0.63993 0.36007
0.63319 0.36681
0.62939 0.37061
0.63827 0.36173
0.63319 0.36681
0.62939 0.37061
0.63827 0.36173
0.64460 0.35540
0.64460 0.35540
0.64460 0.35540
0.64460 0.35540
0.57938 0.42062
0.61853 0.38147
0.61085 0.38915
0.59726 0.40274
0.66721 0.33279
0.62082 0.37918
0.62447 0.37553
0.60780 0.39220
0.60776 0.39224
0.68599 0.31401
0.69777 0.30223
0.69180 0.30820
0.66764 0.33236
0.67240 0.32760
0.68068 0.31932
0.68035 0.31965
0.66764 0.33236
0.67240 0.32760
0.68068 0.31932
0.61667 0.38333
0.60295 0.39705
0.61291 0.38709
0.64035 0.35965
0.64726 0.35274
0.65859 0.34141
0.65278 0.34722
0.60786 0.39214
0.62244 0.37756
0.59521 0.40479
0.62943 0.37057
0.62730 0.37270
0.65205 0.34795
0.65205 0.34795
0.67838 0.32162
0.65885 0.34115
0.68054 0.31946
0.64927 0.35073
0.67624 0.32376
0.63953 0.36047
0.66684 0.33316
0.58718 0.41282
0.62338 0.37662
0.59802 0.40198
0.61240 0.38760
0.60269 0.39731
0.60406 0.39594
0.62118 0.37882
0.60829 0.39171
0.58569 0.41431
0.65523 0.34477
0.65266 0.34734
0.64396 0.35604
0.61681 0.38319
0.63205 0.36795
0.60716 0.39284
0.62278 0.37722
0.69302 0.30698
0.67051 0.32949
0.61221 0.38779
0.63923 0.36077
0.61253 0.38747
0.64070 0.35930
0.61996 0.38004
0.63223 0.36777
0.64721 0.35279
0.66778 0.33222
0.64638 0.35362
0.63876 0.36124
0.62412 0.37588
0.62412 0.37588
0.62210 0.37790
0.61845 0.38155
0.62532 0.37468
0.63439 0.36561
0.65411 0.34589
0.65411 0.34589
0.64353 0.35647
0.67079 0.32921
0.66135 0.33865
0.63847 0.36153
0.64832 0.35168
0.64462 0.35538
0.66032 0.33968
0.66708 0.33292
0.62535 0.37465
0.59538 0.40462
0.62528 0.37472
0.63409 0.36591
0.62935 0.37065
0.59935 0.40065
0.63155 0.36845
0.63850 0.36150
0.62595 0.37405
0.62946 0.37054
0.62949 0.37051
0.64061 0.35939
0.63874 0.36126
0.64170 0.35830
0.55557 0.44443
0.62418 0.37582
0.60599 0.39401
0.65843 0.34157
0.65572 0.34428
0.67845 0.32155
0.66029 0.33971
0.68461 0.31539
0.68461 0.31539
0.69868 0.30132
0.68461 0.31539
0.69868 0.30132
0.67564 0.32436
0.57581 0.42419
0.63067 0.36933
0.62323 0.37677
0.65449 0.34551
0.65449 0.34551
0.65449 0.34551
0.63392 0.36608
0.63392 0.36608
0.65388 0.34612
0.63761 0.36239
0.70271 0.29729
0.64369 0.35631
0.62444 0.37556
0.64413 0.35587
0.58128 0.41872
0.61926 0.38074
0.59727 0.40273
0.60094 0.39906
0.65731 0.34269
0.63205 0.36795
0.58919 0.41081
0.67404 0.32596
0.63031 0.36969
0.59141 0.40859
0.63753 0.36247
0.66482 0.33518
0.63753 0.36247
0.66482 0.33518
0.63753 0.36247
0.66482 0.33518
0.63753 0.36247
0.66482 0.33518
0.70249 0.29751
0.71674 0.28326
0.70249 0.29751
0.71414 0.28586
0.67760 0.32240
0.65502 0.34498
0.67383 0.32617
0.61284 0.38716
0.61423 0.38577
0.68130 0.31870
0.67343 0.32657
0.69436 0.30564
0.67028 0.32972
0.68017 0.31983
0.68007 0.31993
0.60019 0.39981
0.63975 0.36025
0.68870 0.31130
0.67269 0.32731
0.68804 0.31196
0.68804 0.31196
0.68749 0.31251
0.70376 0.29624
0.65071 0.34929
0.65071 0.34929
0.65071 0.34929
0.63747 0.36253
0.58391 0.41609
0.67095 0.32905
0.61875 0.38125
0.64471 0.35529
0.67754 0.32246
0.67754 0.32246
0.66350 0.33650
0.69823 0.30177
0.62877 0.37123
0.57923 0.42077
0.62086 0.37914
0.63852 0.36148
0.58784 0.41216
0.64193 0.35807
0.65457 0.34543
0.64578 0.35422
0.63417 0.36583
0.64616 0.35384
0.63779 0.36221
0.64193 0.35807
0.65457 0.34543
0.64578 0.35422
0.67746 0.32254
0.60873 0.39127
0.62286 0.37714
0.60525 0.39475
0.60180 0.39820
0.61523 0.38477
0.59848 0.40152
0.61437 0.38563
0.64505 0.35495
0.65575 0.34425
0.67109 0.32891
0.65555 0.34445
0.60632 0.39368
0.62497 0.37503
0.62802 0.37198
0.62410 0.37590
0.61723 0.38277
0.60289 0.39711
0.54373 0.45627
0.62187 0.37813
0.61883 0.38117
0.64777 0.35223
0.61713 0.38287
0.65528 0.34472
0.61220 0.38780
0.64135 0.35865
0.65053 0.34947
0.67846 0.32154
0.64860 0.35140
0.64860 0.35140
0.65941 0.34059
0.65263 0.34737
0.67246 0.32754
0.65719 0.34281
0.65719 0.34281
0.59857 0.40143
0.59134 0.40866
0.68301 0.31699
0.68462 0.31538
0.67565 0.32435
0.64747 0.35253
0.61320 0.38680
0.66451 0.33549
0.68429 0.31571
0.56526 0.43474
0.57507 0.42493
0.61240 0.38760
0.54271 0.45729
0.54669 0.45331
0.60659 0.39341
0.60144 0.39856
0.61616 0.38384
0.53424 0.46576
0.60288 0.39712
0.60702 0.39298
0.56876 0.43124
0.59161 0.40839
0.65536 0.34464
0.68903 0.31097
0.60650 0.39350
0.65692 0.34308
0.65301 0.34699
0.64624 0.35376
0.64624 0.35376
0.66022 0.33978
0.65006 0.34994
0.64775 0.35225
0.63211 0.36789
0.64882 0.35118
0.64747 0.35253
0.60441 0.39559
0.58745 0.41255
0.58071 0.41929
0.67432 0.32568
0.69133 0.30867
0.66494 0.33506
0.68156 0.31844
0.67206 0.32794
0.65116 0.34884
0.65656 0.34344
0.63579 0.36421
0.62225 0.37775
0.64696 0.35304
0.63430 0.36570
0.66852 0.33148
0.68345 0.31655
0.67796 0.32204
0.62038 0.37962
0.65536 0.34464
0.69186 0.30814
0.63451 0.36549
0.66960 0.33040
0.59499 0.40501
0.60082 0.39918
0.60576 0.39424
0.63833 0.36167
0.63424 0.36576
0.60779 0.39221
0.70039 0.29961
0.67820 0.32180
0.66217 0.33783
0.66277 0.33723
0.65320 0.34680
0.65048 0.34952
0.64003 0.35997
0.63256 0.36744
0.63256 0.36744
0.62262 0.37738
0.62262 0.37738
0.63256 0.36744
0.63256 0.36744
0.63256 0.36744
0.63256 0.36744
0.65166 0.34834
0.67819 0.32181
0.67819 0.32181
0.61665 0.38335
0.66897 0.33103
0.74638 0.25362
0.66112 0.33888
0.62678 0.37322
0.63493 0.36507
0.72370 0.27630
0.72269 0.27731
0.72269 0.27731
0.69648 0.30352
0.65920 0.34080
0.60589 0.39411
0.60589 0.39411
0.64355 0.35645
0.64592 0.35408
0.59280 0.40720
0.58532 0.41468
0.58587 0.41413
0.64045 0.35955
0.60999 0.39001
0.58919 0.41082
0.62902 0.37098
0.62381 0.37619
0.62673 0.37327
0.62673 0.37327
0.56454 0.43546
0.66490 0.33510
0.66315 0.33685
0.63798 0.36202
0.60676 0.39324
0.65029 0.34971
0.69351 0.30649
0.69312 0.30688
0.70149 0.29851
0.69583 0.30417
0.68746 0.31254
0.68745 0.31255
0.62037 0.37963
0.63099 0.36901
0.61267 0.38733
0.62338 0.37662
0.60779 0.39221
0.62712 0.37288
0.59517 0.40483
0.58335 0.41665
0.57782 0.42218
0.58860 0.41140
0.59893 0.40107
0.59911 0.40089
0.59911 0.40089
0.61087 0.38913
0.57879 0.42121
0.58378 0.41622
0.64544 0.35456
0.68385 0.31615
0.63700 0.36300
0.63700 0.36300
0.63700 0.36300
0.63700 0.36300
0.59022 0.40978
0.57551 0.42449
0.60786 0.39214
0.62104 0.37896
0.62304 0.37696
0.60402 0.39598
0.62629 0.37371
0.65007 0.34993
0.64946 0.35054
0.64946 0.35054
0.61867 0.38133
0.64128 0.35872
0.65534 0.34466
0.65534 0.34466
0.66999 0.33001
0.66999 0.33001
0.63418 0.36582
0.62453 0.37547
0.64142 0.35858
0.64142 0.35858
0.71031 0.28969
0.63603 0.36397
0.63603 0.36397
0.67292 0.32708
0.66522 0.33478
0.61907 0.38093
0.68883 0.31117
0.59862 0.40138
0.63936 0.36064
0.64056 0.35944
0.63594 0.36406
0.63789 0.36211
0.65273 0.34727
0.64602 0.35398
0.66882 0.33118
0.66882 0.33118
0.60268 0.39732
0.60698 0.39302
0.65508 0.34492
0.66159 0.33841
0.68995 0.31005
0.67439 0.32561
0.56885 0.43115
0.61523 0.38477
0.60565 0.39435
0.60958 0.39042
0.61871 0.38129
0.60607 0.39393
0.62204 0.37796
0.61523 0.38477
0.60565 0.39435
0.60958 0.39042
0.67838 0.32162
0.68221 0.31779
0.68338 0.31662
0.67746 0.32254
0.69591 0.30409
0.67168 0.32832
0.66336 0.33664
0.66336 0.33664
0.64259 0.35741
0.64203 0.35797
0.63623 0.36377
0.63623 0.36377
0.65471 0.34529
0.65999 0.34001
0.65356 0.34644
0.62321 0.37679
0.62616 0.37384
0.62321 0.37679
0.61500 0.38500
0.62704 0.37296
0.61500 0.38500
0.61500 0.38500
0.62704 0.37296
0.61500 0.38500
0.68200 0.31800
0.66347 0.33653
0.67685 0.32315
0.65843 0.34157
0.67122 0.32878
0.66886 0.33114
0.64263 0.35737
0.64101 0.35899
0.64362 0.35638
0.64199 0.35801
0.68448 0.31552
0.65685 0.34315
0.57653 0.42347
0.58523 0.41477
0.59679 0.40321
0.62623 0.37377
0.59859 0.40141
0.59704 0.40296
0.65319 0.34681
0.64927 0.35073
0.64920 0.35080
0.64599 0.35401
0.64391 0.35609
0.59409 0.40591
0.59113 0.40887
0.61776 0.38224
0.61073 0.38927
0.59850 0.40150
0.59498 0.40502
0.64492 0.35508
0.65705 0.34295
0.63784 0.36216
0.63784 0.36216
0.57674 0.42326
0.64091 0.35909
0.63467 0.36533
0.65329 0.34671
0.64736 0.35264
0.64392 0.35608
0.62014 0.37986
0.63005 0.36995
0.61321 0.38679
0.60834 0.39166
0.59998 0.40002
0.60207 0.39793
0.60028 0.39972
0.64965 0.35035
0.63730 0.36270
0.64013 0.35987
0.63767 0.36233
0.63968 0.36032
0.64248 0.35752
0.64007 0.35993
0.66989 0.33011
0.66989 0.33011
0.64114 0.35886
0.64114 0.35886
0.62187 0.37813
0.63526 0.36474
0.64635 0.35365
0.56010 0.43990
0.60268 0.39732
0.62113 0.37887
0.62686 0.37314
0.59577 0.40423
0.60621 0.39379
0.60946 0.39054
0.64859 0.35141
0.65329 0.34671
0.56447 0.43553
0.56284 0.43716
0.70326 0.29674
0.70702 0.29298
0.54167 0.45833
0.58253 0.41747
0.58486 0.41514
0.60755 0.39245
0.61596 0.38404
0.61596 0.38404
0.64016 0.35984
0.63471 0.36529
0.65438 0.34562
0.65262 0.34738
0.65138 0.34862
0.69596 0.30404
0.65925 0.34075
0.66431 0.33569
0.65396 0.34604
0.66659 0.33341
0.67991 0.32009
0.68453 0.31547
0.66657 0.33343
0.67217 0.32783
0.65459 0.34541
0.61899 0.38101
0.66595 0.33405
0.63176 0.36824
0.62098 0.37902
0.63594 0.36406
0.64687 0.35313
0.64755 0.35245
0.67698 0.32302
0.67227 0.32773
0.64870 0.35130
0.65077 0.34923
0.63520 0.36480
0.61379 0.38620
0.65859 0.34141
0.64318 0.35682
0.66370 0.33630
0.64523 0.35477
0.70776 0.29224
0.69246 0.30754
0.68976 0.31024
0.68400 0.31600
0.65199 0.34801
0.65913 0.34087
0.64106 0.35894
0.64575 0.35425
0.65253 0.34747
0.63537 0.36463
0.66726 0.33274
0.66667 0.33333
0.54259 0.45741
0.67441 0.32559
0.67629 0.32371
0.60560 0.39440
0.57386 0.42614
0.61100 0.38900
0.63259 0.36741
0.62030 0.37970
0.62047 0.37953
0.62154 0.37846
0.62721 0.37279
0.64999 0.35001
0.64195 0.35805
0.63134 0.36866
0.64258 0.35742
0.69632 0.30368
0.62187 0.37813
0.61788 0.38212
0.60148 0.39852
0.61596 0.38404
0.60148 0.39852
0.61596 0.38404
0.60148 0.39852
0.61596 0.38404
0.60593 0.39407
0.60987 0.39013
0.66246 0.33754
0.69277 0.30723
0.61593 0.38407
0.61612 0.38388
0.61606 0.38394
0.56948 0.43052
0.56678 0.43322
0.66417 0.33583
0.66901 0.33099
0.62825 0.37176
0.61891 0.38109
0.62825 0.37176
0.58017 0.41983
0.63673 0.36327
0.63242 0.36758
0.62628 0.37372
0.64066 0.35934
0.64013 0.35987
0.63626 0.36374
0.59848 0.40152
0.66965 0.33035
0.67314 0.32686
0.67117 0.32883
0.65853 0.34147
0.64351 0.35649
0.64351 0.35649
0.65183 0.34817
0.65968 0.34032
0.64482 0.35518
0.65503 0.34497
0.65898 0.34102
0.60034 0.39966
0.60590 0.39410
0.61877 0.38123
0.64970 0.35030
0.64407 0.35593
0.65161 0.34839
0.65692 0.34308
0.65383 0.34617
0.64081 0.35919
0.64965 0.35035
0.65481 0.34519
0.63808 0.36192
0.62864 0.37136
0.62864 0.37136
0.65256 0.34744
0.62822 0.37178
0.62822 0.37178
0.64175 0.35825
0.59490 0.40510
0.63603 0.36397
0.63109 0.36891
0.66804 0.33196
0.67932 0.32068
0.67895 0.32105
0.68337 0.31663
0.56902 0.43098
0.59208 0.40792
0.71070 0.28930
0.71097 0.28903
0.70181 0.29819
0.70217 0.29783
0.66955 0.33045
0.69432 0.30568
0.65166 0.34834
0.66915 0.33085
0.66321 0.33678
0.66235 0.33765
0.65727 0.34273
0.73308 0.26692
0.70980 0.29020
0.70107 0.29893
0.70614 0.29386
0.70398 0.29602
0.69664 0.30336
0.71289 0.28711
0.70921 0.29079
0.69719 0.30281
0.67641 0.32359
0.68675 0.31325
0.67961 0.32039
0.69544 0.30456
0.69186 0.30814
0.68072 0.31928
0.66043 0.33957
0.68807 0.31193
0.65746 0.34254
0.64721 0.35279
0.68708 0.31292
0.68866 0.31134
0.67744 0.32256
0.68388 0.31612
0.68523 0.31477
0.67585 0.32415
0.62428 0.37572
0.71589 0.28411
0.63749 0.36251
0.63706 0.36294
0.61053 0.38947
0.61271 0.38729
0.62585 0.37415
0.65484 0.34516
0.64448 0.35552
0.62740 0.37260
0.62516 0.37484
0.65341 0.34659
0.64388 0.35612
0.62177 0.37823
0.61968 0.38032
0.65603 0.34397
0.65969 0.34031
0.62431 0.37569
0.62223 0.37777
0.60761 0.39239
0.59305 0.40695
0.63867 0.36133
0.61781 0.38219
0.63454 0.36546
0.66484 0.33516
0.62713 0.37287
0.65648 0.34352
0.63259 0.36741
0.67830 0.32170
0.62777 0.37223
0.67241 0.32759
0.69228 0.30772
0.70042 0.29958
0.61097 0.38903
0.58453 0.41547
0.59898 0.40102
0.62031 0.37969
0.61919 0.38081
0.62356 0.37644
0.59190 0.40810
0.62247 0.37753
0.68481 0.31519
0.68056 0.31944
0.66678 0.33322
0.61061 0.38939
0.61462 0.38538
0.55755 0.44245
0.56982 0.43018
0.61701 0.38299
0.64472 0.35528
0.58719 0.41281
0.62413 0.37587
0.63918 0.36082
0.61218 0.38782
0.64488 0.35512
0.59958 0.40042
0.62344 0.37656
0.58331 0.41669
0.61327 0.38673
0.63172 0.36828
0.61158 0.38842
0.62883 0.37117
0.61466 0.38534
0.63750 0.36250
0.63750 0.36250
0.65175 0.34825
0.64222 0.35778
0.65175 0.34825
0.64152 0.35848
0.60985 0.39015
0.60874 0.39126
0.60999 0.39001
0.63133 0.36867
0.63180 0.36820
0.62688 0.37312
0.64417 0.35583
0.64394 0.35606
0.67300 0.32700
0.64462 0.35538
0.64462 0.35538
0.64394 0.35606
0.67300 0.32700
0.64462 0.35538
0.64462 0.35538
0.64394 0.35606
0.67300 0.32700
0.64462 0.35538
0.64462 0.35538
0.64394 0.35606
0.67300 0.32700
0.64462 0.35538
0.60168 0.39832
0.62158 0.37842
0.63524 0.36476
0.63252 0.36748
0.71902 0.28098
0.70357 0.29643
0.73262 0.26738
0.71615 0.28385
0.61440 0.38560
0.61433 0.38567
0.61494 0.38506
0.61709 0.38291
0.61709 0.38291
0.61494 0.38506
0.61471 0.38529
0.61484 0.38516
0.61130 0.38870
0.59893 0.40107
0.59893 0.40107
0.60120 0.39880
0.60063 0.39937
0.60155 0.39845
0.60155 0.39845
0.57849 0.42151
0.63203 0.36797
0.63765 0.36235
0.65841 0.34159
0.65841 0.34159
0.65092 0.34908
0.67477 0.32523
0.67477 0.32523
0.65312 0.34688
0.65841 0.34159
0.65841 0.34159
0.65092 0.34908
0.61291 0.38709
0.61332 0.38668
0.62720 0.37280
0.63179 0.36821
0.63243 0.36757
0.65142 0.34858
0.64703 0.35297
0.64703 0.35297
0.70628 0.29372
0.65843 0.34157
0.66042 0.33958
0.67662 0.32338
0.68512 0.31488
0.70240 0.29760
0.69405 0.30595
0.71081 0.28919
0.65554 0.34446
0.67182 0.32818
0.60847 0.39153
0.62837 0.37163
0.61687 0.38313
0.61282 0.38718
0.68969 0.31031
0.67722 0.32278
0.66023 0.33977
0.67431 0.32569
0.65940 0.34060
0.63070 0.36930
0.66630 0.33370
0.61952 0.38048
0.64291 0.35709
0.69127 0.30873
0.70730 0.29270
0.69601 0.30399
0.64346 0.35654
0.66034 0.33966
0.66997 0.33003
0.66488 0.33512
0.58893 0.41107
0.62906 0.37094
0.63853 0.36147
0.61250 0.38750
0.59779 0.40221
0.60806 0.39194
0.63625 0.36375
0.65413 0.34587
0.63961 0.36039
0.67227 0.32773
0.60050 0.39950
0.69180 0.30820
0.59974 0.40026
0.64395 0.35605
0.62721 0.37279
0.67261 0.32739
0.68024 0.31976
0.64665 0.35335
0.65515 0.34485
0.70724 0.29276
0.62120 0.37880
0.65711 0.34289
0.63486 0.36514
0.63656 0.36344
0.61487 0.38513
0.65214 0.34786
0.64034 0.35966
0.63656 0.36344
0.61487 0.38513
0.68440 0.31560
0.68492 0.31508
0.68440 0.31560
0.68492 0.31508
0.65605 0.34395
0.64490 0.35510
0.64534 0.35466
0.64992 0.35008
0.64851 0.35149
0.64992 0.35008
0.65276 0.34724
0.64322 0.35678
0.65174 0.34826
0.65337 0.34663
0.65174 0.34826
0.65337 0.34663
0.65174 0.34826
0.65337 0.34663
0.64741 0.35259
0.60303 0.39697
0.61158 0.38842
0.61158 0.38842
0.63999 0.36001
0.65389 0.34611
0.65499 0.34501
0.62486 0.37514
0.62035 0.37965
0.65093 0.34907
0.66287 0.33713
0.64338 0.35662
0.59649 0.40351
0.60668 0.39332
0.58200 0.41800
0.59433 0.40567
0.57583 0.42417
0.59360 0.40640
0.61877 0.38123
0.61877 0.38123
0.63380 0.36620
0.65389 0.34611
0.66396 0.33604
0.70852 0.29148
0.70871 0.29129
0.71574 0.28426
0.70718 0.29282
0.68704 0.31296
0.71442 0.28558
0.59496 0.40504
0.59744 0.40256
0.63311 0.36689
0.66439 0.33561
0.65072 0.34928
0.70566 0.29434
0.70947 0.29053
0.63058 0.36942
0.66602 0.33398
0.65242 0.34758
0.66490 0.33510
0.66622 0.33378
0.63761 0.36239
0.64606 0.35394
0.65680 0.34320
0.60252 0.39748
0.62993 0.37007
0.63675 0.36325
0.57798 0.42202
0.64414 0.35586
0.64758 0.35242
0.65950 0.34050
0.65998 0.34002
0.65998 0.34002
0.64978 0.35022
0.64978 0.35022
0.67656 0.32344
0.67656 0.32344
0.64978 0.35022
0.64978 0.35022
0.65955 0.34045
0.65900 0.34100
0.57386 0.42614
0.63809 0.36191
0.62747 0.37253
0.72168 0.27832
0.68507 0.31493
0.69599 0.30401
0.60706 0.39294
0.60706 0.39294
0.60040 0.39960
0.60040 0.39960
0.60927 0.39073
0.60927 0.39073
0.60040 0.39960
0.60040 0.39960
0.60927 0.39073
0.60968 0.39032
0.62596 0.37404
0.61073 0.38927
0.61073 0.38927
0.63839 0.36161
0.62766 0.37234
0.55969 0.44031
0.59997 0.40003
0.61483 0.38517
0.63891 0.36109
0.63891 0.36109
0.61342 0.38658
0.60727 0.39273
0.60050 0.39950
0.67629 0.32371
0.64346 0.35654
0.66201 0.33799
0.64750 0.35250
0.63569 0.36431
0.61656 0.38344
0.63544 0.36456
0.64754 0.35246
0.64276 0.35724
0.63465 0.36535
0.63699 0.36301
0.64740 0.35260
0.61419 0.38581
0.64142 0.35858
0.64096 0.35904
0.64096 0.35904
0.63349 0.36651
0.63349 0.36651
0.61374 0.38626
0.61374 0.38626
0.62007 0.37993
0.62007 0.37993
0.61171 0.38829
0.61816 0.38184
0.64754 0.35246
0.61708 0.38292
0.62390 0.37610
0.65317 0.34683
0.63342 0.36658
0.66893 0.33107
0.58090 0.41910
0.67719 0.32281
0.68141 0.31859
0.68141 0.31859
0.62977 0.37023
0.62706 0.37294
0.63014 0.36986
0.62724 0.37276
0.63610 0.36390
0.66123 0.33877
0.66160 0.33840
0.62420 0.37580
0.73465 0.26535
0.71506 0.28494
0.68494 0.31506
0.70071 0.29929
0.68880 0.31120
0.68097 0.31903
0.65138 0.34862
0.70071 0.29929
0.68880 0.31120
0.71970 0.28030
0.71970 0.28030
0.73005 0.26995
0.75454 0.24546
0.59970 0.40030
0.63776 0.36224
0.65341 0.34659
0.64054 0.35946
0.68147 0.31853
0.63488 0.36512
0.68786 0.31214
0.65316 0.34684
0.54117 0.45883
0.57095 0.42905
0.60239 0.39761
0.60630 0.39370
0.63898 0.36102
0.65758 0.34242
0.62355 0.37645
0.67718 0.32282
0.70225 0.29775
0.63069 0.36931
0.65423 0.34577
0.66875 0.33125
0.63543 0.36457
0.65760 0.34240
0.62000 0.38000
0.65105 0.34895
0.62813 0.37187
0.61399 0.38601
0.61037 0.38963
0.61177 0.38823
0.60813 0.39187
0.64313 0.35687
0.63850 0.36150
0.64574 0.35426
0.64113 0.35887
0.64552 0.35448
0.64098 0.35902
0.58970 0.41030
0.58670 0.41330
0.59320 0.40680
0.61383 0.38617
0.58830 0.41170
0.62817 0.37183
0.63729 0.36271
0.62417 0.37583
0.62121 0.37879
0.60745 0.39255
0.60719 0.39281
0.60745 0.39255
0.60711 0.39289
0.60711 0.39289
0.60724 0.39276
0.58827 0.41173
0.59627 0.40373
0.59478 0.40522
0.63490 0.36510
0.64839 0.35161
0.65537 0.34463
0.70429 0.29571
0.65675 0.34325
0.69220 0.30780
0.67567 0.32433
0.71558 0.28442
0.66012 0.33988
0.70109 0.29891
0.65675 0.34325
0.69220 0.30780
0.57427 0.42573
0.65229 0.34771
0.59882 0.40118
0.73030 0.26970
0.74040 0.25960
0.73358 0.26642
0.73054 0.26946
0.68938 0.31062
0.69184 0.30816
0.68584 0.31416
0.68316 0.31685
0.63970 0.36030
0.64809 0.35191
0.65606 0.34394
0.65265 0.34735
0.54143 0.45857
0.58580 0.41420
0.56867 0.43133
0.65920 0.34080
0.64146 0.35854
0.66600 0.33400
0.60562 0.39438
0.59895 0.40105
0.58799 0.41201
0.59852 0.40148
0.59757 0.40243
0.58714 0.41286
0.64724 0.35276
0.56268 0.43732
0.63269 0.36731
0.62566 0.37434
0.61697 0.38303
0.60863 0.39137
0.61340 0.38660
0.60207 0.39793
0.60414 0.39586
0.62994 0.37006
0.62700 0.37300
0.62994 0.37006
0.64393 0.35607
0.63877 0.36123
0.66768 0.33232
0.63384 0.36616
0.60804 0.39196
0.69247 0.30753
0.67870 0.32130
0.68899 0.31101
0.69143 0.30857
0.58995 0.41005
0.59774 0.40226
0.65806 0.34194
0.62989 0.37011
0.62603 0.37397
0.63838 0.36162
0.63466 0.36534
0.64261 0.35739
0.65603 0.34397
0.64840 0.35160
0.67139 0.32861
0.64556 0.35444
0.64676 0.35324
0.57247 0.42753
0.65476 0.34524
0.62359 0.37641
0.62774 0.37226
0.61894 0.38106
0.64425 0.35575
0.62895 0.37105
0.70776 0.29224
0.57292 0.42708
0.58902 0.41098
0.61694 0.38306
0.62403 0.37597
0.61193 0.38807
0.62278 0.37722
0.58486 0.41514
0.58614 0.41386
0.61322 0.38678
0.62383 0.37617
0.61812 0.38188
0.65457 0.34543
0.64023 0.35977
0.64896 0.35104
0.63114 0.36886
0.63104 0.36896
0.55729 0.44271
0.55187 0.44813
0.66621 0.33379
0.65906 0.34094
0.67877 0.32123
0.67771 0.32229
0.66097 0.33903
0.66758 0.33242
0.65773 0.34227
0.66292 0.33708
0.68253 0.31747
0.64505 0.35495
0.63925 0.36075
0.67959 0.32041
0.61305 0.38695
0.63948 0.36052
0.61921 0.38079
0.62981 0.37019
0.64662 0.35338
0.63071 0.36929
0.61038 0.38962
0.63646 0.36354
0.61608 0.38392
0.62312 0.37688
0.64010 0.35990
0.62911 0.37089
0.62482 0.37518
0.63555 0.36445
0.63450 0.36550
0.69306 0.30694
0.71207 0.28793
0.67803 0.32197
0.65285 0.34715
0.66001 0.33999
0.64376 0.35624
0.64745 0.35255
0.65345 0.34655
0.63768 0.36232
0.66455 0.33545
0.63667 0.36333
0.66348 0.33652
0.60488 0.39512
0.64347 0.35653
0.63273 0.36727
0.64495 0.35505
0.62481 0.37519
0.61322 0.38678
0.62536 0.37464
0.63960 0.36040
0.62459 0.37541
0.63758 0.36242
0.63337 0.36663
0.62827 0.37173
0.62671 0.37329
0.61277 0.38723
0.62380 0.37620
0.62063 0.37937
0.62228 0.37772
0.63960 0.36040
0.62459 0.37541
0.63758 0.36242
0.63337 0.36663
0.62827 0.37173
0.65146 0.34854
0.65208 0.34792
0.65381 0.34619
0.64537 0.35463
0.63447 0.36553
0.63415 0.36585
0.65146 0.34854
0.65208 0.34792
0.65381 0.34619
0.64575 0.35425
0.63447 0.36553
0.63415 0.36585
0.65660 0.34340
0.65744 0.34256
0.65759 0.34241
0.64828 0.35172
0.63999 0.36001
0.63482 0.36518
0.63130 0.36870
0.64597 0.35403
0.64372 0.35628
0.62847 0.37153
0.61875 0.38125
0.59543 0.40457
0.59344 0.40656
0.59004 0.40996
0.58375 0.41625
0.67740 0.32260
0.64703 0.35297
0.66292 0.33708
0.64674 0.35326
0.62887 0.37113
0.63606 0.36394
0.71429 0.28571
0.69972 0.30028
0.65452 0.34548
0.63574 0.36426
0.61878 0.38122
0.60853 0.39147
0.59344 0.40656
0.58940 0.41060
0.60156 0.39844
0.69751 0.30249
0.70540 0.29460
0.71038 0.28962
0.70570 0.29430
0.67692 0.32308
0.68432 0.31568
0.65913 0.34087
0.66608 0.33392
0.65913 0.34087
0.66608 0.33392
0.64113 0.35887
0.64754 0.35246
0.72421 0.27579
0.72421 0.27579
0.65258 0.34742
0.65258 0.34742
0.63941 0.36059
0.63941 0.36059
0.59317 0.40683
0.59618 0.40382
0.58942 0.41058
0.59247 0.40753
0.63478 0.36522
0.64157 0.35843
0.62561 0.37439
0.63365 0.36635
0.60738 0.39262
0.62848 0.37152
0.62484 0.37516
0.64153 0.35847
0.62908 0.37092
0.62908 0.37092
0.65102 0.34898
0.65102 0.34898
0.63231 0.36769
0.63231 0.36769
0.65408 0.34592
0.65408 0.34592
0.64616 0.35384
0.64616 0.35384
0.64554 0.35446
0.60017 0.39983
0.61865 0.38135
0.59332 0.40668
0.62348 0.37652
0.61157 0.38843
0.62229 0.37771
0.61386 0.38614
0.61652 0.38348
0.60536 0.39464
0.61386 0.38614
0.64895 0.35105
0.63560 0.36440
0.64764 0.35236
0.64136 0.35864
0.67320 0.32680
0.60050 0.39950
0.65340 0.34660
0.63297 0.36703
0.67249 0.32751
0.70734 0.29266
0.69093 0.30907
0.70734 0.29266
0.70065 0.29935
0.69093 0.30907
0.60371 0.39629
0.70234 0.29766
0.69433 0.30567
0.63855 0.36145
0.62712 0.37288
0.65516 0.34484
0.62142 0.37858
0.61238 0.38762
0.60128 0.39872
0.60635 0.39365
0.57514 0.42486
0.59370 0.40630
0.63942 0.36058
0.63228 0.36772
0.68866 0.31134
0.68562 0.31438
0.68079 0.31921
0.71132 0.28868
0.67232 0.32768
0.63743 0.36257
0.55077 0.44923
0.60269 0.39731
0.63029 0.36971
0.60914 0.39086
0.58734 0.41266
0.60914 0.39086
0.58734 0.41266
0.63286 0.36714
0.60912 0.39088
0.65527 0.34473
0.65946 0.34054
0.70233 0.29767
0.66500 0.33500
0.62667 0.37333
0.64561 0.35439
0.60810 0.39190
0.60886 0.39114
0.70577 0.29423
0.66944 0.33056
0.71143 0.28857
0.71330 0.28670
0.69170 0.30830
0.69994 0.30006
0.71436 0.28564
0.69365 0.30635
0.70577 0.29423
0.71167 0.28833
0.64415 0.35585
0.64290 0.35710
0.54341 0.45659
0.58846 0.41154
0.61463 0.38537
0.60566 0.39434
0.61889 0.38111
0.60952 0.39048
0.58936 0.41064
0.59574 0.40426
0.71873 0.28127
0.69487 0.30513
0.69487 0.30513
0.65386 0.34614
0.65386 0.34614
0.63442 0.36558
0.65616 0.34384
0.63467 0.36533
0.64207 0.35793
0.63467 0.36533
0.64207 0.35793
0.66267 0.33733
0.66243 0.33756
0.62570 0.37430
0.61204 0.38796
0.62197 0.37803
0.61646 0.38354
0.62691 0.37309
0.62649 0.37351
0.62377 0.37623
0.62936 0.37064
0.60823 0.39177
0.60358 0.39642
0.66822 0.33178
0.69907 0.30093
0.66680 0.33320
0.69756 0.30244
0.71298 0.28702
0.67891 0.32109
0.67749 0.32251
0.70570 0.29430
0.68546 0.31454
0.72714 0.27286
0.71247 0.28753
0.71106 0.28894
0.70571 0.29429
0.73819 0.26181
0.63041 0.36959
0.62364 0.37636
0.62017 0.37983
0.61888 0.38112
0.59075 0.40925
0.60558 0.39442
0.64150 0.35850
0.61951 0.38049
0.60890 0.39110
0.64150 0.35850
0.65113 0.34887
0.64150 0.35850
0.61951 0.38049
0.60890 0.39110
0.64150 0.35850
0.65113 0.34887
0.63949 0.36051
0.62220 0.37780
0.63949 0.36051
0.64404 0.35596
0.63906 0.36094
0.63026 0.36974
0.67102 0.32898
0.58445 0.41555
0.63124 0.36876
0.59042 0.40958
0.59519 0.40481
0.67592 0.32408
0.66710 0.33290
0.65736 0.34264
0.64707 0.35293
0.64767 0.35233
0.65426 0.34574
0.64838 0.35162
0.63870 0.36130
0.64294 0.35706
0.64633 0.35367
0.65318 0.34682
0.64991 0.35009
0.66006 0.33994
0.65053 0.34947
0.65702 0.34298
0.66206 0.33794
0.66089 0.33911
0.66560 0.33440
0.67332 0.32668
0.66206 0.33794
0.61628 0.38372
0.61031 0.38969
0.61346 0.38654
0.62725 0.37275
0.61791 0.38209
0.65532 0.34468
0.63569 0.36431
0.64921 0.35079
0.63798 0.36202
0.65554 0.34446
0.63590 0.36410
0.65422 0.34578
0.63481 0.36519
0.65148 0.34852
0.62052 0.37948
0.62097 0.37903
0.69735 0.30265
0.66230 0.33770
0.62054 0.37946
0.64645 0.35355
0.64173 0.35827
0.63787 0.36213
0.63908 0.36092
0.67072 0.32928
0.64875 0.35125
0.65246 0.34754
0.64048 0.35952
0.65351 0.34649
0.64399 0.35601
0.58911 0.41089
0.58246 0.41754
0.58154 0.41846
0.61904 0.38096
0.62710 0.37290
0.66929 0.33071
0.65959 0.34041
0.61718 0.38282
0.62686 0.37314
0.60602 0.39398
0.59985 0.40015
0.62716 0.37284
0.62658 0.37342
0.63740 0.36260
0.60651 0.39349
0.62587 0.37413
0.62993 0.37007
0.62907 0.37093
0.63492 0.36508
0.62553 0.37447
0.62993 0.37007
0.66257 0.33743
0.63096 0.36904
0.63096 0.36904
0.63096 0.36904
0.63096 0.36904
0.63203 0.36797
0.62325 0.37675
0.62233 0.37767
0.63496 0.36504
0.62698 0.37302
0.63572 0.36428
0.63144 0.36856
0.63144 0.36856
0.61983 0.38017
0.62974 0.37026
0.62155 0.37845
0.62643 0.37357
0.61980 0.38020
0.62072 0.37928
0.62643 0.37357
0.61980 0.38020
0.62870 0.37130
0.63823 0.36177
0.63134 0.36866
0.63319 0.36681
0.57226 0.42774
0.58314 0.41686
0.58661 0.41339
0.59657 0.40343
0.65561 0.34439
0.65905 0.34095
0.57071 0.42929
0.61000 0.39000
0.61245 0.38755
0.60448 0.39552
0.59817 0.40183
0.61741 0.38259
0.63995 0.36005
0.63995 0.36005
0.64297 0.35703
0.64297 0.35703
0.62933 0.37067
0.62933 0.37067
0.62423 0.37577
0.62423 0.37577
0.62933 0.37067
0.62933 0.37067
0.62856 0.37144
0.71897 0.28103
0.71234 0.28766
0.69942 0.30058
0.69867 0.30133
0.69818 0.30182
0.63390 0.36610
0.63282 0.36718
0.66692 0.33308
0.66471 0.33529
0.70236 0.29764
0.69946 0.30054
0.71105 0.28895
0.66299 0.33701
0.67501 0.32499
0.66653 0.33347
0.66653 0.33347
0.64549 0.35451
0.63511 0.36489
0.60846 0.39154
0.61341 0.38659
0.60311 0.39689
0.62947 0.37053
0.62947 0.37053
0.68378 0.31622
0.66581 0.33419
0.66491 0.33509
0.68252 0.31748
0.66635 0.33365
0.67119 0.32881
0.64828 0.35172
0.64427 0.35573
0.64666 0.35334
0.62930 0.37070
0.62516 0.37484
0.64444 0.35556
0.64341 0.35659
0.64473 0.35527
0.64370 0.35630
0.64712 0.35288
0.66278 0.33722
0.61607 0.38393
0.61942 0.38058
0.62540 0.37460
0.64773 0.35227
0.60760 0.39240
0.62823 0.37177
0.62880 0.37120
0.65092 0.34908
0.62810 0.37190
0.62465 0.37535
0.60893 0.39107
0.59933 0.40067
0.66109 0.33891
0.66109 0.33891
0.66754 0.33246
0.66754 0.33246
0.67499 0.32501
0.67499 0.32501
0.66015 0.33985
0.66015 0.33985
0.66109 0.33891
0.66109 0.33891
0.64057 0.35943
0.67824 0.32176
0.56760 0.43240
0.58402 0.41598
0.62092 0.37908
0.62959 0.37041
0.62904 0.37096
0.63701 0.36299
0.61436 0.38564
0.61079 0.38921
0.60658 0.39342
0.62423 0.37577
0.70850 0.29150
0.62756 0.37244
0.65005 0.34995
0.63266 0.36734
0.64680 0.35320
0.61287 0.38713
0.62863 0.37137
0.67146 0.32854
0.67146 0.32854
0.63912 0.36088
0.63189 0.36811
0.63189 0.36811
0.63189 0.36811
0.63189 0.36811
0.63189 0.36811
0.63189 0.36811
0.58877 0.41123
0.62675 0.37325
0.67305 0.32695
0.67852 0.32148
0.69209 0.30791
0.69963 0.30037
0.70596 0.29404
0.58956 0.41044
0.62708 0.37292
0.64627 0.35373
0.60345 0.39655
0.61386 0.38614
0.61386 0.38614
0.57843 0.42157
0.58439 0.41561
0.68617 0.31383
0.65352 0.34648
0.65969 0.34031
0.65372 0.34628
0.62338 0.37662
0.61002 0.38998
0.61294 0.38706
0.60075 0.39925
0.62067 0.37933
0.62112 0.37888
0.60149 0.39851
0.65934 0.34066
0.65623 0.34377
0.65934 0.34066
0.65623 0.34377
0.62572 0.37428
0.62322 0.37678
0.60262 0.39738
0.62006 0.37994
0.61653 0.38347
0.62572 0.37428
0.63126 0.36874
0.62572 0.37428
0.62322 0.37678
0.60262 0.39738
0.62006 0.37994
0.61653 0.38347
0.62572 0.37428
0.63126 0.36874
0.62572 0.37428
0.62322 0.37678
0.60262 0.39738
0.62006 0.37994
0.61653 0.38347
0.62572 0.37428
0.63126 0.36874
0.62841 0.37159
0.64533 0.35467
0.65638 0.34362
0.63016 0.36984
0.60086 0.39914
0.62410 0.37590
0.64730 0.35270
0.55442 0.44558
0.65474 0.34526
0.68835 0.31165
0.65730 0.34270
0.62570 0.37430
0.67275 0.32725
0.67495 0.32505
0.65335 0.34665
0.64944 0.35056
0.65505 0.34495
0.58283 0.41717
0.59677 0.40323
0.58300 0.41700
0.60590 0.39410
0.63432 0.36568
0.60833 0.39167
0.58950 0.41050
0.61248 0.38752
0.61286 0.38714
0.61546 0.38454
0.59728 0.40272
0.59728 0.40272
0.63388 0.36612
0.63388 0.36612
0.59237 0.40763
0.61217 0.38783
0.61560 0.38440
0.61470 0.38530
0.59574 0.40426
0.66284 0.33716
0.66703 0.33297
0.64911 0.35089
0.65527 0.34473
0.67575 0.32425
0.66833 0.33167
0.69906 0.30094
0.69373 0.30627
0.68925 0.31075
0.68406 0.31594
0.63929 0.36071
0.63758 0.36242
0.64587 0.35413
0.68579 0.31421
0.64413 0.35587
0.64701 0.35299
0.62937 0.37063
0.63186 0.36814
0.63603 0.36397
0.62163 0.37837
0.62514 0.37486
0.62516 0.37484
0.64423 0.35577
0.62179 0.37821
0.63494 0.36506
0.65064 0.34936
0.63242 0.36758
0.62197 0.37803
0.63058 0.36942
0.62971 0.37029
0.64476 0.35524
0.64339 0.35661
0.64435 0.35565
0.65050 0.34950
0.66948 0.33052
0.62959 0.37041
0.65986 0.34014
0.63677 0.36323
0.62643 0.37357
0.67321 0.32679
0.66173 0.33827
0.64643 0.35357
0.64670 0.35330
0.62042 0.37958
0.65374 0.34626
0.64863 0.35137
0.62863 0.37137
0.62388 0.37612
0.65374 0.34626
0.64863 0.35137
0.62863 0.37137
0.62388 0.37612
0.63459 0.36541
0.62984 0.37016
0.60918 0.39082
0.60511 0.39489
0.60918 0.39082
0.60511 0.39489
0.61027 0.38973
0.60888 0.39112
0.61957 0.38043
0.61840 0.38160
0.63459 0.36541
0.62984 0.37016
0.61815 0.38185
0.60805 0.39195
0.60545 0.39455
0.60191 0.39809
0.66204 0.33796
0.66204 0.33796
0.67248 0.32752
0.67248 0.32752
0.67248 0.32752
0.67248 0.32752
0.62971 0.37029
0.62969 0.37031
0.62859 0.37141
0.62208 0.37792
0.55981 0.44019
0.63354 0.36646
0.61025 0.38975
0.65436 0.34564
0.64978 0.35022
0.60801 0.39199
0.61766 0.38234
0.60276 0.39724
0.60276 0.39724
0.64157 0.35843
0.59906 0.40094
0.60260 0.39740
0.60260 0.39740
0.60330 0.39670
0.60330 0.39670
0.63611 0.36389
0.63608 0.36392
0.62612 0.37388
0.62611 0.37389
0.62683 0.37317
0.62678 0.37322
0.62768 0.37232
0.62762 0.37238
0.63611 0.36389
0.63608 0.36392
0.59647 0.40353
0.65495 0.34505
0.63684 0.36316
0.64141 0.35859
0.60174 0.39826
0.64546 0.35454
0.60046 0.39954
0.60298 0.39702
0.61525 0.38475
0.64214 0.35786
0.59046 0.40954
0.59103 0.40897
0.61032 0.38968
0.61412 0.38588
0.63334 0.36666
0.62785 0.37215
0.67757 0.32243
0.64411 0.35589
0.64516 0.35484
0.62513 0.37487
0.62772 0.37228
0.66892 0.33108
0.65157 0.34843
0.64996 0.35004
0.68530 0.31470
0.68530 0.31470
0.68530 0.31470
0.68530 0.31470
0.64482 0.35518
0.64378 0.35622
0.64482 0.35518
0.64378 0.35622
0.61742 0.38258
0.62216 0.37784
0.62847 0.37153
0.59754 0.40246
0.66157 0.33843
0.65873 0.34127
0.63472 0.36528
0.65542 0.34458
0.65117 0.34883
0.66157 0.33843
0.66789 0.33211
0.64049 0.35951
0.63827 0.36173
0.61892 0.38108
0.66157 0.33843
0.65873 0.34127
0.63472 0.36528
0.65542 0.34458
0.65117 0.34883
0.66157 0.33843
0.66789 0.33211
0.64049 0.35951
0.63827 0.36173
0.61892 0.38108
0.66157 0.33843
0.65873 0.34127
0.63472 0.36528
0.65542 0.34458
0.65117 0.34883
0.66157 0.33843
0.66789 0.33211
0.64049 0.35951
0.63827 0.36173
0.61892 0.38108
0.63972 0.36028
0.63707 0.36293
0.60917 0.39083
0.62216 0.37784
0.62301 0.37699
0.66575 0.33425
0.59872 0.40128
0.64045 0.35955
0.62763 0.37237
0.62477 0.37523
0.64045 0.35955
0.62763 0.37237
0.64045 0.35955
0.62763 0.37237
0.62477 0.37523
0.64045 0.35955
0.62763 0.37237
0.63271 0.36729
0.63271 0.36729
0.66998 0.33002
0.63271 0.36729
0.63271 0.36729
0.63271 0.36729
0.66998 0.33002
0.63271 0.36729
0.65542 0.34458
0.65542 0.34458
0.63911 0.36089
0.65231 0.34769
0.63911 0.36089
0.65866 0.34134
0.70662 0.29338
0.68059 0.31941
0.67858 0.32142
0.67068 0.32932
0.68197 0.31803
0.65673 0.34327
0.68720 0.31280
0.68682 0.31318
0.61150 0.38850
0.61301 0.38699
0.58776 0.41224
0.61386 0.38614
0.61418 0.38582
0.61940 0.38060
0.62392 0.37608
0.59390 0.40610
0.58581 0.41419
0.59194 0.40806
0.68918 0.31082
0.67168 0.32832
0.67803 0.32197
0.65981 0.34019
0.65981 0.34019
0.67210 0.32790
0.67210 0.32790
0.66064 0.33936
0.66064 0.33936
0.66090 0.33910
0.66090 0.33910
0.68296 0.31704
0.68334 0.31666
0.62697 0.37303
0.69495 0.30505
0.62858 0.37142
0.66967 0.33033
0.61644 0.38356
0.64276 0.35724
0.62657 0.37343
0.59871 0.40129
0.59971 0.40029
0.61485 0.38515
0.65743 0.34257
0.65025 0.34975
0.60475 0.39525
0.60584 0.39416
0.63568 0.36432
0.66148 0.33852
0.62896 0.37104
0.64698 0.35302
0.61723 0.38277
0.65497 0.34503
0.62436 0.37564
0.63518 0.36482
0.62183 0.37817
0.60871 0.39129
0.69225 0.30775
0.67596 0.32404
0.63445 0.36555
0.68210 0.31790
0.67726 0.32274
0.67408 0.32592
0.64113 0.35887
0.60645 0.39355
0.64149 0.35851
0.64433 0.35567
0.61106 0.38894
0.59511 0.40489
0.61326 0.38674
0.61523 0.38477
0.63447 0.36553
0.62215 0.37785
0.65848 0.34152
0.64800 0.35200
0.71153 0.28847
0.59922 0.40078
0.62859 0.37141
0.60301 0.39699
0.66524 0.33476
0.69100 0.30900
0.63623 0.36377
0.69441 0.30559
0.68718 0.31282
0.69288 0.30712
0.68924 0.31076
0.71230 0.28770
0.71113 0.28887
0.64932 0.35068
0.63222 0.36778
0.63093 0.36907
0.71989 0.28011
0.69810 0.30190
0.69641 0.30359
0.61356 0.38644
0.60862 0.39138
0.60693 0.39307
0.59635 0.40365
0.63036 0.36964
0.63821 0.36179
0.62218 0.37782
0.60006 0.39994
0.66950 0.33050
0.61222 0.38778
0.61734 0.38266
0.67009 0.32991
0.68982 0.31018
0.66770 0.33230
0.66259 0.33741
0.64733 0.35267
0.67950 0.32050
0.63959 0.36041
0.64095 0.35905
0.64099 0.35901
0.63959 0.36041
0.64095 0.35905
0.64099 0.35901
0.62182 0.37818
0.60121 0.39879
0.63029 0.36971
0.63029 0.36971
0.57862 0.42138
0.64323 0.35677
0.64390 0.35610
0.63584 0.36416
0.63388 0.36612
0.62500 0.37500
0.63180 0.36820
0.62287 0.37713
0.60573 0.39427
0.60730 0.39270
0.60547 0.39453
0.62344 0.37656
0.61451 0.38549
0.63843 0.36157
0.60504 0.39496
0.63108 0.36892
0.62447 0.37553
0.65017 0.34983
0.64323 0.35677
0.60875 0.39125
0.60362 0.39638
0.63926 0.36074
0.64108 0.35892
0.57371 0.42629
0.64092 0.35908
0.64170 0.35830
0.61394 0.38606
0.60147 0.39853
0.62674 0.37326
0.62832 0.37168
0.60987 0.39013
0.64275 0.35725
0.64275 0.35725
0.64019 0.35981
0.64019 0.35981
0.64019 0.35981
0.64019 0.35981
0.63865 0.36135
0.63865 0.36135
0.64959 0.35041
0.64959 0.35041
0.61559 0.38441
0.60837 0.39163
0.63192 0.36808
0.62121 0.37879
0.61715 0.38285
0.59711 0.40289
0.57601 0.42399
0.61358 0.38642
0.59482 0.40518
0.66335 0.33665
0.66634 0.33366
0.71565 0.28435
0.71903 0.28097
0.67876 0.32124
0.65893 0.34107
0.68180 0.31820
0.66183 0.33817
0.68180 0.31820
0.66183 0.33817
0.67557 0.32443
0.67864 0.32136
0.66236 0.33764
0.65261 0.34739
0.65880 0.34120
0.64686 0.35314
0.64082 0.35918
0.55373 0.44627
0.56900 0.43100
0.56004 0.43996
0.62023 0.37977
0.62023 0.37977
0.67830 0.32170
0.66607 0.33393
0.62491 0.37509
0.67597 0.32403
0.68467 0.31533
0.66485 0.33515
0.61917 0.38083
0.62643 0.37357
0.62643 0.37357
0.62643 0.37357
0.59067 0.40933
0.58418 0.41582
0.62272 0.37728
0.65817 0.34183
0.65035 0.34965
0.64104 0.35896
0.62743 0.37257
0.65246 0.34754
0.64567 0.35433
0.62591 0.37409
0.61972 0.38028
0.65845 0.34155
0.66800 0.33200
0.66088 0.33912
0.66303 0.33697
0.67626 0.32374
0.68870 0.31130
0.68181 0.31819
0.68503 0.31497
0.63905 0.36095
0.69004 0.30996
0.64515 0.35485
0.64708 0.35292
0.58372 0.41628
0.60125 0.39875
0.62799 0.37201
0.61362 0.38638
0.60994 0.39006
0.60215 0.39785
0.63472 0.36528
0.62343 0.37657
0.63472 0.36528
0.62343 0.37657
0.62843 0.37157
0.61143 0.38857
0.64322 0.35678
0.63988 0.36012
0.64322 0.35678
0.64044 0.35956
0.64322 0.35678
0.63988 0.36012
0.64322 0.35678
0.64044 0.35956
0.61703 0.38297
0.61425 0.38575
0.59057 0.40943
0.58842 0.41158
0.57941 0.42059
0.57742 0.42258
0.60916 0.39084
0.70528 0.29472
0.62097 0.37903
0.60979 0.39021
0.60814 0.39186
0.63341 0.36659
0.64071 0.35929
0.65523 0.34477
0.66839 0.33161
0.66923 0.33077
0.66928 0.33072
0.65516 0.34484
0.68062 0.31938
0.67914 0.32086
0.67283 0.32717
0.69709 0.30291
0.68735 0.31265
0.63543 0.36457
0.64698 0.35302
0.62905 0.37095
0.64232 0.35768
0.64083 0.35917
0.63394 0.36606
0.63147 0.36853
0.63250 0.36750
0.66838 0.33162
0.68649 0.31351
0.66838 0.33162
0.68649 0.31351
0.64139 0.35861
0.64483 0.35517
0.66151 0.33849
0.66151 0.33849
0.59630 0.40370
0.59974 0.40026
0.60109 0.39891
0.58552 0.41448
0.59452 0.40548
0.61091 0.38909
0.59648 0.40352
0.61800 0.38200
0.60179 0.39821
0.61982 0.38018
0.57399 0.42601
0.59271 0.40729
0.62636 0.37364
0.61616 0.38384
0.64008 0.35992
0.67062 0.32938
0.61073 0.38927
0.66050 0.33950
0.60910 0.39090
0.66982 0.33018
0.68399 0.31601
0.66982 0.33018
0.59613 0.40387
0.58880 0.41120
0.63205 0.36795
0.70663 0.29337
0.68698 0.31302
0.65402 0.34598
0.64258 0.35742
0.66627 0.33373
0.63252 0.36748
0.62879 0.37121
0.65277 0.34723
0.56142 0.43858
0.56142 0.43858
0.57518 0.42482
0.57518 0.42482
0.56453 0.43547
0.56453 0.43547
0.66786 0.33214
0.63347 0.36653
0.64427 0.35573
0.69455 0.30545
0.61917 0.38083
0.61917 0.38083
0.60275 0.39725
0.60275 0.39725
0.59745 0.40255
0.59745 0.40255
0.62850 0.37150
0.62850 0.37150
0.60324 0.39676
0.60324 0.39676
0.61064 0.38936
0.61064 0.38936
0.60324 0.39676
0.60324 0.39676
0.62850 0.37150
0.62850 0.37150
0.61064 0.38936
0.61064 0.38936
0.63671 0.36329
0.64706 0.35294
0.65448 0.34552
0.65658 0.34342
0.63551 0.36449
0.62054 0.37946
0.63668 0.36332
0.66270 0.33730
0.66149 0.33851
0.64375 0.35625
0.60368 0.39632
0.59084 0.40916
0.65554 0.34446
0.65472 0.34528
0.69508 0.30492
0.61508 0.38492
0.61440 0.38560
0.63792 0.36208
0.64585 0.35415
0.67118 0.32882
0.60036 0.39964
0.66314 0.33686
0.65838 0.34162
0.65838 0.34162
0.62257 0.37743
0.62068 0.37932
0.68387 0.31613
0.66616 0.33384
0.67107 0.32893
0.66132 0.33868
0.68387 0.31613
0.66616 0.33384
0.62045 0.37955
0.62528 0.37472
0.61401 0.38599
0.65843 0.34157
0.60797 0.39203
0.58951 0.41049
0.63180 0.36820
0.61522 0.38478
0.62898 0.37102
0.67573 0.32427
0.65438 0.34562
0.65035 0.34965
0.65617 0.34383
0.61662 0.38338
0.58831 0.41169
0.62682 0.37318
0.62918 0.37082
0.59756 0.40244
0.56486 0.43514
0.60263 0.39737
0.63757 0.36243
0.61668 0.38332
0.65054 0.34946
0.64011 0.35989
0.66232 0.33768
0.62591 0.37409
0.62396 0.37604
0.58737 0.41263
0.59541 0.40459
0.62150 0.37850
0.60862 0.39138
0.60862 0.39138
0.60934 0.39066
0.60992 0.39008
0.62651 0.37349
0.60934 0.39066
0.60992 0.39008
0.62651 0.37349
0.65053 0.34947
0.68033 0.31967
0.69109 0.30891
0.65912 0.34088
0.66579 0.33421
0.65474 0.34526
0.65982 0.34018
0.65616 0.34384
0.59825 0.40175
0.60070 0.39930
0.61278 0.38722
0.61969 0.38031
0.63108 0.36892
0.59658 0.40342
0.63256 0.36744
0.69227 0.30773
0.66632 0.33368
0.65421 0.34579
0.62782 0.37218
0.63489 0.36511
0.64683 0.35317
0.64615 0.35385
0.66599 0.33401
0.65430 0.34570
0.66992 0.33008
0.70620 0.29380
0.63822 0.36178
0.63777 0.36223
0.63573 0.36427
0.62957 0.37043
0.60490 0.39510
0.64115 0.35885
0.64645 0.35355
0.66683 0.33317
0.71395 0.28605
0.70382 0.29618
0.65540 0.34460
0.62558 0.37442
0.70977 0.29023
0.70977 0.29023
0.63913 0.36087
0.63913 0.36087
0.63913 0.36087
0.63913 0.36087
0.68954 0.31046
0.69517 0.30483
0.68527 0.31473
0.67833 0.32167
0.58401 0.41599
0.58497 0.41503
0.59994 0.40006
0.59800 0.40200
0.62866 0.37134
0.63712 0.36288
0.66508 0.33492
0.61481 0.38519
0.61878 0.38122
0.61868 0.38132
0.61837 0.38163
0.65947 0.34053
0.66098 0.33902
0.67111 0.32889
0.56701 0.43299
0.61878 0.38122
0.61249 0.38751
0.62929 0.37071
0.62301 0.37699
0.60070 0.39930
0.61491 0.38509
0.63729 0.36271
0.62410 0.37590
0.58820 0.41180
0.56604 0.43396
0.65043 0.34957
0.65688 0.34312
0.63415 0.36585
0.59936 0.40064
0.60352 0.39648
0.59521 0.40479
0.61019 0.38981
0.59451 0.40549
0.66535 0.33465
0.67957 0.32043
0.62863 0.37137
0.70910 0.29090
0.64988 0.35012
0.70481 0.29519
0.64540 0.35460
0.68998 0.31002
0.64508 0.35492
0.69970 0.30030
0.64009 0.35991
0.68998 0.31002
0.64508 0.35492
0.70270 0.29730
0.65879 0.34121
0.69220 0.30780
0.63232 0.36768
0.57873 0.42127
0.64707 0.35293
0.64707 0.35293
0.64707 0.35293
0.64707 0.35293
0.63854 0.36146
0.63438 0.36562
0.62698 0.37302
0.64690 0.35310
0.62224 0.37776
0.65385 0.34615
0.65420 0.34580
0.65064 0.34936
0.65950 0.34050
0.65890 0.34110
0.64618 0.35382
0.63994 0.36006
0.67502 0.32498
0.65626 0.34374
0.64580 0.35420
0.62426 0.37574
0.65704 0.34296
0.60204 0.39796
0.62235 0.37765
0.60912 0.39088
0.64706 0.35294
0.64706 0.35294
0.66163 0.33837
0.65690 0.34310
0.66208 0.33792
0.67051 0.32949
0.68078 0.31922
0.67164 0.32836
0.68485 0.31515
0.67585 0.32415
0.68550 0.31450
0.67653 0.32347
0.67711 0.32289
0.67641 0.32359
0.67711 0.32289
0.67641 0.32359
0.63396 0.36604
0.63401 0.36599
0.63591 0.36409
0.63597 0.36403
0.64627 0.35373
0.64636 0.35364
0.63529 0.36471
0.63534 0.36466
0.63852 0.36148
0.63858 0.36142
0.64638 0.35362
0.64647 0.35353
0.63529 0.36471
0.63534 0.36466
0.64638 0.35362
0.64647 0.35353
0.63852 0.36148
0.63858 0.36142
0.64638 0.35362
0.64647 0.35353
0.60518 0.39482
0.60849 0.39151
0.61497 0.38503
0.60401 0.39599
0.61286 0.38714
0.60661 0.39339
0.61286 0.38714
0.67930 0.32070
0.68315 0.31685
0.68763 0.31237
0.69630 0.30370
0.64733 0.35267
0.65065 0.34935
0.60588 0.39412
0.60332 0.39668
0.68472 0.31528
0.64844 0.35156
0.64844 0.35156
0.66075 0.33925
0.64035 0.35965
0.63733 0.36267
0.64744 0.35256
0.64815 0.35185
0.63205 0.36795
0.62832 0.37168
0.62370 0.37630
0.64151 0.35849
0.63659 0.36341
0.64600 0.35400
0.66243 0.33757
0.69264 0.30736
0.68703 0.31297
0.64080 0.35920
0.67763 0.32237
0.67204 0.32796
0.67763 0.32237
0.67204 0.32796
0.63687 0.36313
0.63179 0.36821
0.63873 0.36127
0.65174 0.34826
0.64607 0.35393
0.65384 0.34616
0.63688 0.36312
0.64432 0.35568
0.65728 0.34272
0.66502 0.33498
0.62096 0.37904
0.61607 0.38393
0.62280 0.37720
0.65902 0.34098
0.67662 0.32338
0.70010 0.29990
0.66775 0.33225
0.58818 0.41182
0.59292 0.40708
0.65343 0.34657
0.63919 0.36081
0.64829 0.35171
0.66410 0.33590
0.64904 0.35096
0.65642 0.34358
0.65499 0.34501
0.59081 0.40919
0.59570 0.40430
0.60043 0.39957
0.63527 0.36473
0.64236 0.35764
0.64236 0.35764
0.64745 0.35255
0.62937 0.37063
0.64339 0.35661
0.57770 0.42230
0.66698 0.33302
0.65302 0.34698
0.63253 0.36747
0.62671 0.37329
0.63327 0.36673
0.62917 0.37083
0.62429 0.37571
0.62760 0.37240
0.64950 0.35050
0.64977 0.35023
0.64858 0.35142
0.67274 0.32726
0.64977 0.35023
0.64264 0.35736
0.65588 0.34412
0.65388 0.34612
0.59172 0.40828
0.58317 0.41683
0.75520 0.24480
0.73329 0.26671
0.73758 0.26242
0.74379 0.25621
0.64420 0.35580
0.64652 0.35348
0.66607 0.33393
0.66846 0.33154
0.64420 0.35580
0.64652 0.35348
0.61348 0.38652
0.61356 0.38644
0.61547 0.38453
0.61559 0.38441
0.63330 0.36670
0.63330 0.36670
0.64552 0.35448
0.64552 0.35448
0.64552 0.35448
0.64552 0.35448
0.64446 0.35554
0.65191 0.34809
0.63230 0.36770
0.58704 0.41296
0.60701 0.39299
0.58252 0.41748
0.60432 0.39568
0.63669 0.36331
0.63669 0.36331
0.63669 0.36331
0.63669 0.36331
0.64959 0.35041
0.64959 0.35041
0.65461 0.34539
0.65461 0.34539
0.64959 0.35041
0.64959 0.35041
0.63292 0.36708
0.64655 0.35345
0.69449 0.30551
0.69969 0.30031
0.67040 0.32960
0.63756 0.36244
0.63969 0.36031
0.64066 0.35934
0.67293 0.32707
0.65421 0.34579
0.66126 0.33874
0.67073 0.32927
0.61881 0.38119
0.59424 0.40576
0.62015 0.37985
0.63025 0.36975
0.66892 0.33108
0.66601 0.33399
0.61637 0.38363
0.61673 0.38327
0.61789 0.38211
0.61730 0.38270
0.67706 0.32294
0.61554 0.38446
0.64971 0.35029
0.61449 0.38551
0.64593 0.35407
0.67543 0.32457
0.68030 0.31970
0.61718 0.38282
0.66369 0.33631
0.65721 0.34279
0.65721 0.34279
0.65737 0.34263
0.62970 0.37030
0.62942 0.37058
0.62176 0.37824
0.61278 0.38722
0.61147 0.38853
0.61529 0.38471
0.60255 0.39745
0.60701 0.39299
0.58559 0.41441
0.56838 0.43162
0.62295 0.37705
0.59810 0.40190
0.62858 0.37142
0.60270 0.39730
0.56216 0.43784
0.64902 0.35098
0.61688 0.38312
0.60144 0.39856
0.63877 0.36123
0.57167 0.42833
0.63285 0.36715
0.64845 0.35155
0.62597 0.37403
0.62144 0.37856
0.64240 0.35760
0.63133 0.36867
0.67968 0.32032
0.59394 0.40606
0.61424 0.38576
0.61467 0.38533
0.65217 0.34783
0.62295 0.37705
0.66797 0.33203
0.63859 0.36141
0.64903 0.35097
0.61258 0.38742
0.62238 0.37762
0.66733 0.33267
0.65637 0.34363
0.65637 0.34363
0.63432 0.36568
0.60008 0.39992
0.60432 0.39568
0.66941 0.33059
0.66747 0.33253
0.63353 0.36647
0.65280 0.34720
0.64042 0.35958
0.62049 0.37951
0.68976 0.31024
0.65608 0.34392
0.66633 0.33367
0.67025 0.32975
0.68126 0.31874
0.64244 0.35756
0.62924 0.37076
0.63044 0.36956
0.66927 0.33073
0.67018 0.32982
0.64243 0.35757
0.64247 0.35753
0.62471 0.37529
0.63372 0.36628
0.62798 0.37202
0.62798 0.37202
0.68134 0.31866
0.68134 0.31866
0.67601 0.32399
0.63752 0.36248
0.65730 0.34270
0.64604 0.35396
0.62094 0.37906
0.61610 0.38390
0.63428 0.36572
0.63197 0.36803
0.62342 0.37658
0.60910 0.39090
0.65222 0.34778
0.67469 0.32531
0.64455 0.35545
0.63591 0.36409
0.65940 0.34060
0.63106 0.36894
0.64176 0.35824
0.63106 0.36894
0.64176 0.35824
0.69777 0.30223
0.68247 0.31753
0.63054 0.36946
0.65281 0.34719
0.65739 0.34261
0.68737 0.31263
0.65739 0.34261
0.68737 0.31263
0.68192 0.31808
0.72758 0.27242
0.73612 0.26388
0.62182 0.37818
0.65064 0.34936
0.63471 0.36529
0.66486 0.33514
0.66399 0.33601
0.70022 0.29978
0.65262 0.34738
0.64317 0.35683
0.68177 0.31823
0.68244 0.31756
0.63607 0.36393
0.65235 0.34765
0.65057 0.34943
0.65104 0.34896
0.61727 0.38273
0.61770 0.38230
0.61265 0.38735
0.60563 0.39437
0.60501 0.39499
0.61306 0.38694
0.60605 0.39395
0.60543 0.39457
0.64394 0.35606
0.63846 0.36154
0.63139 0.36861
0.63189 0.36811
0.63139 0.36861
0.63189 0.36811
0.61388 0.38612
0.61493 0.38507
0.57607 0.42393
0.60873 0.39127
0.62861 0.37139
0.62372 0.37628
0.62726 0.37274
0.63751 0.36249
0.66281 0.33719
0.67125 0.32875
0.66915 0.33085
0.65824 0.34176
0.65571 0.34429
0.65262 0.34737
0.65571 0.34429
0.65207 0.34793
0.64768 0.35232
0.64920 0.35080
0.64559 0.35441
0.65147 0.34853
0.62814 0.37186
0.62629 0.37371
0.62635 0.37365
0.62997 0.37003
0.68261 0.31739
0.72654 0.27346
0.68618 0.31382
0.69812 0.30188
0.68791 0.31209
0.70979 0.29021
0.59117 0.40883
0.59629 0.40371
0.63838 0.36162
0.60978 0.39022
0.62841 0.37159
0.63328 0.36672
0.60644 0.39356
0.63328 0.36672
0.60644 0.39356
0.63328 0.36672
0.60644 0.39356
0.63747 0.36253
0.61358 0.38642
0.62746 0.37254
0.60254 0.39746
0.63194 0.36806
0.60373 0.39627
0.64170 0.35830
0.62071 0.37929
0.66538 0.33462
0.61798 0.38202
0.61798 0.38202
0.61798 0.38202
0.61798 0.38202
0.61291 0.38709
0.61845 0.38155
0.61845 0.38155
0.61845 0.38155
0.61845 0.38155
0.61312 0.38688
0.63557 0.36443
0.63324 0.36676
0.60234 0.39766
0.63878 0.36122
0.63968 0.36032
0.64599 0.35401
0.65142 0.34858
0.66476 0.33524
0.65897 0.34103
0.66977 0.33023
0.65925 0.34075
0.65599 0.34401
0.64956 0.35044
0.65254 0.34746
0.62921 0.37079
0.64956 0.35044
0.65254 0.34746
0.62921 0.37079
0.70037 0.29963
0.73094 0.26906
0.64854 0.35146
0.65238 0.34762
0.68879 0.31121
0.62870 0.37130
0.62375 0.37625
0.58192 0.41808
0.65037 0.34963
0.65110 0.34890
0.60701 0.39299
0.61688 0.38312
0.67477 0.32523
0.61979 0.38021
0.62908 0.37092
0.68768 0.31232
0.62667 0.37333
0.62163 0.37837
0.59941 0.40059
0.61315 0.38685
0.62828 0.37172
0.62356 0.37644
0.62830 0.37170
0.63840 0.36160
0.70800 0.29200
0.71068 0.28932
0.66706 0.33294
0.66954 0.33046
0.66492 0.33508
0.66509 0.33491
0.67541 0.32459
0.65350 0.34650
0.66652 0.33348
0.65813 0.34187
0.64386 0.35614
0.64995 0.35005
0.65479 0.34521
0.65072 0.34928
0.65072 0.34928
0.66221 0.33779
0.67369 0.32631
0.63366 0.36634
0.63366 0.36634
0.62100 0.37900
0.62026 0.37974
0.62026 0.37974
0.63255 0.36745
0.58028 0.41972
0.60774 0.39226
0.59668 0.40332
0.62892 0.37108
0.64752 0.35248
0.62811 0.37189
0.65750 0.34250
0.62856 0.37144
0.62640 0.37360
0.62640 0.37360
0.64585 0.35415
0.66842 0.33157
0.66842 0.33157
0.64794 0.35206
0.65328 0.34672
0.67908 0.32092
0.67908 0.32092
0.62365 0.37635
0.62866 0.37134
0.62501 0.37499
0.64620 0.35380
0.61550 0.38450
0.60741 0.39259
0.57338 0.42662
0.67511 0.32489
0.67511 0.32489
0.63554 0.36446
0.61282 0.38717
0.59601 0.40399
0.62171 0.37829
0.62701 0.37299
0.60764 0.39236
0.68260 0.31740
0.62615 0.37385
0.59092 0.40908
0.59445 0.40555
0.60852 0.39148
0.60852 0.39148
0.64526 0.35474
0.64289 0.35711
0.62914 0.37086
0.62833 0.37167
0.63404 0.36596
0.62914 0.37086
0.63486 0.36514
0.62223 0.37777
0.63115 0.36885
0.64465 0.35535
0.61798 0.38202
0.61220 0.38780
0.61807 0.38193
0.58438 0.41562
0.58613 0.41387
0.61234 0.38766
0.61288 0.38712
0.61607 0.38393
0.59541 0.40459
0.62000 0.38000
0.64756 0.35244
0.64267 0.35733
0.63586 0.36414
0.64756 0.35244
0.64267 0.35733
0.63586 0.36414
0.65373 0.34627
0.67641 0.32359
0.63560 0.36440
0.64005 0.35995
0.64984 0.35016
0.66348 0.33652
0.63563 0.36437
0.63643 0.36357
0.63563 0.36437
0.63643 0.36357
0.65491 0.34509
0.58541 0.41459
0.60719 0.39281
0.63397 0.36603
0.67023 0.32977
0.67023 0.32977
0.66281 0.33719
0.66281 0.33719
0.65708 0.34292
0.65708 0.34292
0.68289 0.31711
0.66883 0.33117
0.63730 0.36270
0.63040 0.36960
0.64499 0.35501
0.62895 0.37105
0.61732 0.38268
0.62946 0.37054
0.61150 0.38850
0.62011 0.37989
0.59080 0.40920
0.64511 0.35489
0.64608 0.35392
0.62851 0.37149
0.63123 0.36877
0.60960 0.39040
0.63773 0.36227
0.62880 0.37120
0.59528 0.40472
0.59528 0.40472
0.62846 0.37154
0.66313 0.33687
0.66188 0.33812
0.64004 0.35996
0.62369 0.37631
0.64875 0.35125
0.63627 0.36373
0.65670 0.34330
0.67038 0.32962
0.65519 0.34481
0.61882 0.38118
0.67996 0.32004
0.61882 0.38118
0.67996 0.32004
0.61762 0.38238
0.63946 0.36054
0.64209 0.35791
0.62829 0.37171
0.66208 0.33792
0.60416 0.39584
0.60028 0.39972
0.64332 0.35668
0.63793 0.36207
0.62718 0.37282
0.65718 0.34282
0.66392 0.33608
0.66533 0.33467
0.68580 0.31420
0.64447 0.35553
0.66533 0.33467
0.68580 0.31420
0.64447 0.35553
0.67602 0.32398
0.68094 0.31906
0.68995 0.31005
0.65276 0.34724
0.64458 0.35542
0.64980 0.35020
0.64538 0.35462
0.65891 0.34109
0.65834 0.34166
0.65295 0.34705
0.64579 0.35421
0.62784 0.37216
0.62118 0.37882
0.63458 0.36542
0.62990 0.37010
0.67006 0.32994
0.66333 0.33667
0.66789 0.33211
0.68189 0.31811
0.67454 0.32546
0.67992 0.32008
0.67475 0.32525
0.65056 0.34944
0.67286 0.32714
0.62466 0.37534
0.62263 0.37737
0.65402 0.34598
0.68191 0.31809
0.66637 0.33363
0.65453 0.34547
0.67104 0.32896
0.61377 0.38623
0.61438 0.38562
0.62467 0.37533
0.61684 0.38316
0.60383 0.39617
0.61022 0.38978
0.66307 0.33693
0.64429 0.35571
0.65033 0.34967
0.65641 0.34359
0.62910 0.37090
0.64296 0.35704
0.64946 0.35054
0.63250 0.36750
0.62962 0.37038
0.61300 0.38700
0.68631 0.31369
0.65826 0.34174
0.66311 0.33689
0.64890 0.35110
0.65826 0.34174
0.65826 0.34174
0.66154 0.33846
0.62709 0.37291
0.62602 0.37398
0.61684 0.38316
0.63533 0.36467
0.67968 0.32032
0.61022 0.38978
0.63797 0.36203
0.59150 0.40850
0.61618 0.38382
0.62964 0.37036
0.59460 0.40540
0.61548 0.38452
0.59365 0.40635
0.59202 0.40798
0.59105 0.40895
0.60444 0.39556
0.60444 0.39556
0.60449 0.39551
0.60449 0.39551
0.58995 0.41005
0.63377 0.36623
0.59372 0.40628
0.59813 0.40187
0.64082 0.35918
0.64481 0.35519
0.63979 0.36021
0.64675 0.35325
0.64227 0.35773
0.64481 0.35519
0.63979 0.36021
0.64675 0.35325
0.64227 0.35773
0.53063 0.46937
0.63765 0.36235
0.67124 0.32876
0.66542 0.33458
0.57227 0.42773
0.59361 0.40639
0.59173 0.40827
0.62399 0.37601
0.58950 0.41050
0.71163 0.28837
0.69976 0.30024
0.64910 0.35090
0.64048 0.35952
0.64048 0.35952
0.64873 0.35127
0.63769 0.36231
0.63799 0.36201
0.64910 0.35090
0.64048 0.35952
0.64048 0.35952
0.64873 0.35127
0.63769 0.36231
0.63799 0.36201
0.64910 0.35090
0.64048 0.35952
0.64048 0.35952
0.64873 0.35127
0.63769 0.36231
0.63799 0.36201
0.65306 0.34694
0.65306 0.34694
0.62328 0.37672
0.66846 0.33154
0.66457 0.33543
0.59693 0.40307
0.65129 0.34871
0.63204 0.36796
0.62500 0.37500
0.62935 0.37065
0.62296 0.37704
0.60772 0.39228
0.64507 0.35493
0.65107 0.34893
0.65107 0.34893
0.63247 0.36753
0.63433 0.36567
0.63433 0.36567
0.67365 0.32635
0.64466 0.35534
0.66018 0.33982
0.65538 0.34462
0.65024 0.34976
0.64503 0.35497
0.64503 0.35497
0.61473 0.38527
0.63894 0.36106
0.61067 0.38933
0.63477 0.36523
0.62241 0.37759
0.64652 0.35348
0.60508 0.39492
0.62705 0.37295
0.60872 0.39128
0.63078 0.36922
0.62127 0.37873
0.63262 0.36738
0.62127 0.37873
0.63262 0.36738
0.59738 0.40262
0.59204 0.40796
0.66360 0.33640
0.66155 0.33845
0.63280 0.36720
0.63681 0.36319
0.63032 0.36968
0.64827 0.35173
0.63776 0.36224
0.62589 0.37411
0.64567 0.35433
0.64778 0.35222
0.69018 0.30982
0.68868 0.31132
0.60752 0.39248
0.60877 0.39123
0.63294 0.36706
0.64359 0.35641
0.72403 0.27597
0.60700 0.39300
0.59811 0.40189
0.59803 0.40197
0.57033 0.42967
0.57027 0.42973
0.60521 0.39479
0.58770 0.41230
0.60380 0.39620
0.61032 0.38968
0.61021 0.38979
0.61032 0.38968
0.60649 0.39351
0.60649 0.39351
0.60639 0.39361
0.56814 0.43186
0.63718 0.36282
0.64637 0.35363
0.63718 0.36282
0.69353 0.30647
0.68398 0.31602
0.68583 0.31417
0.69017 0.30983
0.68458 0.31542
0.68680 0.31320
0.68156 0.31844
0.67692 0.32308
0.67598 0.32402
0.64595 0.35405
0.64745 0.35255
0.65513 0.34487
0.61567 0.38433
0.61567 0.38433
0.66243 0.33757
0.60183 0.39817
0.59087 0.40913
0.60980 0.39020
0.60157 0.39843
0.61928 0.38072
0.62929 0.37071
0.58498 0.41502
0.61186 0.38814
0.64411 0.35589
0.61971 0.38029
0.65118 0.34882
0.64411 0.35589
0.61971 0.38029
0.65118 0.34882
0.62208 0.37792
0.62478 0.37522
0.64369 0.35631
0.66223 0.33777
0.66882 0.33118
0.63734 0.36266
0.64069 0.35931
0.62254 0.37746
0.64292 0.35708
0.59160 0.40840
0.61376 0.38624
0.67090 0.32910
0.59946 0.40054
0.60423 0.39577
0.66314 0.33686
0.64436 0.35564
0.62796 0.37204
0.60633 0.39367
0.59382 0.40618
0.62702 0.37298
0.61539 0.38461
0.65441 0.34559
0.70268 0.29732
0.69857 0.30143
0.66025 0.33975
0.60431 0.39569
0.65032 0.34968
0.68232 0.31768
0.67213 0.32787
0.68508 0.31492
0.67811 0.32189
0.72181 0.27819
0.65830 0.34170
0.65830 0.34170
0.67718 0.32282
0.63404 0.36596
0.61322 0.38678
0.58756 0.41244
0.55830 0.44170
0.63472 0.36528
0.61183 0.38817
0.61096 0.38904
0.62140 0.37860
0.63372 0.36628
0.63372 0.36628
0.63824 0.36176
0.61990 0.38010
0.62991 0.37009
0.61663 0.38337
0.65480 0.34520
0.64093 0.35907
0.67576 0.32424
0.67614 0.32386
0.69294 0.30706
0.68997 0.31003
0.60740 0.39260
0.61098 0.38902
0.62196 0.37804
0.58315 0.41685
0.60154 0.39846
0.59615 0.40385
0.59187 0.40813
0.60299 0.39701
0.64640 0.35360
0.62427 0.37573
0.65983 0.34017
0.61924 0.38076
0.66631 0.33369
0.58150 0.41850
0.66683 0.33317
0.64946 0.35054
0.65946 0.34054
0.65495 0.34505
0.65495 0.34505
0.64373 0.35627
0.64373 0.35627
0.65751 0.34249
0.64214 0.35786
0.59590 0.40410
0.62385 0.37615
0.65334 0.34666
0.60331 0.39669
0.64637 0.35363
0.63054 0.36946
0.59432 0.40568
0.59947 0.40053
0.63723 0.36277
0.63723 0.36277
0.65171 0.34829
0.65040 0.34960
0.63723 0.36277
0.63723 0.36277
0.65171 0.34829
0.65040 0.34960
0.61967 0.38033
0.60760 0.39240
0.60314 0.39686
0.61831 0.38169
0.60760 0.39240
0.60314 0.39686
0.61831 0.38169
0.63760 0.36240
0.63760 0.36240
0.65123 0.34877
0.63760 0.36240
0.63760 0.36240
0.65123 0.34877
0.59001 0.40999
0.63079 0.36921
0.63079 0.36921
0.64435 0.35565
0.63079 0.36921
0.63079 0.36921
0.64435 0.35565
0.68547 0.31453
0.71977 0.28023
0.68348 0.31652
0.65077 0.34923
0.68491 0.31509
0.65293 0.34707
0.59595 0.40405
0.61750 0.38250
0.62055 0.37945
0.59481 0.40519
0.61199 0.38801
0.61467 0.38533
0.60060 0.39940
0.61664 0.38336
0.62955 0.37045
0.59696 0.40304
0.61305 0.38695
0.61547 0.38453
0.67276 0.32724
0.69593 0.30407
0.66763 0.33237
0.67591 0.32409
0.66790 0.33210
0.67505 0.32495
0.66830 0.33170
0.66880 0.33120
0.64199 0.35801
0.64713 0.35287
0.66558 0.33442
0.65794 0.34206
0.65832 0.34168
0.65755 0.34245
0.66443 0.33557
0.58754 0.41246
0.57802 0.42198
0.61252 0.38748
0.61101 0.38899
0.61101 0.38899
0.66310 0.33690
0.67741 0.32259
0.65235 0.34765
0.64594 0.35406
0.62107 0.37893
0.62107 0.37893
0.62107 0.37893
0.58561 0.41439
0.56514 0.43486
0.60902 0.39098
0.59189 0.40811
0.58593 0.41407
0.65570 0.34430
0.65570 0.34430
0.65570 0.34430
0.65570 0.34430
0.62584 0.37416
0.62585 0.37415
0.60671 0.39329
0.61986 0.38014
0.60081 0.39919
0.65760 0.34240
0.61440 0.38560
0.60385 0.39615
0.63064 0.36936
0.62014 0.37986
0.64254 0.35746
0.63056 0.36944
0.63056 0.36944
0.65894 0.34106
0.64804 0.35196
0.61302 0.38698
0.61980 0.38020
0.57555 0.42445
0.63983 0.36017
0.66694 0.33306
0.67136 0.32864
0.67801 0.32199
0.63727 0.36273
0.63885 0.36115
0.65186 0.34814
0.62479 0.37521
0.66491 0.33509
0.67325 0.32675
0.67325 0.32675
0.67253 0.32747
0.67325 0.32675
0.67325 0.32675
0.67253 0.32747
0.63838 0.36162
0.63838 0.36162
0.67601 0.32399
0.64195 0.35805
0.62604 0.37396
0.62604 0.37396
0.62660 0.37340
0.62604 0.37396
0.62604 0.37396
0.62660 0.37340
0.66284 0.33716
0.67466 0.32534
0.63027 0.36973
0.63563 0.36437
0.65104 0.34896
0.67330 0.32670
0.66424 0.33576
0.63234 0.36766
0.67245 0.32755
0.59493 0.40507
0.67912 0.32088
0.69490 0.30510
0.61314 0.38686
0.64385 0.35615
0.62742 0.37258
0.62742 0.37258
0.64385 0.35615
0.60764 0.39236
0.63778 0.36222
0.63701 0.36299
0.62961 0.37039
0.62930 0.37070
0.66520 0.33480
0.63653 0.36347
0.63655 0.36345
0.60478 0.39522
0.60194 0.39806
0.60225 0.39775
0.60213 0.39787
0.62553 0.37447
0.62792 0.37208
0.61222 0.38778
0.64359 0.35641
0.70797 0.29203
0.68775 0.31225
0.70784 0.29216
0.68875 0.31125
0.72685 0.27315
0.70958 0.29042
0.67460 0.32540
0.67460 0.32540
0.66145 0.33855
0.66145 0.33855
0.68115 0.31885
0.68115 0.31885
0.68115 0.31885
0.66472 0.33528
0.66472 0.33528
0.66472 0.33528
0.64547 0.35453
0.62748 0.37252
0.63111 0.36889
0.63201 0.36799
0.63384 0.36616
0.63270 0.36730
0.63384 0.36616
0.63270 0.36730
0.63384 0.36616
0.63270 0.36730
0.64451 0.35549
0.64451 0.35549
0.64509 0.35491
0.64602 0.35398
0.64602 0.35398
0.64580 0.35420
0.64671 0.35329
0.64671 0.35329
0.63359 0.36641
0.63974 0.36026
0.65067 0.34933
