0.03792 0.96208
0.61635 0.38365
0.17653 0.82347
0.14007 0.85993
0.14007 0.85993
0.56138 0.43862
0.94107 0.05893
0.12190 0.87810
0.95255 0.04745
0.42197 0.57803
0.25007 0.74993
0.98728 0.01272
0.14834 0.85166
0.16185 0.83815
0.25085 0.74915
0.28022 0.71978
0.24741 0.75259
0.21274 0.78726
0.21274 0.78726
0.10580 0.89420
0.30199 0.69801
0.48740 0.51260
0.30199 0.69801
0.48740 0.51260
0.39617 0.60383
0.33194 0.66806
0.29048 0.70952
0.35831 0.64169
0.39617 0.60383
0.33194 0.66806
0.29048 0.70952
0.35831 0.64169
0.28649 0.71351
0.10205 0.89795
0.08863 0.91137
0.21184 0.78816
0.84729 0.15271
0.54800 0.45200
0.16454 0.83546
0.15285 0.84715
0.07980 0.92020
0.12509 0.87491
0.22724 0.77276
0.07217 0.92783
0.04543 0.95457
0.19803 0.80197
0.15489 0.84511
0.94559 0.05441
0.94202 0.05798
0.94504 0.05496
0.96190 0.03810
0.91071 0.08929
0.90071 0.09929
0.91071 0.08929
0.94235 0.05765
0.93485 0.06515
0.18608 0.81392
0.44536 0.55464
0.29022 0.70978
0.55672 0.44328
0.99503 0.00497
0.99430 0.00570
0.97630 0.02370
0.97389 0.02611
0.98024 0.01976
0.93245 0.06755
0.87177 0.12823
0.98163 0.01837
0.96800 0.03200
0.96597 0.03403
0.18175 0.81825
0.46625 0.53375
0.79283 0.20717
0.49762 0.50238
0.70920 0.29080
0.93469 0.06531
0.95335 0.04665
0.61642 0.38358
0.61096 0.38904
0.61096 0.38904
0.61096 0.38904
0.61096 0.38904
0.43435 0.56565
0.43435 0.56565
0.78848 0.21152
0.30026 0.69974
0.35679 0.64321
0.35679 0.64321
0.27808 0.72192
0.91049 0.08951
0.64388 0.35612
0.37848 0.62152
0.31797 0.68203
0.68891 0.31109
0.66200 0.33800
0.63541 0.36459
0.66797 0.33203
0.52577 0.47423
0.21876 0.78124
0.40675 0.59325
0.32529 0.67471
0.48877 0.51123
0.18352 0.81648
0.29902 0.70098
0.31731 0.68269
0.17481 0.82519
0.30719 0.69281
0.18043 0.81957
0.99975 0.00025
0.99985 0.00015
0.99972 0.00028
0.99880 0.00120
0.99988 0.00012
0.31080 0.68920
0.12619 0.87381
0.05390 0.94610
0.73406 0.26594
0.39999 0.60001
0.81412 0.18588
0.49772 0.50228
0.04771 0.95229
0.05141 0.94859
0.91515 0.08485
0.99895 0.00105
0.99949 0.00051
0.85210 0.14790
0.41415 0.58585
0.28553 0.71447
0.69823 0.30177
0.70743 0.29257
0.49061 0.50939
0.49061 0.50939
0.16500 0.83500
0.22079 0.77921
0.49888 0.50112
0.90623 0.09377
0.26679 0.73321
0.19250 0.80750
0.41644 0.58356
0.25274 0.74726
0.39752 0.60248
0.23125 0.76875
0.39752 0.60248
0.23125 0.76875
0.34144 0.65856
0.42040 0.57960
0.24747 0.75253
0.37954 0.62046
0.69308 0.30692
0.86498 0.13502
0.61204 0.38796
0.42436 0.57564
0.95096 0.04904
0.16701 0.83299
0.80251 0.19749
0.19706 0.80294
0.99748 0.00252
0.98096 0.01904
0.84323 0.15677
0.98404 0.01596
0.98444 0.01556
0.97333 0.02667
0.97835 0.02165
0.97709 0.02291
0.97333 0.02667
0.97320 0.02680
0.78911 0.21089
0.27002 0.72998
0.34646 0.65354
0.05669 0.94331
0.99203 0.00797
0.97462 0.02538
0.99286 0.00714
0.99354 0.00646
0.22850 0.77150
0.09257 0.90743
0.84322 0.15678
0.29214 0.70786
0.13385 0.86615
0.06303 0.93697
0.09557 0.90443
0.34167 0.65833
0.99643 0.00357
0.33697 0.66303
0.99977 0.00023
0.99479 0.00521
0.99546 0.00454
0.52081 0.47919
0.05170 0.94830
0.07851 0.92149
0.08323 0.91677
0.06812 0.93188
0.06774 0.93226
0.99827 0.00173
0.99827 0.00173
0.10571 0.89429
0.57767 0.42233
0.54108 0.45892
0.86222 0.13778
0.42220 0.57780
0.60912 0.39088
0.81522 0.18478
0.40473 0.59527
0.97882 0.02118
0.58064 0.41936
0.99479 0.00521
0.45363 0.54637
0.46868 0.53132
0.69607 0.30393
0.78301 0.21699
0.10010 0.89990
0.38888 0.61112
0.32930 0.67070
0.32930 0.67070
0.99384 0.00616
0.22890 0.77110
0.99558 0.00442
0.22890 0.77110
0.99991 0.00009
0.31645 0.68355
0.79888 0.20112
0.50141 0.49859
0.37439 0.62561
0.46283 0.53717
0.59281 0.40719
0.99999 0.00001
0.67402 0.32598
0.99986 0.00014
0.99992 0.00008
0.99981 0.00019
0.99980 0.00020
0.99849 0.00151
0.28061 0.71939
0.95958 0.04042
0.86000 0.14000
0.32952 0.67048
0.33038 0.66962
0.36444 0.63556
0.94937 0.05063
0.65580 0.34420
0.98796 0.01204
0.65580 0.34420
0.98796 0.01204
0.08742 0.91258
0.18809 0.81191
0.97709 0.02291
0.18471 0.81529
0.17198 0.82802
0.19557 0.80443
0.12982 0.87018
0.79114 0.20886
0.89578 0.10422
0.99135 0.00865
0.89578 0.10422
0.99847 0.00153
0.95892 0.04108
0.54348 0.45652
0.42769 0.57231
0.98322 0.01678
0.98322 0.01678
0.87028 0.12972
0.87028 0.12972
0.27502 0.72498
0.28780 0.71220
0.84090 0.15910
0.08114 0.91886
0.07693 0.92307
0.21038 0.78962
0.20200 0.79800
0.40280 0.59720
0.39263 0.60737
0.99849 0.00151
0.73538 0.26462
0.48904 0.51096
0.47283 0.52717
0.98769 0.01231
0.55869 0.44131
0.23465 0.76535
0.87699 0.12301
0.71797 0.28203
0.72717 0.27283
0.53225 0.46775
0.72717 0.27283
0.53225 0.46775
0.17074 0.82926
0.94987 0.05013
0.14315 0.85685
0.83558 0.16442
0.83558 0.16442
0.66947 0.33053
0.31175 0.68825
0.70800 0.29200
0.99966 0.00034
1.00000 0.00000
0.94224 0.05776
0.53749 0.46251
0.51855 0.48145
0.99950 0.00050
0.71086 0.28914
0.71086 0.28914
0.99913 0.00087
0.99952 0.00048
0.71086 0.28914
0.71086 0.28914
0.99899 0.00101
0.16069 0.83931
0.15166 0.84834
0.98809 0.01191
0.33761 0.66239
0.76796 0.23204
0.81786 0.18214
0.72149 0.27851
0.78545 0.21455
0.79216 0.20784
0.74640 0.25360
0.94882 0.05118
0.94361 0.05639
0.72076 0.27924
0.72076 0.27924
0.72076 0.27924
0.72076 0.27924
0.52829 0.47171
0.28221 0.71779
0.28221 0.71779
0.73089 0.26911
0.32619 0.67381
0.99835 0.00165
0.61104 0.38896
0.21701 0.78299
0.21701 0.78299
0.14176 0.85824
0.95343 0.04657
0.95192 0.04808
0.21712 0.78288
0.13257 0.86743
0.12339 0.87661
0.18221 0.81779
0.15677 0.84323
0.35472 0.64528
0.35472 0.64528
0.18931 0.81069
0.40051 0.59949
0.37419 0.62581
0.14683 0.85317
0.58802 0.41198
0.87950 0.12050
0.99584 0.00416
0.99635 0.00365
0.07444 0.92556
0.93171 0.06829
0.99476 0.00524
0.99354 0.00646
0.92114 0.07886
0.74369 0.25631
0.98281 0.01719
0.71421 0.28579
0.99788 0.00212
0.99563 0.00437
0.33925 0.66075
0.35385 0.64615
0.95889 0.04111
0.99765 0.00235
0.99515 0.00485
0.32249 0.67751
0.12417 0.87583
0.04708 0.95292
0.05377 0.94623
0.62788 0.37212
0.21543 0.78457
0.99521 0.00479
0.96360 0.03640
0.46217 0.53783
0.46217 0.53783
0.75002 0.24998
0.22388 0.77612
0.63062 0.36938
0.97898 0.02102
0.20637 0.79363
0.97477 0.02523
0.96932 0.03068
0.79525 0.20475
0.99547 0.00453
0.79323 0.20677
0.99430 0.00570
0.59922 0.40078
0.59922 0.40078
0.47884 0.52116
0.47884 0.52116
0.93723 0.06277
0.92605 0.07395
0.97912 0.02088
0.96526 0.03474
0.96324 0.03676
0.78254 0.21746
0.06651 0.93349
0.91452 0.08548
0.17563 0.82437
0.91452 0.08548
0.17563 0.82437
0.90970 0.09030
0.19841 0.80159
0.92472 0.07528
0.19679 0.80321
0.61175 0.38825
0.18712 0.81288
0.57544 0.42456
0.89519 0.10481
0.85995 0.14005
0.87243 0.12757
0.97603 0.02396
0.77829 0.22171
0.23850 0.76150
0.56283 0.43717
0.75180 0.24820
0.22340 0.77660
0.54233 0.45767
0.99885 0.00115
0.99859 0.00141
0.79160 0.20840
0.39701 0.60299
0.69527 0.30473
0.99884 0.00116
0.99998 0.00002
0.99998 0.00002
0.94522 0.05478
0.94522 0.05478
0.99701 0.00299
0.99866 0.00134
0.99866 0.00134
0.99919 0.00081
0.67189 0.32811
0.77676 0.22324
0.77676 0.22324
0.98771 0.01229
0.99243 0.00757
0.78848 0.21152
0.81167 0.18833
0.82089 0.17911
0.99983 0.00017
0.99983 0.00017
0.85732 0.14268
0.85732 0.14268
0.99831 0.00169
0.32050 0.67950
0.40032 0.59968
0.30907 0.69093
0.50777 0.49223
0.39939 0.60061
0.91993 0.08007
0.21523 0.78477
0.99966 0.00034
0.96293 0.03707
0.51923 0.48077
0.89626 0.10374
0.36451 0.63549
0.99957 0.00043
0.99162 0.00838
0.21639 0.78361
0.88121 0.11879
0.99829 0.00171
0.99937 0.00063
0.13509 0.86491
0.13738 0.86262
0.14884 0.85116
0.15132 0.84868
0.99960 0.00040
0.99944 0.00056
0.99969 0.00031
0.57673 0.42327
0.86050 0.13950
0.98791 0.01209
0.95413 0.04587
0.28577 0.71423
0.88020 0.11980
0.79902 0.20098
0.82869 0.17131
0.98144 0.01856
0.99608 0.00392
0.99862 0.00138
0.99930 0.00070
0.86386 0.13614
0.86386 0.13614
0.99930 0.00070
0.60267 0.39733
0.46022 0.53978
0.73856 0.26144
0.64999 0.35001
0.13390 0.86610
0.58054 0.41946
0.29622 0.70378
0.32423 0.67577
0.89146 0.10854
0.10602 0.89398
0.09899 0.90101
0.10798 0.89202
0.99731 0.00269
0.98456 0.01544
0.97132 0.02868
0.98846 0.01154
0.47189 0.52811
0.89121 0.10879
0.40425 0.59575
0.88482 0.11518
0.99647 0.00353
0.98352 0.01648
0.97097 0.02903
0.99922 0.00078
0.97885 0.02115
0.92978 0.07022
0.70748 0.29252
0.50353 0.49647
0.99244 0.00756
0.99872 0.00128
0.99932 0.00068
0.99168 0.00832
0.66625 0.33375
0.45036 0.54964
0.91292 0.08708
0.53745 0.46255
0.97316 0.02684
0.74954 0.25046
0.30517 0.69483
0.60524 0.39476
0.43702 0.56298
0.61626 0.38374
0.51049 0.48951
0.80530 0.19470
0.40124 0.59876
0.61761 0.38239
0.96162 0.03838
0.36536 0.63464
0.38603 0.61397
0.67620 0.32380
0.62593 0.37407
0.99692 0.00308
0.59323 0.40677
0.99879 0.00121
0.60295 0.39705
0.55007 0.44993
0.99716 0.00284
0.51645 0.48355
0.99881 0.00119
0.98935 0.01065
0.34943 0.65057
0.97278 0.02722
0.32476 0.67524
0.95207 0.04793
0.33829 0.66171
0.26348 0.73652
0.63596 0.36404
0.99627 0.00373
0.99175 0.00825
0.99999 0.00001
0.44179 0.55821
0.98684 0.01316
0.38292 0.61708
0.97471 0.02529
0.38292 0.61708
0.97471 0.02529
0.96999 0.03001
1.00000 0.00000
0.89733 0.10267
0.96168 0.03832
0.98385 0.01615
0.80100 0.19900
0.63090 0.36910
0.24326 0.75674
0.32469 0.67531
0.99912 0.00088
0.86634 0.13366
0.43251 0.56749
0.40968 0.59032
0.61206 0.38794
0.17499 0.82501
0.63049 0.36951
0.74471 0.25529
0.78851 0.21149
0.29973 0.70027
0.95085 0.04915
0.99995 0.00005
0.84475 0.15525
0.76282 0.23718
0.90508 0.09492
0.97109 0.02891
0.88740 0.11260
0.08963 0.91037
0.89071 0.10929
0.04171 0.95829
0.06631 0.93369
0.80242 0.19758
0.20358 0.79642
0.78499 0.21501
0.99997 0.00003
0.68451 0.31549
0.99991 0.00009
0.39355 0.60645
0.99985 0.00015
0.54155 0.45845
0.91047 0.08953
0.99595 0.00405
0.99944 0.00056
0.99837 0.00163
0.98370 0.01630
0.98052 0.01948
0.35056 0.64944
0.85890 0.14110
0.71733 0.28267
0.80503 0.19497
0.73850 0.26150
0.98052 0.01948
0.89346 0.10654
0.89782 0.10218
0.37513 0.62487
0.91999 0.08001
1.00000 0.00000
0.34895 0.65105
0.83980 0.16020
0.21747 0.78253
0.71473 0.28527
0.99340 0.00660
0.45006 0.54994
0.89352 0.10648
0.99808 0.00192
0.47861 0.52139
0.94922 0.05078
0.23131 0.76869
0.83935 0.16065
0.20344 0.79656
0.48238 0.51762
0.34887 0.65113
0.06507 0.93493
0.85100 0.14900
0.84791 0.15209
0.86086 0.13914
0.87327 0.12673
0.97818 0.02182
0.63076 0.36924
0.99531 0.00469
0.25307 0.74693
0.98453 0.01547
0.99941 0.00059
0.98527 0.01473
0.84804 0.15196
0.84899 0.15101
0.84899 0.15101
0.19834 0.80166
0.31889 0.68111
0.33369 0.66631
0.19001 0.80999
0.17845 0.82155
0.99996 0.00004
0.71829 0.28171
0.18934 0.81066
0.90849 0.09151
0.22380 0.77620
0.26455 0.73545
0.23794 0.76206
0.23700 0.76300
0.21061 0.78939
0.22444 0.77556
0.20013 0.79987
0.70443 0.29557
0.70365 0.29635
0.34478 0.65522
0.31203 0.68797
0.70959 0.29041
0.28550 0.71450
0.45338 0.54662
0.10241 0.89759
0.64405 0.35595
0.64405 0.35595
0.96825 0.03175
0.96825 0.03175
0.78693 0.21307
0.78693 0.21307
0.98764 0.01236
0.98764 0.01236
0.96593 0.03407
0.96593 0.03407
0.63645 0.36355
0.63645 0.36355
0.76047 0.23953
0.86402 0.13598
0.73392 0.26608
0.20626 0.79374
0.15657 0.84343
0.10173 0.89827
0.90735 0.09265
0.15131 0.84869
0.99977 0.00023
0.92990 0.07010
0.98201 0.01799
0.85367 0.14633
0.96005 0.03995
0.30366 0.69634
0.34211 0.65789
0.34211 0.65789
0.95029 0.04971
0.95012 0.04988
0.94302 0.05698
0.97639 0.02361
0.97645 0.02355
0.97203 0.02797
0.71097 0.28903
0.74852 0.25148
0.60622 0.39378
0.57477 0.42523
0.61370 0.38630
0.99928 0.00072
0.99948 0.00052
0.25289 0.74711
0.83016 0.16984
0.92052 0.07948
0.87044 0.12956
0.46759 0.53241
0.49734 0.50266
0.49734 0.50266
0.46759 0.53241
0.91158 0.08842
0.84460 0.15540
0.31095 0.68905
0.71453 0.28547
0.99978 0.00022
0.61969 0.38031
0.99962 0.00038
0.83778 0.16222
0.83778 0.16222
0.84579 0.15421
0.25630 0.74370
0.32148 0.67852
0.43907 0.56093
0.65017 0.34983
0.87967 0.12033
0.54937 0.45063
0.72037 0.27963
0.86215 0.13785
0.15500 0.84500
0.23109 0.76891
0.17991 0.82009
0.33362 0.66638
0.78650 0.21350
0.91903 0.08097
0.15373 0.84627
0.24649 0.75351
0.78650 0.21350
0.91903 0.08097
0.15373 0.84627
0.24649 0.75351
0.60031 0.39969
0.76577 0.23423
0.94259 0.05741
0.95460 0.04540
0.95388 0.04612
0.98707 0.01293
0.24965 0.75035
0.30750 0.69250
0.55176 0.44824
0.20702 0.79298
0.26949 0.73051
0.20702 0.79298
0.26949 0.73051
0.66309 0.33691
0.66309 0.33691
0.66309 0.33691
0.66309 0.33691
0.68200 0.31800
0.93831 0.06169
0.50906 0.49094
0.42849 0.57151
0.19002 0.80998
0.16809 0.83191
0.13641 0.86359
0.19748 0.80252
0.17416 0.82584
0.55575 0.44425
0.34469 0.65531
0.44380 0.55620
0.25081 0.74919
0.99475 0.00525
0.23541 0.76459
0.91052 0.08948
0.87772 0.12228
0.99986 0.00014
0.86433 0.13567
0.93555 0.06445
0.15216 0.84784
0.98065 0.01935
0.99938 0.00062
0.97412 0.02588
0.32237 0.67763
0.11929 0.88071
0.35736 0.64264
0.97598 0.02402
0.95291 0.04709
0.53021 0.46979
0.95146 0.04854
0.43080 0.56920
0.99247 0.00753
0.27683 0.72317
0.68745 0.31255
0.24821 0.75179
0.99964 0.00036
0.73673 0.26327
0.80334 0.19666
0.99112 0.00888
0.46135 0.53865
0.36324 0.63676
0.36324 0.63676
0.78571 0.21429
0.94623 0.05377
0.43774 0.56226
0.37211 0.62789
0.74142 0.25858
0.41365 0.58635
0.23505 0.76495
0.65099 0.34901
0.64029 0.35971
0.48628 0.51372
0.99930 0.00070
0.99934 0.00066
0.34142 0.65858
0.98256 0.01744
0.98301 0.01699
0.99961 0.00039
0.78017 0.21983
0.53679 0.46321
0.97120 0.02880
0.27584 0.72416
0.24262 0.75738
0.31921 0.68079
0.98981 0.01019
0.97820 0.02180
0.24262 0.75738
0.31921 0.68079
0.31450 0.68550
0.31450 0.68550
0.56509 0.43491
0.38546 0.61454
0.30279 0.69721
0.08292 0.91708
0.34991 0.65009
0.29174 0.70826
0.36021 0.63979
0.31395 0.68605
0.94596 0.05404
0.16853 0.83147
0.67647 0.32353
0.99988 0.00012
0.99989 0.00011
0.92917 0.07083
0.99561 0.00439
0.99221 0.00779
0.99967 0.00033
0.99882 0.00118
0.99882 0.00118
0.39964 0.60036
0.49049 0.50951
0.46946 0.53054
0.54792 0.45208
0.99903 0.00097
0.56124 0.43876
0.72639 0.27361
0.58814 0.41186
0.64565 0.35435
0.38589 0.61411
0.35405 0.64595
0.94449 0.05551
0.59135 0.40865
0.41429 0.58571
0.29894 0.70106
0.29894 0.70106
0.77128 0.22872
0.77128 0.22872
0.32274 0.67726
0.32274 0.67726
0.93298 0.06702
0.93985 0.06015
0.33734 0.66266
0.57008 0.42992
0.57008 0.42992
0.92648 0.07352
0.92648 0.07352
0.78059 0.21941
0.78059 0.21941
0.43045 0.56955
0.77043 0.22957
0.35101 0.64899
0.10434 0.89566
0.21778 0.78222
0.89456 0.10544
0.83206 0.16794
0.66272 0.33728
0.77394 0.22606
0.53172 0.46828
0.73732 0.26268
0.86555 0.13445
0.86555 0.13445
0.93029 0.06971
0.36015 0.63985
0.22058 0.77942
0.99418 0.00582
0.27834 0.72166
0.29243 0.70757
0.99909 0.00091
0.99881 0.00119
0.99882 0.00118
0.99512 0.00488
0.99981 0.00019
0.99980 0.00020
0.63274 0.36726
0.34285 0.65715
0.97142 0.02858
0.22517 0.77483
0.14006 0.85994
0.41753 0.58247
0.90819 0.09181
0.97200 0.02800
0.96845 0.03155
0.97200 0.02800
0.96845 0.03155
0.94300 0.05700
0.33147 0.66853
0.29557 0.70443
0.47985 0.52015
0.91496 0.08504
0.63032 0.36968
0.90718 0.09282
0.84753 0.15247
0.50284 0.49716
0.97086 0.02914
0.95344 0.04656
0.90720 0.09280
0.95140 0.04860
0.70257 0.29743
0.13610 0.86390
0.15975 0.84025
0.16946 0.83054
0.14813 0.85187
0.99986 0.00014
0.25411 0.74589
0.26219 0.73781
0.26219 0.73781
0.36068 0.63932
0.97973 0.02027
0.61651 0.38349
0.61926 0.38074
0.92712 0.07288
0.43078 0.56922
0.17380 0.82620
0.11392 0.88608
0.92343 0.07657
0.99959 0.00041
0.99961 0.00039
0.62580 0.37420
0.79222 0.20778
0.26492 0.73508
0.55706 0.44294
0.80868 0.19132
0.25003 0.74997
0.86006 0.13994
0.13471 0.86529
0.45476 0.54524
0.12092 0.87908
0.26565 0.73435
0.97521 0.02479
0.06316 0.93684
0.26391 0.73609
0.07274 0.92726
0.82212 0.17788
0.95205 0.04795
0.99886 0.00114
0.99999 0.00001
0.93805 0.06195
0.93805 0.06195
0.91351 0.08649
0.58868 0.41132
0.59258 0.40742
0.58868 0.41132
0.56191 0.43809
0.58868 0.41132
0.58868 0.41132
0.59258 0.40742
0.58868 0.41132
0.56191 0.43809
0.58868 0.41132
0.58868 0.41132
0.59258 0.40742
0.58868 0.41132
0.56191 0.43809
0.58868 0.41132
0.97083 0.02917
0.98964 0.01036
0.50158 0.49842
0.98848 0.01152
0.83310 0.16690
0.31127 0.68873
0.31849 0.68151
0.16964 0.83036
0.99980 0.00020
0.38641 0.61359
0.43508 0.56492
0.40364 0.59636
0.98586 0.01414
0.95535 0.04465
0.17656 0.82344
0.97758 0.02242
0.92762 0.07238
0.97758 0.02242
0.92762 0.07238
0.28171 0.71829
0.96919 0.03081
0.22144 0.77856
0.49410 0.50590
0.99937 0.00063
0.88799 0.11201
0.49410 0.50590
0.99934 0.00066
0.88512 0.11488
0.62677 0.37323
0.95717 0.04283
0.85188 0.14812
0.62677 0.37323
0.95717 0.04283
0.85188 0.14812
0.28589 0.71411
0.28589 0.71411
0.28589 0.71411
0.28589 0.71411
0.18675 0.81325
0.24265 0.75735
0.79886 0.20114
0.14798 0.85202
0.08120 0.91880
0.18572 0.81428
0.20951 0.79049
0.12779 0.87221
0.15805 0.84195
0.77659 0.22341
0.93052 0.06948
0.90680 0.09320
0.12935 0.87065
0.18380 0.81620
0.21391 0.78609
0.25345 0.74655
0.12935 0.87065
0.18380 0.81620
0.21391 0.78609
0.45856 0.54144
0.16308 0.83692
0.22223 0.77777
0.33179 0.66821
0.72524 0.27476
0.92626 0.07374
0.88685 0.11315
0.12329 0.87671
0.97258 0.02742
0.95280 0.04720
0.67107 0.32893
0.94859 0.05141
0.99537 0.00463
0.99537 0.00463
0.96212 0.03788
0.68765 0.31235
0.99994 0.00006
0.99856 0.00144
0.99963 0.00037
0.99133 0.00867
0.93043 0.06957
0.12768 0.87232
0.21552 0.78448
0.75283 0.24717
0.14825 0.85175
0.63574 0.36426
0.11966 0.88034
0.17081 0.82919
0.79303 0.20697
0.15641 0.84359
0.21478 0.78522
0.87495 0.12505
0.16891 0.83109
0.98581 0.01419
0.99799 0.00201
0.99709 0.00291
0.99631 0.00369
0.99983 0.00017
0.99729 0.00271
0.94712 0.05288
0.50214 0.49786
0.99683 0.00317
0.99917 0.00083
0.96348 0.03652
0.20098 0.79902
0.78467 0.21533
0.98569 0.01431
0.77909 0.22092
0.70102 0.29898
0.36910 0.63090
0.36910 0.63090
0.33368 0.66632
0.35980 0.64020
0.97828 0.02172
0.50612 0.49388
0.95259 0.04741
0.95259 0.04741
0.18483 0.81517
0.99863 0.00137
0.99144 0.00856
0.49397 0.50603
0.57444 0.42556
0.99974 0.00026
0.99747 0.00253
0.99959 0.00041
0.48962 0.51038
0.94163 0.05837
0.34419 0.65581
0.43443 0.56557
0.27331 0.72669
0.94319 0.05681
0.42521 0.57479
0.48405 0.51595
0.93524 0.06476
0.30018 0.69982
0.38320 0.61680
0.98553 0.01447
0.97935 0.02065
0.52022 0.47978
0.20322 0.79678
0.30676 0.69324
0.14412 0.85588
0.98719 0.01281
0.39801 0.60199
0.97756 0.02244
0.31958 0.68042
0.95444 0.04556
0.95444 0.04556
0.99998 0.00002
0.95444 0.04556
0.99998 0.00002
0.62503 0.37497
0.34857 0.65143
0.62247 0.37753
0.47120 0.52880
0.25730 0.74270
0.25730 0.74270
0.25730 0.74270
0.48089 0.51911
0.48089 0.51911
0.06256 0.93744
0.09637 0.90363
0.99951 0.00049
0.99902 0.00098
0.99388 0.00612
0.64105 0.35895
0.80975 0.19025
0.95696 0.04304
0.91836 0.08164
0.64734 0.35266
0.99273 0.00727
0.96795 0.03205
0.87804 0.12196
0.99951 0.00049
0.07762 0.92238
0.12333 0.87667
0.36099 0.63901
0.73406 0.26594
0.36099 0.63901
0.73406 0.26594
0.36099 0.63901
0.73406 0.26594
0.36099 0.63901
0.73406 0.26594
0.99999 0.00001
0.99284 0.00716
0.99999 0.00001
0.99414 0.00586
0.76741 0.23259
0.32608 0.67392
0.77230 0.22770
0.28758 0.71242
0.99286 0.00714
0.47960 0.52040
0.99914 0.00086
0.99987 0.00013
0.99929 0.00071
0.45247 0.54753
0.99990 0.00010
0.06556 0.93444
0.13610 0.86390
0.99993 0.00007
0.99979 0.00021
0.99993 0.00007
0.99993 0.00007
0.99986 0.00014
0.99996 0.00004
0.46197 0.53803
0.46197 0.53803
0.46197 0.53803
0.27317 0.72683
0.11019 0.88981
0.93900 0.06100
0.26026 0.73974
0.25587 0.74413
0.43521 0.56479
0.43521 0.56479
0.31743 0.68257
0.99943 0.00057
0.53058 0.46942
0.93829 0.06171
0.94813 0.05187
0.91157 0.08843
0.03072 0.96928
0.89052 0.10948
0.96363 0.03637
0.94881 0.05119
0.40621 0.59379
0.62383 0.37617
0.57166 0.42834
0.89052 0.10948
0.96363 0.03637
0.94881 0.05119
0.49309 0.50691
0.57842 0.42158
0.86480 0.13520
0.68953 0.31047
0.15711 0.84289
0.42900 0.57100
0.24850 0.75150
0.17590 0.82410
0.31275 0.68725
0.85389 0.14611
0.96016 0.03984
0.58561 0.41439
0.16404 0.83596
0.99812 0.00188
0.34264 0.65736
0.31765 0.68235
0.26043 0.73957
0.13657 0.86343
0.04911 0.95089
0.35385 0.64615
0.41678 0.58322
0.75846 0.24154
0.38589 0.61411
0.98972 0.01028
0.36777 0.63223
0.71879 0.28121
0.45876 0.54124
0.85144 0.14856
0.93679 0.06321
0.93679 0.06321
0.37661 0.62339
0.98986 0.01014
0.99641 0.00359
0.54763 0.45237
0.54763 0.45237
0.34811 0.65189
0.46604 0.53396
0.96767 0.03233
0.97641 0.02360
0.94720 0.05280
0.10042 0.89958
0.87687 0.12313
0.95089 0.04911
1.00000 0.00000
0.06361 0.93639
0.05425 0.94575
0.05076 0.94924
0.14777 0.85223
0.14996 0.85004
0.52076 0.47924
0.11489 0.88511
0.11965 0.88035
0.02305 0.97695
0.11525 0.88475
0.80831 0.19169
0.09038 0.90962
0.48186 0.51814
0.97860 0.02140
0.99999 0.00001
0.71256 0.28744
0.82902 0.17098
0.77382 0.22618
0.65744 0.34256
0.65744 0.34256
0.99969 0.00031
0.72286 0.27714
0.99963 0.00037
0.57034 0.42966
0.71064 0.28936
0.67129 0.32871
0.48151 0.51849
0.99134 0.00866
0.96660 0.03340
0.90466 0.09534
0.99949 0.00051
0.83992 0.16008
0.99892 0.00108
0.99890 0.00110
0.78979 0.21021
0.99858 0.00142
0.13601 0.86399
0.81388 0.18612
0.17830 0.82170
0.89979 0.10021
0.95466 0.04534
0.98278 0.01722
0.99419 0.00581
0.15425 0.84575
0.73134 0.26866
0.99755 0.00245
0.26333 0.73667
0.86412 0.13588
0.12107 0.87893
0.50081 0.49919
0.13125 0.86875
0.07578 0.92422
0.09228 0.90772
0.13049 0.86951
0.99701 0.00299
0.89248 0.10752
0.99978 0.00022
0.89543 0.10457
0.91468 0.08532
0.99874 0.00126
0.99915 0.00085
0.74392 0.25608
0.74392 0.25608
0.99589 0.00411
0.99589 0.00411
0.74392 0.25608
0.74392 0.25608
0.74392 0.25608
0.74392 0.25608
0.87741 0.12259
0.93853 0.06147
0.93853 0.06147
0.68212 0.31788
0.88816 0.11184
0.99993 0.00007
0.99967 0.00033
0.11621 0.88379
0.14150 0.85850
0.99992 0.00008
0.99990 0.00010
0.99990 0.00010
0.99965 0.00035
0.99645 0.00355
0.98764 0.01236
0.98764 0.01236
0.16069 0.83931
0.98776 0.01224
0.18737 0.81263
0.76328 0.23672
0.10945 0.89055
0.11790 0.88210
0.26979 0.73021
0.22127 0.77873
0.99640 0.00360
0.98773 0.01226
0.60288 0.39712
0.60288 0.39712
0.03621 0.96379
0.99947 0.00053
0.94163 0.05837
0.27040 0.72960
0.31662 0.68338
0.40205 0.59795
0.76634 0.23366
0.83358 0.16642
0.82467 0.17533
0.90105 0.09895
0.84387 0.15613
0.83691 0.16309
0.17676 0.82324
0.23211 0.76789
0.13240 0.86760
0.16553 0.83447
0.10670 0.89330
0.49890 0.50110
0.24366 0.75634
0.81313 0.18687
0.83256 0.16744
0.92100 0.07900
0.27955 0.72045
0.70305 0.29695
0.70305 0.29695
0.06490 0.93510
0.21091 0.78909
0.78422 0.21578
0.41393 0.58607
0.95444 0.04556
0.43987 0.56013
0.43987 0.56013
0.43987 0.56013
0.43987 0.56013
0.10334 0.89667
0.10127 0.89873
0.06477 0.93523
0.10293 0.89707
0.99721 0.00279
0.10482 0.89518
0.88373 0.11627
0.74548 0.25452
0.83068 0.16932
0.83068 0.16932
0.97654 0.02346
0.99709 0.00291
0.99815 0.00185
0.99815 0.00185
0.97069 0.02931
0.97069 0.02931
0.39533 0.60467
0.38443 0.61557
0.83887 0.16113
0.83887 0.16113
1.00000 0.00000
0.99837 0.00163
0.99837 0.00163
0.99991 0.00009
0.99873 0.00127
0.19919 0.80081
0.99982 0.00018
0.94139 0.05861
0.98570 0.01430
0.98508 0.01492
0.98096 0.01904
0.98113 0.01887
0.99975 0.00025
0.99900 0.00100
0.99968 0.00032
0.99968 0.00032
0.07800 0.92200
0.07604 0.92396
0.99867 0.00133
0.49211 0.50789
0.83643 0.16357
0.63024 0.36976
0.28396 0.71604
0.47988 0.52012
0.97882 0.02118
0.10186 0.89814
0.49908 0.50092
0.12164 0.87836
0.99526 0.00474
0.47988 0.52012
0.97882 0.02118
0.10186 0.89814
0.98351 0.01649
0.65016 0.34984
0.63626 0.36374
0.92171 0.07829
0.99782 0.00218
0.83370 0.16630
0.34190 0.65810
0.34190 0.65810
0.83235 0.16765
0.80825 0.19175
0.39790 0.60210
0.39790 0.60210
0.85413 0.14587
0.84537 0.15463
0.32434 0.67566
0.37270 0.62730
0.19251 0.80749
0.37270 0.62730
0.15967 0.84033
0.18647 0.81353
0.15967 0.84033
0.15967 0.84033
0.18647 0.81353
0.15967 0.84033
0.97852 0.02148
0.93086 0.06914
0.48041 0.51959
0.28509 0.71491
0.99898 0.00102
0.99905 0.00095
0.47046 0.52954
0.43565 0.56435
0.45725 0.54275
0.42265 0.57735
0.99963 0.00037
0.42265 0.57735
0.12650 0.87350
0.15366 0.84634
0.93042 0.06958
0.55060 0.44940
0.28044 0.71956
0.22784 0.77216
0.34838 0.65162
0.36030 0.63970
0.89305 0.10695
0.81943 0.18057
0.74974 0.25026
0.69945 0.30055
0.70147 0.29853
0.40311 0.59689
0.28572 0.71428
0.34035 0.65965
0.30022 0.69978
0.36419 0.63581
0.99785 0.00215
0.60573 0.39427
0.60573 0.39427
0.05459 0.94541
0.99624 0.00376
0.99165 0.00835
0.99180 0.00820
0.99470 0.00530
0.99509 0.00491
0.11632 0.88368
0.30460 0.69540
0.88284 0.11716
0.61971 0.38029
0.22362 0.77638
0.28387 0.71613
0.21684 0.78316
0.80226 0.19774
0.36612 0.63388
0.46705 0.53295
0.35126 0.64874
0.13890 0.86110
0.18748 0.81252
0.13783 0.86217
0.99728 0.00272
0.99728 0.00272
0.13490 0.86510
0.13490 0.86510
0.66190 0.33810
0.80787 0.19213
0.87483 0.12517
0.08623 0.91377
0.95357 0.04643
0.46376 0.53624
0.53548 0.46452
0.46187 0.53813
0.63495 0.36505
0.39046 0.60954
0.97356 0.02644
0.96961 0.03039
0.49691 0.50309
0.14433 0.85567
0.40131 0.59869
0.41770 0.58230
0.30872 0.69128
0.14381 0.85619
0.97797 0.02203
0.99292 0.00708
0.61598 0.38402
0.61598 0.38402
0.59427 0.40573
0.65771 0.34229
0.99949 0.00051
0.99925 0.00075
0.99933 0.00067
1.00000 0.00000
0.99968 0.00032
0.91681 0.08319
0.99936 0.00064
0.94324 0.05676
0.99917 0.00083
0.99952 0.00048
0.99153 0.00847
0.99962 0.00038
0.90117 0.09883
0.93238 0.06762
0.99992 0.00008
0.99558 0.00442
0.99456 0.00544
0.99658 0.00342
0.47789 0.52211
0.58705 0.41295
0.96180 0.03820
0.96628 0.03372
0.34335 0.65665
0.92486 0.07514
0.27193 0.72807
0.25119 0.74881
0.99904 0.00096
0.34950 0.65050
0.93199 0.06801
0.47938 0.52062
0.96367 0.03633
0.92166 0.07834
0.94613 0.05387
0.91302 0.08698
0.99921 0.00079
0.99955 0.00045
0.99713 0.00287
0.38171 0.61829
0.45670 0.54330
0.24535 0.75465
0.89583 0.10417
0.83892 0.16108
0.01681 0.98319
0.20391 0.79609
0.17958 0.82042
0.29379 0.70621
0.05979 0.94021
0.29464 0.70536
0.90594 0.09406
0.90293 0.09707
0.89949 0.10051
0.06668 0.93332
0.26954 0.73046
0.99745 0.00255
0.70279 0.29721
0.23026 0.76974
0.94226 0.05774
0.99981 0.00019
0.55931 0.44069
0.16027 0.83973
0.45763 0.54237
0.99723 0.00277
0.45763 0.54237
0.99723 0.00277
0.45763 0.54237
0.99723 0.00277
0.99431 0.00569
0.59736 0.40264
0.09557 0.90443
0.90334 0.09666
0.17167 0.82833
0.15686 0.84314
0.15573 0.84427
0.30897 0.69103
0.83774 0.16226
0.24347 0.75653
0.90115 0.09885
0.96752 0.03248
0.64714 0.35286
0.96752 0.03248
0.65002 0.34998
0.76744 0.23256
0.32760 0.67240
0.42447 0.57553
0.86457 0.13543
0.95876 0.04124
0.27869 0.72131
0.22193 0.77807
0.44781 0.55219
0.99808 0.00192
0.99208 0.00792
0.63116 0.36884
0.50917 0.49083
0.50917 0.49083
0.60750 0.39250
0.97572 0.02428
0.52689 0.47311
0.99310 0.00690
0.98456 0.01544
0.17983 0.82017
0.12194 0.87806
0.12978 0.87022
0.29573 0.70427
0.18582 0.81418
0.71797 0.28203
0.81551 0.18449
0.74511 0.25489
0.18602 0.81398
0.64789 0.35211
0.77167 0.22833
0.15699 0.84301
0.73498 0.26502
0.73498 0.26502
0.99449 0.00551
0.37754 0.62246
0.37754 0.62246
0.54334 0.45666
0.13281 0.86719
0.70261 0.29739
0.98242 0.01758
0.98685 0.01315
0.99652 0.00348
0.94369 0.05631
0.99496 0.00504
0.85694 0.14306
0.09347 0.90653
0.99980 0.00020
0.99979 0.00021
0.96750 0.03250
0.96198 0.03802
0.99743 0.00257
0.99918 0.00082
0.76702 0.23298
0.74799 0.25201
0.86361 0.13639
0.83696 0.16304
0.93256 0.06744
0.99697 0.00303
0.97976 0.02024
0.98112 0.01888
0.98179 0.01821
0.98762 0.01238
0.98127 0.01873
0.98498 0.01502
0.99060 0.00940
0.98643 0.01357
0.97964 0.02036
0.29094 0.70906
0.24726 0.75274
0.27507 0.72493
0.33900 0.66100
0.21565 0.78435
0.19898 0.80102
0.23894 0.76106
0.46937 0.53063
0.99560 0.00440
0.99996 0.00004
0.99994 0.00006
0.99982 0.00018
0.75023 0.24977
0.65407 0.34593
0.45703 0.54297
0.99926 0.00074
0.99998 0.00002
0.16332 0.83668
0.99129 0.00871
0.12432 0.87568
0.13733 0.86267
0.80169 0.19831
0.93626 0.06374
0.58524 0.41476
0.98507 0.01493
0.98710 0.01290
0.92386 0.07614
0.56621 0.43379
0.33672 0.66328
0.36599 0.63401
0.94087 0.05913
0.99965 0.00035
0.38043 0.61957
0.41115 0.58885
0.99053 0.00947
0.95239 0.04761
0.91848 0.08152
0.32587 0.67413
0.30439 0.69561
0.99998 0.00002
0.15301 0.84699
0.99998 0.00002
0.39168 0.60832
0.99347 0.00653
0.30353 0.69647
0.98788 0.01212
0.99997 0.00003
0.99998 0.00002
0.14110 0.85890
0.18313 0.81687
0.74985 0.25015
0.23161 0.76839
0.09435 0.90565
0.09806 0.90194
0.28079 0.71921
0.32364 0.67636
0.81066 0.18934
0.87042 0.12958
0.54261 0.45739
0.14502 0.85498
0.16782 0.83218
0.07115 0.92885
0.76008 0.23992
0.15316 0.84684
0.99980 0.00020
0.27017 0.72983
0.34824 0.65176
0.44495 0.55505
0.19850 0.80150
0.95224 0.04776
0.27398 0.72602
0.50377 0.49623
0.31790 0.68210
0.99688 0.00312
0.99962 0.00038
0.18651 0.81349
0.37500 0.62500
0.61496 0.38504
0.77478 0.22522
0.77478 0.22522
0.74173 0.25827
0.77707 0.22293
0.74173 0.25827
0.78951 0.21049
0.71465 0.28535
0.99540 0.00460
0.99384 0.00616
0.66264 0.33736
0.62929 0.37071
0.80916 0.19084
0.86230 0.13770
0.92549 0.07451
0.99992 0.00008
0.85274 0.14726
0.85274 0.14726
0.92549 0.07451
0.99992 0.00008
0.85274 0.14726
0.85274 0.14726
0.92549 0.07451
0.99992 0.00008
0.85274 0.14726
0.85274 0.14726
0.92549 0.07451
0.99992 0.00008
0.85274 0.14726
0.29745 0.70255
0.40734 0.59266
0.86348 0.13652
0.64770 0.35230
0.99929 0.00071
0.80478 0.19522
0.99971 0.00029
0.91282 0.08718
0.55954 0.44046
0.32963 0.67037
0.30824 0.69176
0.81986 0.18014
0.81986 0.18014
0.30824 0.69176
0.31890 0.68110
0.96671 0.03329
0.83046 0.16954
0.48970 0.51030
0.48970 0.51030
0.57640 0.42360
0.55228 0.44772
0.91032 0.08968
0.91032 0.08968
0.74815 0.25185
0.53381 0.46619
0.92186 0.07814
0.37551 0.62449
0.37551 0.62449
0.31391 0.68609
0.99997 0.00003
0.99997 0.00003
0.38559 0.61441
0.37551 0.62449
0.37551 0.62449
0.31391 0.68609
0.46160 0.53840
0.44065 0.55935
0.18950 0.81050
0.29313 0.70687
0.85209 0.14791
0.20997 0.79003
0.16012 0.83988
0.16012 0.83988
0.95260 0.04740
0.16905 0.83095
0.26727 0.73273
0.37071 0.62929
0.91207 0.08793
0.96466 0.03534
0.99930 0.00070
0.99981 0.00019
0.18813 0.81187
0.27142 0.72858
0.15712 0.84288
0.30634 0.69366
0.40906 0.59094
0.28891 0.71109
0.88076 0.11924
0.60653 0.39347
0.18724 0.81276
0.46230 0.53770
0.10833 0.89167
0.13294 0.86706
0.94367 0.05633
0.40952 0.59048
0.71810 0.28190
0.78062 0.21938
0.99982 0.00018
0.97247 0.02753
0.98199 0.01801
0.99805 0.00195
0.94316 0.05684
0.64985 0.35015
0.07073 0.92927
0.89767 0.10233
0.47371 0.52629
0.08630 0.91370
0.08483 0.91517
0.17426 0.82574
0.19319 0.80681
0.97555 0.02445
0.31004 0.68996
0.98419 0.01581
0.99682 0.00318
0.99607 0.00393
0.89469 0.10531
0.92640 0.07360
0.81787 0.18213
0.85903 0.14097
0.91420 0.08580
0.98659 0.01341
0.99282 0.00718
0.99717 0.00283
0.18711 0.81289
0.99952 0.00048
0.99570 0.00430
0.88246 0.11754
0.56470 0.43530
0.90948 0.09052
0.99674 0.00326
0.88246 0.11754
0.56470 0.43530
0.99985 0.00015
0.99975 0.00025
0.99985 0.00015
0.99975 0.00025
0.74784 0.25216
0.83739 0.16261
0.75617 0.24383
0.70846 0.29154
0.75412 0.24588
0.70846 0.29154
0.90701 0.09298
0.96485 0.03515
0.58104 0.41896
0.68149 0.31851
0.58104 0.41896
0.68149 0.31851
0.58104 0.41896
0.68149 0.31851
0.62254 0.37746
0.45936 0.54064
0.14991 0.85009
0.14991 0.85009
0.26142 0.73858
0.43229 0.56771
0.45083 0.54917
0.37564 0.62436
0.32513 0.67487
0.48770 0.51230
0.90381 0.09619
0.49367 0.50633
0.29707 0.70293
0.55006 0.44994
0.93691 0.06309
0.99282 0.00718
0.77365 0.22635
0.97846 0.02154
0.93377 0.06623
0.93377 0.06623
0.99529 0.00471
0.85006 0.14994
0.82980 0.17020
0.99949 0.00051
0.99979 0.00021
0.99979 0.00021
0.99967 0.00033
0.99836 0.00164
0.99987 0.00013
0.16923 0.83077
0.27543 0.72457
0.22177 0.77823
0.84035 0.15965
0.32994 0.67006
0.98974 0.01026
0.99470 0.00530
0.51513 0.48487
0.51000 0.49000
0.45363 0.54637
0.39398 0.60602
0.38026 0.61974
0.46906 0.53094
0.99774 0.00226
0.34418 0.65582
0.92407 0.07593
0.22362 0.77638
0.25812 0.74188
0.11495 0.88506
0.59499 0.40501
0.32924 0.67076
0.95907 0.04093
0.71650 0.28350
0.71650 0.28350
0.52605 0.47395
0.52605 0.47395
0.99952 0.00048
0.99952 0.00048
0.52605 0.47395
0.52605 0.47395
0.72088 0.27912
0.74165 0.25835
0.54454 0.45546
0.75021 0.24979
0.55149 0.44851
0.99999 0.00001
0.81456 0.18544
0.92076 0.07924
0.89416 0.10584
0.89416 0.10584
0.45848 0.54152
0.45848 0.54152
0.56303 0.43697
0.56303 0.43697
0.45848 0.54152
0.45848 0.54152
0.56303 0.43697
0.57943 0.42057
0.99924 0.00076
0.32245 0.67755
0.32245 0.67755
0.50190 0.49810
0.35087 0.64913
0.15998 0.84002
0.62205 0.37795
0.79593 0.20407
0.58216 0.41784
0.58216 0.41784
0.22019 0.77981
0.18111 0.81889
0.99315 0.00685
0.99726 0.00274
0.96797 0.03203
0.99948 0.00052
0.32020 0.67980
0.08493 0.91507
0.25990 0.74010
0.99742 0.00258
0.85667 0.14333
0.82156 0.17844
0.75663 0.24337
0.85513 0.14487
0.87685 0.12315
0.72038 0.27962
0.21518 0.78482
0.54904 0.45096
0.54904 0.45096
0.56072 0.43928
0.56072 0.43928
0.42761 0.57239
0.42761 0.57239
0.41016 0.58984
0.41016 0.58984
0.49505 0.50495
0.48684 0.51316
0.99999 0.00001
0.54611 0.45389
0.53401 0.46599
0.99974 0.00026
0.99819 0.00181
0.97331 0.02669
0.89937 0.10063
0.58458 0.41542
0.99710 0.00290
0.99710 0.00290
0.71878 0.28122
0.72402 0.27598
0.71042 0.28958
0.74554 0.25446
0.79979 0.20021
0.60776 0.39224
0.61202 0.38798
0.91302 0.08698
0.99996 0.00004
0.99997 0.00003
0.99962 0.00038
0.98680 0.01320
0.99995 0.00005
0.90573 0.09427
0.32777 0.67223
0.98680 0.01320
0.99995 0.00005
0.99971 0.00029
0.99971 0.00029
0.99798 0.00202
1.00000 0.00000
0.10037 0.89963
0.36061 0.63939
0.66874 0.33126
0.25995 0.74005
0.99848 0.00152
0.31712 0.68288
0.99896 0.00104
0.98717 0.01283
0.10618 0.89382
0.08735 0.91265
0.21707 0.78293
0.17371 0.82629
0.92065 0.07935
0.24471 0.75529
0.99888 0.00112
0.52961 0.47039
0.91109 0.08891
0.37291 0.62709
0.84217 0.15783
0.94213 0.05787
0.94738 0.05262
0.78529 0.21471
0.75385 0.24615
0.87321 0.12679
0.31488 0.68512
0.05300 0.94700
0.05177 0.94823
0.06150 0.93850
0.06009 0.93991
0.22254 0.77746
0.19410 0.80590
0.28199 0.71801
0.24680 0.75320
0.30549 0.69451
0.26944 0.73056
0.16221 0.83779
0.15155 0.84845
0.15959 0.84041
0.33598 0.66402
0.34484 0.65516
0.96379 0.03621
0.76712 0.23288
0.36963 0.63037
0.29094 0.70906
0.27879 0.72121
0.28349 0.71651
0.27879 0.72121
0.22514 0.77486
0.22514 0.77486
0.23782 0.76218
0.17414 0.82586
0.26587 0.73413
0.47183 0.52817
0.08893 0.91107
0.99874 0.00126
0.40209 0.59791
0.99896 0.00104
0.54210 0.45790
0.99745 0.00255
0.97962 0.02038
0.99950 0.00050
0.96168 0.03832
0.99905 0.00095
0.54210 0.45790
0.99745 0.00255
0.37189 0.62811
0.82597 0.17403
0.63670 0.36330
0.98409 0.01591
0.99336 0.00664
0.98492 0.01508
0.98682 0.01318
0.97757 0.02243
0.98154 0.01846
0.96602 0.03398
0.96951 0.03049
0.39006 0.60994
0.14385 0.85615
0.21709 0.78291
0.99762 0.00238
0.29261 0.70739
0.59518 0.40482
0.03744 0.96256
0.90257 0.09743
0.13651 0.86349
0.81294 0.18706
0.11659 0.88341
0.07723 0.92277
0.80790 0.19210
0.95838 0.04162
0.15311 0.84689
0.17432 0.82568
0.33140 0.66860
0.08146 0.91854
0.13706 0.86294
0.15711 0.84289
0.12055 0.87945
0.13812 0.86188
0.18705 0.81295
0.15553 0.84447
0.20585 0.79415
0.52608 0.47392
0.58544 0.41456
0.52608 0.47392
0.57949 0.42051
0.53566 0.46434
0.20892 0.79108
0.08403 0.91597
0.08757 0.91243
0.99926 0.00074
0.99862 0.00138
0.90858 0.09142
0.99918 0.00082
0.19847 0.80153
0.31711 0.68289
0.47219 0.52781
0.85957 0.14043
0.97545 0.02455
0.47590 0.52410
0.31996 0.68004
0.96786 0.03214
0.78878 0.21122
0.35270 0.64730
0.99928 0.00073
0.98617 0.01383
0.34481 0.65519
0.35076 0.64924
0.99393 0.00607
0.11425 0.88575
0.25477 0.74523
0.21035 0.78965
0.92867 0.07133
0.45580 0.54420
0.99998 0.00002
0.09744 0.90256
0.19719 0.80281
0.33328 0.66672
0.64121 0.35879
0.29548 0.70452
0.99793 0.00207
0.08048 0.91952
0.47505 0.52495
0.15403 0.84597
0.18409 0.81591
0.71202 0.28798
0.99775 0.00225
0.93025 0.06975
0.96448 0.03552
0.98856 0.01144
0.61613 0.38387
0.22340 0.77660
0.05237 0.94763
0.59426 0.40574
0.48425 0.51575
0.80383 0.19617
0.99970 0.00030
0.59024 0.40976
0.32294 0.67706
0.18302 0.81698
0.56208 0.43792
0.84884 0.15116
0.13250 0.86750
0.12744 0.87256
0.99990 0.00010
0.17428 0.82572
0.99166 0.00834
0.19815 0.80185
0.72132 0.27868
0.92782 0.07218
0.34739 0.65261
0.26595 0.73405
0.98453 0.01547
0.32381 0.67619
0.64736 0.35264
0.89520 0.10480
0.78811 0.21189
0.76425 0.23575
0.74949 0.25051
0.98583 0.01417
0.99994 0.00006
1.00000 0.00000
0.99984 0.00016
0.46692 0.53308
0.54470 0.45530
0.35610 0.64390
0.48284 0.51716
0.61569 0.38431
0.27119 0.72881
0.42324 0.57676
0.22464 0.77536
0.35642 0.64358
0.08941 0.91059
0.90611 0.09389
0.40486 0.59514
0.71397 0.28603
0.12509 0.87491
0.27650 0.72350
0.91402 0.08598
0.81283 0.18717
0.61454 0.38546
0.81282 0.18718
0.82837 0.17163
0.64887 0.35113
0.35444 0.64556
0.23486 0.76514
0.33104 0.66896
0.34934 0.65066
0.64514 0.35486
0.81283 0.18717
0.61454 0.38546
0.81282 0.18718
0.82837 0.17163
0.64887 0.35113
0.94049 0.05951
0.98660 0.01340
0.98149 0.01851
0.94265 0.05735
0.81941 0.18059
0.60572 0.39428
0.94049 0.05951
0.98660 0.01340
0.98149 0.01851
0.93939 0.06061
0.81941 0.18059
0.60572 0.39428
0.92675 0.07325
0.93752 0.06248
0.94127 0.05873
0.68476 0.31524
0.17334 0.82666
0.16364 0.83636
0.16278 0.83722
0.92520 0.07480
0.99841 0.00159
0.23359 0.76641
0.18957 0.81043
0.76078 0.23922
0.97886 0.02114
0.21367 0.78633
0.18827 0.81173
0.99988 0.00012
0.33892 0.66108
0.99954 0.00046
0.99919 0.00081
0.57986 0.42014
0.36225 0.63775
0.86748 0.13252
0.80741 0.19259
0.14982 0.85018
0.18245 0.81755
0.66062 0.33938
0.29553 0.70447
0.14828 0.85172
0.14060 0.85940
0.14087 0.85913
0.98254 0.01746
0.99019 0.00981
0.99999 0.00001
0.99996 0.00004
0.61830 0.38170
0.69355 0.30645
0.83711 0.16289
0.89070 0.10930
0.83711 0.16289
0.89070 0.10930
0.37387 0.62613
0.43373 0.56627
0.96327 0.03673
0.96327 0.03673
0.91008 0.08992
0.91008 0.08992
0.60851 0.39149
0.60851 0.39149
0.14684 0.85316
0.31019 0.68981
0.14308 0.85692
0.25585 0.74415
0.98274 0.01726
0.92628 0.07372
0.12876 0.87124
0.38513 0.61487
0.19780 0.80220
0.99633 0.00367
0.99230 0.00770
0.99706 0.00294
0.70394 0.29606
0.70394 0.29606
0.79292 0.20708
0.79292 0.20708
0.42626 0.57374
0.42626 0.57374
0.97695 0.02305
0.97695 0.02305
0.76037 0.23963
0.76037 0.23963
0.99962 0.00038
0.11072 0.88928
0.30514 0.69486
0.72466 0.27534
0.65400 0.34600
0.53876 0.46124
0.70944 0.29056
0.28783 0.71217
0.29991 0.70009
0.24340 0.75660
0.28783 0.71217
0.85291 0.14709
0.79361 0.20639
0.88344 0.11656
0.85681 0.14319
0.83073 0.16927
0.56071 0.43929
0.99967 0.00033
0.76955 0.23045
0.94717 0.05283
0.99538 0.00462
0.91454 0.08546
0.99538 0.00462
0.95737 0.04263
0.91454 0.08546
0.38398 0.61602
0.84904 0.15096
0.75916 0.24084
0.29253 0.70747
0.51769 0.48231
0.80836 0.19164
0.18215 0.81785
0.75532 0.24468
0.16934 0.83066
0.21908 0.78092
0.04820 0.95180
0.50916 0.49084
0.86609 0.13391
0.95213 0.04787
0.66368 0.33632
0.90914 0.09086
0.63237 0.36763
0.99985 0.00015
0.55490 0.44510
0.97279 0.02721
0.04674 0.95326
0.21276 0.78724
0.98218 0.01782
0.22275 0.77725
0.18182 0.81818
0.22275 0.77725
0.18182 0.81818
0.95313 0.04687
0.89476 0.10524
0.40527 0.59473
0.65014 0.34986
0.99174 0.00826
0.97033 0.02967
0.41304 0.58696
0.99660 0.00340
0.99828 0.00172
0.44211 0.55789
0.99590 0.00410
0.99956 0.00044
0.99171 0.00829
0.99035 0.00965
0.64264 0.35736
0.99894 0.00106
0.99583 0.00417
0.99972 0.00028
0.72787 0.27213
0.99994 0.00006
0.99993 0.00007
0.50246 0.49754
0.44474 0.55526
0.06348 0.93652
0.65346 0.34654
0.50724 0.49276
0.98178 0.01822
0.96913 0.03087
0.49907 0.50093
0.76235 0.23765
0.99997 0.00003
0.99999 0.00001
0.99999 0.00001
0.92523 0.07477
0.92523 0.07477
0.77747 0.22253
0.99982 0.00018
0.41740 0.58260
0.95420 0.04580
0.41740 0.58260
0.95420 0.04580
0.57751 0.42249
0.59390 0.40610
0.99675 0.00325
0.63136 0.36864
0.74513 0.25487
0.74283 0.25717
0.84212 0.15788
0.38764 0.61236
0.43268 0.56732
0.82251 0.17749
0.85620 0.14380
0.86242 0.13758
0.35954 0.64046
0.96732 0.03268
0.36920 0.63080
0.97182 0.02818
0.96297 0.03703
0.13427 0.86573
0.16298 0.83702
0.99996 0.00004
0.17868 0.82132
0.99995 0.00005
0.99952 0.00048
0.99964 0.00036
0.99971 0.00029
1.00000 0.00000
0.91037 0.08963
0.32464 0.67536
0.82949 0.17051
0.80034 0.19966
0.86361 0.13639
0.92435 0.07565
0.23939 0.76061
0.99418 0.00582
0.15997 0.84003
0.23939 0.76061
0.83435 0.16565
0.23939 0.76061
0.99418 0.00582
0.15997 0.84003
0.23939 0.76061
0.83435 0.16565
0.99945 0.00055
0.79659 0.20341
0.99945 0.00055
0.88701 0.11299
0.15145 0.84855
0.99307 0.00693
0.99736 0.00264
0.97258 0.02742
0.99044 0.00956
0.19070 0.80930
0.28035 0.71965
0.99930 0.00070
0.99900 0.00100
0.88460 0.11540
0.98772 0.01228
0.23082 0.76918
0.99681 0.00319
0.92045 0.07955
0.99407 0.00593
0.50304 0.49696
0.99870 0.00130
0.88762 0.11238
0.99854 0.00146
0.91773 0.08227
0.99426 0.00574
0.99963 0.00037
0.99958 0.00042
0.99981 0.00019
0.99960 0.00040
0.99972 0.00028
0.99958 0.00042
0.95905 0.04095
0.97191 0.02809
0.96292 0.03708
0.95644 0.04356
0.94698 0.05302
0.90934 0.09066
0.99704 0.00296
0.44451 0.55549
0.99678 0.00322
0.91350 0.08650
0.99738 0.00262
0.87814 0.12186
0.99647 0.00353
0.66789 0.33211
0.50340 0.49660
0.45420 0.54580
1.00000 0.00000
0.88153 0.11847
0.17415 0.82585
0.74830 0.25170
0.55347 0.44653
0.80114 0.19886
0.99190 0.00810
0.53595 0.46405
0.99049 0.00951
0.76781 0.23219
0.60808 0.39192
0.79360 0.20640
0.53193 0.46807
0.74891 0.25109
0.88989 0.11011
0.12459 0.87541
0.62107 0.37893
0.81647 0.18353
0.87577 0.12423
0.69777 0.30223
0.93675 0.06325
0.98777 0.01223
0.90603 0.09397
0.53478 0.46522
0.89327 0.10673
0.89264 0.10736
0.97480 0.02520
0.07011 0.92989
0.35936 0.64064
0.45333 0.54667
0.44822 0.55178
0.53154 0.46846
0.35768 0.64232
0.45333 0.54667
0.22678 0.77322
0.19639 0.80361
0.19639 0.80361
0.19639 0.80361
0.19639 0.80361
0.15742 0.84258
0.10841 0.89159
0.21012 0.78988
0.27795 0.72205
0.24768 0.75232
0.30814 0.69186
0.28389 0.71611
0.28389 0.71611
0.19738 0.80262
0.16263 0.83737
0.32195 0.67805
0.37929 0.62071
0.32312 0.67688
0.31041 0.68959
0.37929 0.62071
0.32312 0.67688
0.37212 0.62788
0.57169 0.42831
0.48512 0.51488
0.48413 0.51587
0.59743 0.40257
0.26909 0.73091
0.17322 0.82678
0.22592 0.77408
0.54253 0.45747
0.13984 0.86016
0.07095 0.92905
0.57646 0.42354
0.61812 0.38188
0.15903 0.84097
0.50333 0.49667
0.14072 0.85928
0.51036 0.48964
0.51036 0.48964
0.56151 0.43849
0.56151 0.43849
0.11397 0.88603
0.11397 0.88603
0.39126 0.60874
0.39126 0.60874
0.11397 0.88603
0.11397 0.88603
0.13685 0.86315
0.97597 0.02403
0.96719 0.03281
0.63806 0.36194
0.52680 0.47320
0.59044 0.40956
0.62317 0.37683
0.60251 0.39749
0.99999 0.00001
0.99998 0.00002
0.99543 0.00457
0.99418 0.00582
0.99707 0.00293
0.94695 0.05305
0.98265 0.01735
0.97362 0.02638
0.97362 0.02638
0.74418 0.25582
0.57792 0.42208
0.77965 0.22035
0.81963 0.18037
0.73151 0.26849
0.95362 0.04638
0.95362 0.04638
0.97789 0.02211
0.49424 0.50576
0.50030 0.49970
0.88577 0.11423
0.99919 0.00081
0.99998 0.00002
0.86295 0.13705
0.87528 0.12472
0.66909 0.33091
0.76086 0.23914
0.77302 0.22698
0.84461 0.15539
0.82738 0.17262
0.88303 0.11697
0.86975 0.13025
0.57188 0.42812
0.31136 0.68864
0.96297 0.03703
0.42733 0.57267
0.15871 0.84129
0.32619 0.67381
0.27247 0.72753
0.99832 0.00168
0.29185 0.70815
0.99912 0.00088
0.98822 0.01178
0.98908 0.01092
0.99466 0.00534
0.16692 0.83308
0.99861 0.00139
0.99861 0.00139
0.99837 0.00163
0.99837 0.00163
0.99953 0.00047
0.99953 0.00047
0.99075 0.00925
0.99075 0.00925
0.99861 0.00139
0.99861 0.00139
0.87625 0.12375
0.98659 0.01341
0.17826 0.82174
0.85121 0.14879
0.25719 0.74281
0.89862 0.10138
0.27734 0.72266
0.99818 0.00182
0.14744 0.85256
0.66284 0.33716
0.26681 0.73319
0.82314 0.17686
0.98921 0.01079
0.94142 0.05858
0.84459 0.15541
0.30070 0.69930
0.47443 0.52557
0.91614 0.08386
0.30886 0.69114
0.99965 0.00035
0.99965 0.00035
0.99973 0.00027
0.69351 0.30649
0.69351 0.30649
0.69351 0.30649
0.69351 0.30649
0.69351 0.30649
0.69351 0.30649
0.23045 0.76955
0.64985 0.35015
0.99943 0.00058
0.98403 0.01597
0.99934 0.00066
0.99999 0.00001
0.99984 0.00016
0.11215 0.88785
0.62980 0.37020
0.36500 0.63500
0.55114 0.44886
0.75171 0.24829
0.75171 0.24829
0.32877 0.67123
0.19886 0.80114
0.91527 0.08473
0.51915 0.48085
0.99976 0.00024
0.99982 0.00018
0.96717 0.03283
0.92008 0.07992
0.54497 0.45503
0.39100 0.60900
0.29013 0.70987
0.28225 0.71775
0.16740 0.83260
0.17186 0.82814
0.84670 0.15330
0.17186 0.82814
0.84670 0.15330
0.44673 0.55327
0.35910 0.64090
0.24504 0.75496
0.31071 0.68929
0.29302 0.70698
0.44673 0.55327
0.54752 0.45248
0.44673 0.55327
0.35910 0.64090
0.24504 0.75496
0.31071 0.68929
0.29302 0.70698
0.44673 0.55327
0.54752 0.45248
0.44673 0.55327
0.35910 0.64090
0.24504 0.75496
0.31071 0.68929
0.29302 0.70698
0.44673 0.55327
0.54752 0.45248
0.98759 0.01241
0.54453 0.45547
0.94062 0.05938
0.53087 0.46913
0.81465 0.18535
0.28559 0.71441
0.91960 0.08040
0.03338 0.96662
0.30856 0.69144
0.99994 0.00006
0.26495 0.73505
0.14345 0.85655
0.83441 0.16559
0.92027 0.07973
0.78548 0.21452
0.74751 0.25249
0.66653 0.33347
0.03171 0.96829
0.16199 0.83801
0.12058 0.87942
0.23640 0.76360
0.98191 0.01809
0.20128 0.79872
0.08002 0.91998
0.12202 0.87798
0.66955 0.33045
0.33992 0.66008
0.08071 0.91929
0.08071 0.91929
0.59987 0.40013
0.59987 0.40013
0.15005 0.84995
0.45941 0.54059
0.28016 0.71984
0.26898 0.73102
0.16699 0.83301
0.76558 0.23442
0.99796 0.00204
0.29819 0.70181
0.82299 0.17701
0.82125 0.17875
0.38446 0.61554
0.99929 0.00071
0.91121 0.08879
0.99768 0.00232
0.77410 0.22590
0.11352 0.88648
0.41164 0.58836
0.36798 0.63202
0.99996 0.00004
0.79023 0.20977
0.95312 0.04688
0.57985 0.42015
0.59597 0.40403
0.83725 0.16275
0.63869 0.36131
0.35688 0.64312
0.29899 0.70101
0.75329 0.24671
0.62463 0.37537
0.53782 0.46218
0.72450 0.27550
0.20593 0.79407
0.20065 0.79935
0.27059 0.72941
0.22020 0.77980
0.56656 0.43344
0.47491 0.52509
0.44819 0.55181
0.38090 0.61910
0.95868 0.04132
0.27157 0.72843
0.99994 0.00006
0.96470 0.03530
0.69106 0.30894
0.99972 0.00028
0.99968 0.00032
0.65766 0.34234
0.99982 0.00018
0.16639 0.83361
0.98642 0.01358
0.97742 0.02258
0.37247 0.62753
0.30632 0.69368
0.98642 0.01358
0.97742 0.02258
0.37247 0.62753
0.30632 0.69368
0.99996 0.00004
0.99993 0.00007
0.52641 0.47359
0.45769 0.54231
0.52641 0.47359
0.45769 0.54231
0.99024 0.00976
0.53998 0.46002
0.99715 0.00285
0.77462 0.22538
0.99996 0.00004
0.99993 0.00007
0.20494 0.79506
0.12251 0.87749
0.58200 0.41800
0.09679 0.90321
0.66504 0.33496
0.66504 0.33496
0.98661 0.01339
0.98661 0.01339
0.98661 0.01339
0.98661 0.01339
0.41442 0.58558
0.43088 0.56912
0.69387 0.30613
0.27808 0.72192
0.51680 0.48320
0.22120 0.77880
0.08205 0.91795
0.25458 0.74542
0.19305 0.80695
0.22072 0.77928
0.52210 0.47790
0.45159 0.54841
0.45159 0.54841
0.63769 0.36231
0.32395 0.67605
0.84514 0.15486
0.84514 0.15486
0.82609 0.17391
0.82609 0.17391
0.54004 0.45996
0.54428 0.45572
0.36370 0.63630
0.36751 0.63249
0.99480 0.00520
0.99475 0.00525
0.99384 0.00616
0.99378 0.00622
0.54004 0.45996
0.54428 0.45572
0.55851 0.44149
0.99628 0.00372
0.42980 0.57020
0.97499 0.02501
0.98052 0.01948
0.99955 0.00045
0.57364 0.42636
0.67921 0.32079
0.99640 0.00360
0.70319 0.29681
0.61686 0.38314
0.74933 0.25067
0.26789 0.73211
0.43165 0.56835
0.71839 0.28161
0.89313 0.10687
0.99997 0.00003
0.62115 0.37885
0.99068 0.00932
0.36837 0.63163
0.49527 0.50473
0.99973 0.00027
0.75277 0.24723
0.40724 0.59276
0.38303 0.61697
0.38303 0.61697
0.38303 0.61697
0.38303 0.61697
0.17131 0.82869
0.83508 0.16492
0.17131 0.82869
0.83508 0.16492
0.55804 0.44196
0.78750 0.21250
0.78802 0.21198
0.93082 0.06918
0.30284 0.69716
0.23444 0.76556
0.15512 0.84488
0.19720 0.80280
0.18569 0.81431
0.30284 0.69716
0.39572 0.60428
0.16027 0.83973
0.18267 0.81733
0.13711 0.86289
0.30284 0.69716
0.23444 0.76556
0.15512 0.84488
0.19720 0.80280
0.18569 0.81431
0.30284 0.69716
0.39572 0.60428
0.16027 0.83973
0.18267 0.81733
0.13711 0.86289
0.30284 0.69716
0.23444 0.76556
0.15512 0.84488
0.19720 0.80280
0.18569 0.81431
0.30284 0.69716
0.39572 0.60428
0.16027 0.83973
0.18267 0.81733
0.13711 0.86289
0.21330 0.78670
0.16694 0.83306
0.20928 0.79072
0.32877 0.67123
0.31619 0.68381
0.93592 0.06408
0.20963 0.79037
0.69470 0.30530
0.20726 0.79274
0.16299 0.83701
0.69470 0.30530
0.20726 0.79274
0.69470 0.30530
0.20726 0.79274
0.16299 0.83701
0.69470 0.30530
0.20726 0.79274
0.44676 0.55324
0.44676 0.55324
0.99988 0.00012
0.44676 0.55324
0.44676 0.55324
0.44676 0.55324
0.99988 0.00012
0.44676 0.55324
0.92993 0.07007
0.92993 0.07007
0.57810 0.42190
0.96673 0.03327
0.57810 0.42190
0.56063 0.43937
0.97496 0.02504
0.75277 0.24723
0.80601 0.19399
0.76271 0.23729
0.76176 0.23824
0.75850 0.24150
0.62903 0.37097
0.50160 0.49840
0.83427 0.16573
0.87462 0.12538
0.86244 0.13756
0.97631 0.02369
0.98119 0.01881
0.31153 0.68847
0.30319 0.69681
0.09250 0.90750
0.22931 0.77069
0.28202 0.71798
0.99997 0.00003
0.95172 0.04828
0.99984 0.00016
0.89726 0.10274
0.89726 0.10274
0.66684 0.33316
0.66684 0.33316
0.50904 0.49096
0.50904 0.49096
0.55048 0.44952
0.55048 0.44952
0.95829 0.04171
0.98223 0.01777
0.99967 0.00033
0.99994 0.00006
0.99976 0.00024
0.95212 0.04788
0.99950 0.00050
0.94825 0.05175
0.74044 0.25956
0.96621 0.03379
0.98009 0.01991
0.66079 0.33921
0.99960 0.00040
0.99947 0.00053
0.98040 0.01960
0.98720 0.01280
0.99917 0.00083
0.99848 0.00152
0.99034 0.00966
0.91603 0.08397
0.98084 0.01916
0.94786 0.05214
0.98658 0.01342
0.76076 0.23924
0.66110 0.33890
0.98043 0.01957
0.99970 0.00030
0.95163 0.04837
0.90894 0.09106
0.98184 0.01816
0.96284 0.03716
0.96120 0.03880
0.41744 0.58256
0.24510 0.75490
0.83554 0.16446
0.07259 0.92741
0.45500 0.54500
0.17325 0.82675
0.20730 0.79270
0.95532 0.04468
0.99183 0.00817
0.30773 0.69227
0.97641 0.02359
0.82345 0.17655
0.95837 0.04163
0.28358 0.71642
0.81775 0.18225
0.33841 0.66159
0.98709 0.01291
0.99936 0.00064
0.87091 0.12909
0.99969 0.00031
0.78667 0.21333
0.99968 0.00032
0.77015 0.22985
0.99993 0.00007
0.91669 0.08331
0.99974 0.00026
0.99919 0.00081
0.99916 0.00084
0.99998 0.00002
0.99992 0.00008
0.99992 0.00008
0.59684 0.40316
0.86585 0.13415
0.09771 0.90229
0.15689 0.84311
0.87864 0.12136
0.98263 0.01737
0.29592 0.70408
0.24435 0.75565
0.97360 0.02640
0.66325 0.33675
0.92737 0.07263
0.69008 0.30992
0.97374 0.02626
0.87234 0.12766
0.93661 0.06339
0.52692 0.47308
0.99966 0.00034
0.35833 0.64167
0.39881 0.60119
0.47297 0.52703
0.35833 0.64167
0.39881 0.60119
0.47297 0.52703
0.64021 0.35979
0.19732 0.80268
0.23103 0.76897
0.23103 0.76897
0.49134 0.50866
0.20858 0.79142
0.20292 0.79708
0.21989 0.78011
0.42206 0.57794
0.30326 0.69674
0.41204 0.58796
0.29382 0.70618
0.29600 0.70400
0.29895 0.70105
0.29116 0.70884
0.38134 0.61866
0.17215 0.82785
0.37982 0.62018
0.20676 0.79324
0.14416 0.85584
0.17126 0.82874
0.68097 0.31903
0.26006 0.73994
0.35103 0.64897
0.40865 0.59135
0.65806 0.34194
0.92000 0.08000
0.13742 0.86258
0.71589 0.28411
0.72235 0.27765
0.19582 0.80418
0.93961 0.06039
0.98503 0.01497
0.99044 0.00956
0.10884 0.89116
0.99957 0.00043
0.99957 0.00043
0.65964 0.34036
0.65964 0.34036
0.65964 0.34036
0.65964 0.34036
0.99942 0.00058
0.99942 0.00058
0.99978 0.00022
0.99978 0.00022
0.99332 0.00668
0.98540 0.01460
0.99706 0.00294
0.97120 0.02880
0.41244 0.58756
0.17421 0.82579
0.33270 0.66730
0.35713 0.64287
0.06897 0.93103
0.98612 0.01388
0.99148 0.00852
0.96555 0.03445
0.97910 0.02090
0.98030 0.01970
0.88760 0.11240
0.98739 0.01261
0.92378 0.07622
0.98739 0.01261
0.92378 0.07622
0.95889 0.04111
0.97207 0.02793
0.17674 0.82326
0.11811 0.88189
0.16006 0.83994
0.10120 0.89880
0.09595 0.90405
0.04796 0.95204
0.23459 0.76541
0.05736 0.94264
0.15590 0.84410
0.15590 0.84410
0.98092 0.01908
0.96394 0.03606
0.99539 0.00461
0.87445 0.12555
0.99850 0.00150
0.78089 0.21911
0.97743 0.02257
0.98755 0.01245
0.98755 0.01245
0.98755 0.01245
0.86970 0.13030
0.28400 0.71600
0.68274 0.31726
0.98889 0.01111
0.98057 0.01943
0.99968 0.00032
0.99644 0.00356
0.99946 0.00054
0.99916 0.00084
0.34702 0.65298
0.30904 0.69096
0.89840 0.10160
0.99908 0.00092
0.99867 0.00133
0.99895 0.00105
0.99920 0.00080
0.99985 0.00015
0.99980 0.00020
0.99973 0.00027
0.32801 0.67199
0.99969 0.00031
0.42290 0.57710
0.44047 0.55953
0.33044 0.66956
0.61371 0.38629
0.29361 0.70639
0.99504 0.00496
0.70565 0.29435
0.18743 0.81257
0.99892 0.00108
0.86756 0.13244
0.99892 0.00108
0.86756 0.13244
0.95445 0.04555
0.95740 0.04260
0.37475 0.62525
0.38679 0.61321
0.37475 0.62525
0.41884 0.58116
0.37475 0.62525
0.38679 0.61321
0.37475 0.62525
0.41884 0.58116
0.32698 0.67302
0.34756 0.65244
0.13533 0.86467
0.14399 0.85601
0.19588 0.80412
0.21018 0.78982
0.28316 0.71684
0.44023 0.55977
0.64469 0.35531
0.36886 0.63114
0.35583 0.64417
0.13671 0.86329
0.88091 0.11909
0.98607 0.01393
0.99381 0.00619
0.99486 0.00514
0.99343 0.00657
0.87895 0.12105
0.99603 0.00397
0.99714 0.00286
0.79599 0.20401
0.98861 0.01139
0.87238 0.12762
0.92600 0.07400
0.95339 0.04661
0.93447 0.06553
0.96344 0.03656
0.96456 0.03544
0.82285 0.17715
0.84193 0.15807
0.98903 0.01097
0.80223 0.19777
0.99664 0.00336
0.80223 0.19777
0.99664 0.00336
0.99258 0.00742
0.34013 0.65987
0.79328 0.20672
0.79328 0.20672
0.33489 0.66511
0.41357 0.58643
0.42992 0.57008
0.31117 0.68883
0.42436 0.57564
0.58835 0.41165
0.54032 0.45968
0.58708 0.41292
0.44621 0.55379
0.64429 0.35571
0.07756 0.92244
0.07097 0.92903
0.66236 0.33764
0.62905 0.37095
0.21147 0.78853
0.99795 0.00205
0.12558 0.87442
0.99189 0.00811
0.15364 0.84636
0.54753 0.45247
0.99746 0.00254
0.54753 0.45247
0.58773 0.41227
0.08429 0.91571
0.28029 0.71971
0.99681 0.00319
0.94720 0.05280
0.99983 0.00017
0.91275 0.08725
0.99995 0.00005
0.66529 0.33471
0.58364 0.41636
0.97484 0.02516
0.12511 0.87489
0.12511 0.87489
0.81079 0.18921
0.81079 0.18921
0.23262 0.76738
0.23262 0.76738
0.99995 0.00005
0.10300 0.89700
0.51590 0.48410
0.99330 0.00670
0.76797 0.23203
0.76797 0.23203
0.22027 0.77973
0.22027 0.77973
0.13386 0.86614
0.13386 0.86614
0.96152 0.03848
0.96152 0.03848
0.20361 0.79639
0.20361 0.79639
0.37612 0.62388
0.37612 0.62388
0.20361 0.79639
0.20361 0.79639
0.96152 0.03848
0.96152 0.03848
0.37612 0.62388
0.37612 0.62388
0.54827 0.45173
0.79839 0.20161
0.74789 0.25211
0.95962 0.04038
0.82119 0.17881
0.43080 0.56920
0.67664 0.32336
0.96071 0.03929
0.94066 0.05934
0.82188 0.17812
0.18805 0.81195
0.20697 0.79303
0.90039 0.09961
0.89421 0.10579
0.99998 0.00002
0.77723 0.22277
0.76809 0.23191
0.31248 0.68752
0.56217 0.43783
0.99998 0.00002
0.10431 0.89569
0.62223 0.37777
0.48704 0.51296
0.48704 0.51296
0.63193 0.36807
0.62838 0.37162
0.99898 0.00102
0.75576 0.24424
0.85782 0.14218
0.63285 0.36715
0.99898 0.00102
0.75576 0.24424
0.97503 0.02497
0.24699 0.75301
0.14265 0.85735
0.99573 0.00427
0.39449 0.60551
0.28683 0.71317
0.47529 0.52471
0.38953 0.61047
0.49902 0.50098
0.75421 0.24579
0.55465 0.44535
0.50807 0.49193
0.42235 0.57765
0.20980 0.79020
0.83487 0.16513
0.92425 0.07575
0.98657 0.01343
0.28601 0.71399
0.17729 0.82271
0.88577 0.11423
0.87897 0.12103
0.25519 0.74481
0.82847 0.17153
0.35788 0.64212
0.09714 0.90286
0.47567 0.52433
0.86185 0.13815
0.45246 0.54754
0.14705 0.85295
0.97561 0.02439
0.91738 0.08262
0.91738 0.08262
0.98625 0.01375
0.47825 0.52175
0.57906 0.42094
0.98625 0.01375
0.47825 0.52175
0.57906 0.42094
0.89610 0.10390
0.97678 0.02322
0.98016 0.01984
0.99928 0.00072
0.99959 0.00041
0.99917 0.00083
0.55020 0.44980
0.99920 0.00080
0.19917 0.80083
0.94850 0.05150
0.31726 0.68274
0.13619 0.86381
0.59088 0.40912
0.24392 0.75608
0.69151 0.30849
0.99999 0.00001
0.99687 0.00313
0.99361 0.00639
0.54810 0.45190
0.99797 0.00203
0.99900 0.00100
0.99916 0.00084
0.93982 0.06018
0.92414 0.07585
0.95351 0.04649
0.99993 0.00007
0.99760 0.00240
0.36297 0.63703
0.96964 0.03036
0.41760 0.58240
0.21837 0.78163
0.99976 0.00024
0.29984 0.70016
0.27038 0.72962
0.99989 0.00011
0.99970 0.00030
0.38024 0.61976
0.17700 0.82300
0.99999 0.00001
0.99999 0.00001
0.42187 0.57813
0.42187 0.57813
0.42187 0.57813
0.42187 0.57813
1.00000 0.00000
0.99774 0.00226
0.96557 0.03443
0.93400 0.06600
0.60795 0.39205
0.63822 0.36178
0.67232 0.32768
0.61044 0.38956
0.72855 0.27145
0.67896 0.32104
0.99176 0.00824
0.42821 0.57179
0.52164 0.47836
0.40483 0.59517
0.36016 0.63984
0.26595 0.73405
0.28327 0.71673
0.31458 0.68542
0.13724 0.86276
0.84275 0.15725
0.31750 0.68250
0.91775 0.08225
0.44957 0.55043
0.20721 0.79279
0.77590 0.22410
0.89904 0.10096
0.40262 0.59738
0.25605 0.74395
0.22690 0.77310
0.99899 0.00101
0.99943 0.00057
0.63246 0.36754
0.62757 0.37243
0.97626 0.02374
0.34318 0.65682
0.91145 0.08855
0.22416 0.77584
0.87714 0.12286
0.98450 0.01550
0.69940 0.30060
1.00000 0.00000
0.74505 0.25495
0.99999 0.00001
0.70620 0.29380
0.99982 0.00018
0.69237 0.30763
0.99999 0.00001
0.58416 0.41584
0.99982 0.00018
0.69237 0.30763
0.99995 0.00005
0.87514 0.12486
0.99999 0.00001
0.47044 0.52956
0.61122 0.38878
0.73184 0.26816
0.73184 0.26816
0.73184 0.26816
0.73184 0.26816
0.57198 0.42802
0.52167 0.47833
0.40063 0.59937
0.77095 0.22905
0.26923 0.73077
0.65778 0.34222
0.67462 0.32538
0.67223 0.32777
0.80563 0.19437
0.80929 0.19071
0.64281 0.35719
0.58372 0.41628
0.94320 0.05680
0.73226 0.26774
0.31297 0.68703
0.98626 0.01374
0.90460 0.09540
0.79303 0.20697
0.31273 0.68727
0.91857 0.08143
0.99935 0.00065
0.99935 0.00065
0.99935 0.00065
0.99935 0.00065
0.99931 0.00069
0.99978 0.00022
0.80022 0.19978
0.75313 0.24687
0.82317 0.17683
0.78046 0.21954
0.79858 0.20142
0.75144 0.24856
0.65572 0.34428
0.62212 0.37788
0.65572 0.34428
0.62212 0.37788
0.67547 0.32453
0.66967 0.33033
0.71629 0.28371
0.71055 0.28945
0.99895 0.00105
0.99893 0.00107
0.69127 0.30873
0.68554 0.31446
0.71622 0.28378
0.71027 0.28973
0.99903 0.00097
0.99902 0.00098
0.69127 0.30873
0.68554 0.31446
0.99903 0.00097
0.99902 0.00098
0.71622 0.28378
0.71027 0.28973
0.99903 0.00097
0.99902 0.00098
0.59186 0.40814
0.62263 0.37737
0.99288 0.00712
0.60109 0.39891
0.99281 0.00719
0.62587 0.37413
0.99281 0.00719
0.68530 0.31470
0.71904 0.28096
0.80957 0.19043
0.99745 0.00255
0.43255 0.56745
0.45613 0.54387
0.74372 0.25628
0.24558 0.75442
1.00000 0.00000
0.48867 0.51133
0.48867 0.51133
0.95311 0.04689
0.99895 0.00105
0.99845 0.00155
0.93235 0.06765
0.93278 0.06722
0.87042 0.12958
0.84092 0.15908
0.79006 0.20994
0.79733 0.20267
0.73829 0.26171
0.83998 0.16002
0.91147 0.08853
0.95694 0.04306
0.93436 0.06564
0.90744 0.09256
0.95882 0.04118
0.93776 0.06224
0.95882 0.04118
0.93776 0.06224
0.49094 0.50906
0.53515 0.46485
0.53616 0.46384
0.43973 0.56027
0.48234 0.51766
0.49421 0.50579
0.55469 0.44531
0.56143 0.43857
0.39522 0.60478
0.41906 0.58094
0.46249 0.53751
0.50051 0.49949
0.51491 0.48509
0.47502 0.52498
0.29106 0.70894
0.89915 0.10085
0.08634 0.91366
0.90467 0.09533
0.15543 0.84457
0.99274 0.00726
0.98108 0.01892
0.43745 0.56255
0.87191 0.12809
0.60801 0.39199
0.68966 0.31034
0.24640 0.75360
0.47469 0.52531
0.60699 0.39301
0.33286 0.66714
0.40500 0.59500
0.50821 0.49179
0.50821 0.49179
0.10715 0.89285
0.10540 0.89460
0.99982 0.00018
0.12470 0.87530
0.99998 0.00002
0.82410 0.17590
0.99892 0.00108
0.10610 0.89390
0.83159 0.16841
0.99553 0.00447
0.81787 0.18213
0.32433 0.67567
0.97539 0.02461
0.41709 0.58291
0.41075 0.58925
0.94227 0.05773
0.41709 0.58291
0.62561 0.37439
0.76473 0.23527
0.76318 0.23682
0.83921 0.16079
0.27432 0.72568
0.99999 0.00001
0.99990 0.00010
0.99986 0.00014
0.99995 0.00005
0.58016 0.41984
0.55735 0.44265
0.94527 0.05473
0.94389 0.05611
0.58016 0.41984
0.55735 0.44265
0.93128 0.06872
0.92853 0.07147
0.34473 0.65527
0.35580 0.64420
0.90651 0.09349
0.90651 0.09349
0.99999 0.00001
0.99999 0.00001
0.99999 0.00001
0.99999 0.00001
0.99595 0.00405
0.99917 0.00083
0.11907 0.88093
0.85360 0.14640
0.34127 0.65873
0.55701 0.44299
0.93235 0.06765
0.62736 0.37264
0.62736 0.37264
0.62736 0.37264
0.62736 0.37264
0.28962 0.71038
0.28962 0.71038
0.99914 0.00086
0.99914 0.00086
0.28962 0.71038
0.28962 0.71038
0.29221 0.70779
0.94743 0.05257
0.99989 0.00011
0.99994 0.00006
0.89212 0.10788
0.99261 0.00739
0.49221 0.50779
0.50108 0.49892
0.99982 0.00018
0.72376 0.27624
0.95462 0.04538
0.99977 0.00023
0.99805 0.00195
0.99392 0.00608
0.99655 0.00345
0.98308 0.01692
0.99917 0.00083
0.99910 0.00090
0.24747 0.75253
0.29788 0.70212
0.94239 0.05761
0.96031 0.03969
0.11153 0.88847
0.17459 0.82541
0.99993 0.00007
0.16319 0.83681
0.99988 0.00012
0.99947 0.00053
0.99910 0.00090
0.99296 0.00704
0.99817 0.00183
0.55992 0.44008
0.55992 0.44008
0.72238 0.27762
0.88040 0.11960
0.87242 0.12758
0.99134 0.00866
0.97949 0.02051
0.40693 0.59307
0.98079 0.01921
0.59979 0.40021
0.70036 0.29964
0.72941 0.27059
0.55501 0.44499
0.85025 0.14975
0.69451 0.30549
0.29402 0.70598
0.40781 0.59219
0.13568 0.86432
0.11620 0.88380
0.23268 0.76732
0.17507 0.82493
0.97706 0.02294
0.22599 0.77401
0.60223 0.39777
0.70512 0.29488
0.06635 0.93365
0.90181 0.09819
0.98839 0.01161
0.99985 0.00015
0.92669 0.07331
0.69120 0.30880
0.88538 0.11462
0.88554 0.11446
0.88960 0.11040
0.84657 0.15343
0.90080 0.09920
0.68333 0.31667
0.81363 0.18637
0.43696 0.56304
0.57575 0.42425
0.81677 0.18323
0.72237 0.27763
0.72237 0.27763
0.36686 0.63314
0.09918 0.90082
0.13166 0.86834
0.99417 0.00583
0.98850 0.01150
0.33492 0.66508
0.99836 0.00164
0.02604 0.97396
0.07022 0.92978
0.91450 0.08550
0.28241 0.71759
0.99891 0.00109
0.99561 0.00439
0.99756 0.00244
0.11734 0.88266
0.91227 0.08773
0.91232 0.08768
0.95501 0.04499
0.94960 0.05040
0.26495 0.73505
0.25769 0.74231
0.73505 0.26495
0.75189 0.24811
0.67440 0.32560
0.67440 0.32560
0.93125 0.06875
0.93125 0.06875
0.78478 0.21522
0.99709 0.00291
0.94668 0.05332
0.48949 0.51051
0.74658 0.25342
0.98841 0.01159
0.10330 0.89670
0.99999 0.00001
0.99940 0.00060
0.99817 0.00183
0.52720 0.47280
0.99982 0.00019
0.35244 0.64756
0.47074 0.52926
0.99979 0.00021
0.29574 0.70426
0.85575 0.14425
0.29574 0.70426
0.85575 0.14425
0.99985 0.00015
0.99780 0.00220
0.45232 0.54768
0.99655 0.00345
0.31993 0.68007
0.99996 0.00004
0.31993 0.68007
0.99996 0.00004
0.99995 0.00005
0.99998 0.00002
0.99999 0.00001
0.61950 0.38050
0.19773 0.80227
0.30372 0.69628
0.29859 0.70141
0.87473 0.12527
0.98609 0.01391
0.88958 0.11042
0.35631 0.64369
0.95247 0.04753
0.99992 0.00008
0.99882 0.00118
0.99909 0.00091
0.93174 0.06826
0.92045 0.07955
0.88533 0.11467
0.87125 0.12875
0.68112 0.31888
0.63872 0.36128
0.62332 0.37668
0.65607 0.34393
0.61197 0.38803
0.59634 0.40366
0.82006 0.17994
0.48824 0.51176
0.55202 0.44798
0.51685 0.48315
0.55202 0.44798
0.51685 0.48315
0.46039 0.53961
0.47686 0.52314
0.30236 0.69764
0.42456 0.57544
0.06501 0.93499
0.07098 0.92902
0.40210 0.59790
0.92213 0.07787
0.43962 0.56038
0.99988 0.00012
0.95973 0.04027
0.70517 0.29483
0.72594 0.27406
0.77288 0.22712
0.72594 0.27406
0.35570 0.64430
0.30571 0.69429
0.30347 0.69653
0.28487 0.71513
0.34773 0.65227
0.55377 0.44623
0.27497 0.72503
0.19983 0.80017
0.29670 0.70330
0.46474 0.53526
0.99987 0.00013
0.92383 0.07617
0.72238 0.27762
0.56573 0.43427
0.76183 0.23817
0.06184 0.93816
0.38641 0.61359
0.85691 0.14309
0.89827 0.10173
0.34060 0.65940
0.96133 0.03867
0.40547 0.59453
0.96133 0.03867
0.40547 0.59453
0.96133 0.03867
0.40547 0.59453
0.97665 0.02335
0.92602 0.07398
0.77724 0.22276
0.84233 0.15767
0.98732 0.01268
0.86250 0.13750
0.46949 0.53051
0.98750 0.01250
0.99961 0.00039
0.25982 0.74018
0.25982 0.74018
0.25982 0.74018
0.25982 0.74018
0.32659 0.67341
0.58281 0.41719
0.58281 0.41719
0.58281 0.41719
0.58281 0.41719
0.70424 0.29576
0.42962 0.57038
0.41985 0.58015
0.88407 0.11593
0.55580 0.44420
0.99298 0.00702
0.85023 0.14977
0.48494 0.51506
0.92350 0.07650
0.99801 0.00199
0.99990 0.00010
0.92796 0.07204
0.99888 0.00112
0.94502 0.05498
0.85945 0.14055
0.69106 0.30894
0.94502 0.05498
0.85945 0.14055
0.69106 0.30894
0.55150 0.44850
0.99994 0.00006
0.94980 0.05020
0.94682 0.05318
0.90706 0.09294
0.66829 0.33171
0.24632 0.75368
0.43158 0.56842
0.61427 0.38573
0.54240 0.45760
0.99926 0.00074
0.11544 0.88456
0.98924 0.01076
0.99990 0.00010
0.20413 0.79587
0.99711 0.00289
0.99535 0.00465
0.21325 0.78675
0.16361 0.83639
0.16083 0.83917
0.22428 0.77572
0.21286 0.78714
0.89809 0.10191
0.91725 0.08275
0.99999 0.00001
0.99999 0.00001
0.99795 0.00205
0.99759 0.00241
0.99801 0.00199
0.99761 0.00239
0.99982 0.00018
0.42119 0.57881
0.39593 0.60407
0.99492 0.00508
0.32340 0.67660
0.31100 0.68900
0.34212 0.65788
0.31056 0.68944
0.31056 0.68944
0.26275 0.73725
0.92814 0.07186
0.29847 0.70153
0.29847 0.70153
0.32331 0.67669
0.31761 0.68239
0.31761 0.68239
0.31784 0.68216
0.15281 0.84719
0.75404 0.24596
0.47563 0.52437
0.40061 0.59939
0.99855 0.00145
0.38258 0.61742
0.99983 0.00017
0.38796 0.61204
0.81823 0.18177
0.81823 0.18177
0.48978 0.51022
0.99973 0.00027
0.99973 0.00027
0.48503 0.51497
0.35403 0.64597
0.99832 0.00168
0.99832 0.00168
0.21366 0.78634
0.45423 0.54577
0.45960 0.54040
0.99398 0.00602
0.78258 0.21742
0.97137 0.02863
0.31240 0.68760
0.99954 0.00046
0.99954 0.00046
0.95266 0.04734
0.22406 0.77594
0.19239 0.80761
0.28407 0.71593
0.94548 0.05452
0.94536 0.05464
0.99994 0.00006
0.08799 0.91201
0.93858 0.06142
0.98724 0.01276
0.91781 0.08219
0.91781 0.08219
0.80146 0.19854
0.20567 0.79433
0.25547 0.74453
0.21147 0.78853
0.75208 0.24792
0.25547 0.74453
0.21330 0.78670
0.22867 0.77133
0.68860 0.31140
0.86535 0.13465
0.17398 0.82602
0.66011 0.33989
0.74718 0.25282
0.06786 0.93214
0.35927 0.64073
0.30264 0.69736
0.93008 0.06992
0.99993 0.00007
0.95358 0.04642
0.97864 0.02136
0.68864 0.31136
0.14274 0.85726
0.13205 0.86795
0.68864 0.31136
0.14274 0.85726
0.13205 0.86795
0.98262 0.01738
0.99891 0.00109
0.87693 0.12307
0.92699 0.07301
0.95714 0.04286
0.97086 0.02914
0.89131 0.10869
0.91680 0.08320
0.89131 0.10869
0.91680 0.08320
0.03894 0.96106
0.10173 0.89827
0.19912 0.80088
0.73175 0.26825
0.93549 0.06451
0.93549 0.06451
0.87199 0.12801
0.87199 0.12801
0.42926 0.57074
0.42926 0.57074
0.98014 0.01986
0.79874 0.20126
0.65074 0.34926
0.64441 0.35559
0.83154 0.16846
0.26067 0.73933
0.97607 0.02393
0.77849 0.22151
0.96391 0.03609
0.45539 0.54461
0.10760 0.89240
0.99934 0.00066
0.16850 0.83150
0.40149 0.59851
0.19155 0.80845
0.33910 0.66090
0.29383 0.70617
0.98722 0.01278
0.12593 0.87407
0.12593 0.87407
0.56574 0.43426
0.98481 0.01519
0.98974 0.01026
0.97524 0.02476
0.16937 0.83063
0.28126 0.71874
0.96690 0.03310
0.34144 0.65856
0.09633 0.90367
0.44582 0.55418
0.59634 0.40366
0.99968 0.00032
0.59634 0.40366
0.99968 0.00032
0.73738 0.26262
0.99936 0.00064
0.32558 0.67442
0.17649 0.82351
0.99975 0.00025
0.74818 0.25182
0.70864 0.29136
0.99956 0.00044
0.60093 0.39907
0.99529 0.00471
0.66687 0.33313
0.99818 0.00182
0.57396 0.42604
0.99966 0.00034
0.34388 0.65612
0.57396 0.42604
0.99966 0.00034
0.34388 0.65612
0.72823 0.27177
0.99945 0.00055
0.99998 0.00002
0.97735 0.02265
0.69532 0.30468
0.97521 0.02479
0.99651 0.00349
0.98620 0.01380
0.99967 0.00033
0.99933 0.00067
0.99598 0.00402
0.97263 0.02737
0.68025 0.31975
0.98415 0.01585
0.97213 0.02787
0.77307 0.22693
0.67769 0.32231
0.76261 0.23739
0.94712 0.05288
0.90017 0.09983
0.94343 0.05657
0.92574 0.07426
0.46292 0.53708
0.92133 0.07867
0.35065 0.64935
0.67375 0.32625
0.54092 0.45908
0.99992 0.00008
0.93840 0.06160
0.87942 0.12058
0.93180 0.06820
0.92082 0.07918
0.92698 0.07302
0.99851 0.00149
0.72586 0.27414
0.47767 0.52233
0.91045 0.08955
0.99991 0.00009
0.96817 0.03183
0.97947 0.02053
0.99986 0.00014
0.61485 0.38515
0.96287 0.03713
0.89227 0.10773
0.75614 0.24386
0.27185 0.72815
0.15396 0.84604
0.48826 0.51174
0.77082 0.22918
0.82741 0.17259
0.27751 0.72249
0.77082 0.22918
0.77082 0.22918
0.90757 0.09243
0.82632 0.17368
0.43441 0.56559
0.96109 0.03891
0.99905 0.00095
0.94512 0.05488
0.22939 0.77061
0.11236 0.88764
0.93205 0.06795
0.36511 0.63489
0.99903 0.00097
0.27556 0.72444
0.98191 0.01809
0.24698 0.75302
0.29223 0.70777
0.25673 0.74327
0.14356 0.85644
0.14356 0.85644
0.28499 0.71501
0.28499 0.71501
0.07930 0.92070
0.97363 0.02637
0.11534 0.88466
0.15720 0.84280
0.16856 0.83144
0.33287 0.66713
0.28908 0.71092
0.31387 0.68613
0.28385 0.71615
0.33287 0.66713
0.28908 0.71092
0.31387 0.68613
0.28385 0.71615
0.33133 0.66867
0.99993 0.00007
0.96323 0.03677
0.96716 0.03284
0.06579 0.93421
0.41684 0.58316
0.19878 0.80122
0.65674 0.34326
0.63330 0.36670
0.77058 0.22942
0.74196 0.25804
0.82118 0.17882
0.77509 0.22491
0.77509 0.22491
0.81965 0.18035
0.67969 0.32031
0.79645 0.20355
0.82118 0.17882
0.77509 0.22491
0.77509 0.22491
0.81965 0.18035
0.67969 0.32031
0.79645 0.20355
0.82118 0.17882
0.77509 0.22491
0.77509 0.22491
0.81965 0.18035
0.67969 0.32031
0.79645 0.20355
0.83625 0.16375
0.83625 0.16375
0.90546 0.09454
0.94471 0.05529
0.57469 0.42531
0.76145 0.23854
0.86611 0.13389
0.73164 0.26836
0.70461 0.29539
0.82922 0.17078
0.93046 0.06954
0.22488 0.77512
0.96403 0.03597
0.97872 0.02128
0.97872 0.02128
0.87453 0.12547
0.63987 0.36013
0.63987 0.36013
0.99337 0.00663
0.97091 0.02909
0.99995 0.00005
0.99949 0.00051
0.58705 0.41295
0.95015 0.04985
0.95015 0.04985
0.36965 0.63035
0.98235 0.01765
0.28529 0.71471
0.97307 0.02693
0.54940 0.45060
0.99803 0.00197
0.31066 0.68934
0.99446 0.00554
0.38942 0.61058
0.99606 0.00394
0.20887 0.79113
0.19966 0.80034
0.20887 0.79113
0.19966 0.80034
0.13363 0.86637
0.17103 0.82897
0.73358 0.26642
0.56841 0.43159
0.28093 0.71907
0.37147 0.62853
0.44531 0.55469
0.99217 0.00783
0.98192 0.01808
0.99124 0.00876
0.45517 0.54483
0.47879 0.52121
0.99996 0.00004
0.99997 0.00003
0.29192 0.70808
0.34629 0.65371
0.99868 0.00132
0.99991 0.00009
0.99996 0.00004
0.98522 0.01478
0.10782 0.89218
0.11407 0.88593
0.09847 0.90153
0.10390 0.89610
0.77288 0.22712
0.20903 0.79097
0.98785 0.01215
0.15241 0.84759
0.17358 0.82643
0.15241 0.84759
0.14330 0.85670
0.14330 0.85670
0.15174 0.84826
0.18321 0.81679
0.78876 0.21124
0.99992 0.00008
0.78876 0.21124
0.98324 0.01676
0.95502 0.04498
0.99667 0.00333
0.99986 0.00014
0.99986 0.00014
0.99953 0.00047
0.99951 0.00049
0.98836 0.01164
0.99973 0.00027
0.92209 0.07791
0.95554 0.04446
0.01688 0.98312
0.18486 0.81514
0.18486 0.81514
0.12374 0.87626
0.37361 0.62639
0.33970 0.66030
0.48024 0.51976
0.33183 0.66817
0.56436 0.43564
0.67588 0.32412
0.41861 0.58139
0.27137 0.72863
0.52955 0.47045
0.33864 0.66136
0.65372 0.34628
0.52955 0.47045
0.33864 0.66136
0.65372 0.34628
0.67463 0.32537
0.62948 0.37052
0.93528 0.06472
0.93640 0.06360
0.89397 0.10603
0.65853 0.34147
0.65637 0.34363
0.55116 0.44884
0.87551 0.12449
0.08755 0.91245
0.07841 0.92159
0.86184 0.13816
0.49136 0.50864
0.96082 0.03918
0.99700 0.00300
0.99699 0.00301
0.50394 0.49606
0.40820 0.59180
0.45966 0.54034
0.73108 0.26892
0.10974 0.89026
0.51928 0.48072
0.98846 0.01154
0.98341 0.01659
0.31835 0.68165
0.40430 0.59570
0.50947 0.49053
0.98865 0.01135
0.97360 0.02640
0.99998 0.00002
0.58553 0.41447
1.00000 0.00000
0.40016 0.59984
0.40016 0.59984
0.64964 0.35036
0.56362 0.43638
0.13742 0.86258
0.14793 0.85207
0.07157 0.92843
0.15474 0.84526
0.98524 0.01476
0.12109 0.87891
0.35005 0.64995
0.98531 0.01469
0.98531 0.01469
0.83251 0.16749
0.30326 0.69674
0.98953 0.01047
0.95330 0.04670
0.99934 0.00066
0.99555 0.00445
0.99969 0.00031
0.68371 0.31629
0.98685 0.01315
0.86963 0.13037
0.16330 0.83670
0.17282 0.82718
0.21160 0.78840
0.22966 0.77034
0.06958 0.93042
0.06454 0.93546
0.19007 0.80993
0.08623 0.91377
0.61780 0.38220
0.85598 0.14402
0.99993 0.00007
0.29642 0.70358
0.21011 0.78989
0.19763 0.80237
0.86900 0.13100
0.64468 0.35532
0.44046 0.55954
0.44457 0.55543
0.44457 0.55543
0.19662 0.80338
0.19662 0.80338
0.39471 0.60529
0.67552 0.32448
0.26176 0.73824
0.25359 0.74641
0.54512 0.45488
0.41910 0.58090
0.95793 0.04207
0.30903 0.69097
0.15769 0.84231
0.12489 0.87511
0.55221 0.44779
0.55221 0.44779
0.67923 0.32077
0.68548 0.31452
0.55221 0.44779
0.55221 0.44779
0.67923 0.32077
0.68548 0.31452
0.42171 0.57829
0.31084 0.68916
0.28147 0.71853
0.46671 0.53329
0.31084 0.68916
0.28147 0.71853
0.46671 0.53329
0.56302 0.43698
0.56302 0.43698
0.69404 0.30596
0.56302 0.43698
0.56302 0.43698
0.69404 0.30596
0.37098 0.62902
0.49241 0.50759
0.49241 0.50759
0.64123 0.35877
0.49241 0.50759
0.49241 0.50759
0.64123 0.35877
0.89493 0.10507
0.99993 0.00007
0.99659 0.00341
0.99864 0.00136
0.99997 0.00003
0.92118 0.07882
0.59521 0.40479
0.99403 0.00597
0.99653 0.00347
0.92441 0.07559
0.98410 0.01590
0.98940 0.01060
0.56486 0.43514
0.74348 0.25652
0.99883 0.00117
0.42705 0.57295
0.62465 0.37535
0.65865 0.34135
0.79940 0.20060
0.99994 0.00006
0.64336 0.35664
0.79193 0.20807
0.94232 0.05768
0.99914 0.00086
0.90959 0.09041
0.66586 0.33414
0.60692 0.39308
0.99251 0.00749
0.99932 0.00068
0.85490 0.14510
0.63166 0.36834
0.89881 0.10119
0.99837 0.00163
0.05568 0.94432
0.21684 0.78316
0.54118 0.45882
0.86685 0.13315
0.86685 0.13315
0.59755 0.40245
0.98643 0.01357
0.93364 0.06636
0.47589 0.52411
0.56059 0.43941
0.56059 0.43941
0.56059 0.43941
0.57870 0.42130
0.21879 0.78121
0.19539 0.80461
0.18148 0.81852
0.77071 0.22929
0.55322 0.44678
0.55322 0.44678
0.55322 0.44678
0.55322 0.44678
0.34758 0.65242
0.26108 0.73892
0.23361 0.76639
0.61056 0.38944
0.55857 0.44143
0.22807 0.77193
0.98024 0.01976
0.21001 0.78999
0.99804 0.00196
0.92456 0.07544
0.30584 0.69416
0.81180 0.18820
0.81180 0.18820
0.99973 0.00027
0.95124 0.04876
0.26934 0.73066
0.87112 0.12888
0.20715 0.79285
0.11370 0.88630
0.99836 0.00164
0.73183 0.26817
0.99902 0.00098
0.28716 0.71284
0.24798 0.75202
0.65637 0.34363
0.73453 0.26547
0.93994 0.06006
0.96138 0.03862
0.96138 0.03862
0.96046 0.03954
0.96138 0.03862
0.96138 0.03862
0.96046 0.03954
0.85986 0.14014
0.85986 0.14014
0.94256 0.05744
0.23539 0.76461
0.87903 0.12097
0.87903 0.12097
0.88067 0.11933
0.87903 0.12097
0.87903 0.12097
0.88067 0.11933
0.99948 0.00052
0.99952 0.00048
0.98788 0.01212
0.15678 0.84322
0.21359 0.78641
0.99802 0.00198
0.43689 0.56311
0.44428 0.55572
0.93446 0.06554
0.50658 0.49342
0.97353 0.02647
0.99130 0.00870
0.64298 0.35702
0.94440 0.05560
0.98788 0.01212
0.98788 0.01212
0.94440 0.05560
0.96289 0.03711
0.89302 0.10698
0.99173 0.00827
0.86049 0.13951
0.98519 0.01481
0.45400 0.54600
0.99669 0.00331
0.99771 0.00229
0.89503 0.10497
0.84992 0.15008
0.17679 0.82321
0.82495 0.17505
0.95493 0.04507
0.92184 0.07816
0.83439 0.16561
0.68213 0.31787
0.99993 0.00007
0.99938 0.00062
0.99994 0.00006
0.99947 0.00053
0.99999 0.00001
0.99999 0.00001
0.99906 0.00094
0.99906 0.00094
0.73050 0.26950
0.73050 0.26950
0.98305 0.01695
0.98305 0.01695
0.98305 0.01695
0.63970 0.36030
0.63970 0.36030
0.63970 0.36030
0.67779 0.32221
0.54445 0.45555
0.36558 0.63442
0.39356 0.60644
0.99387 0.00613
0.41592 0.58408
0.99387 0.00613
0.41592 0.58408
0.99387 0.00613
0.41592 0.58408
0.48163 0.51837
0.48163 0.51837
0.38207 0.61793
0.39867 0.60133
0.39867 0.60133
0.36084 0.63916
0.38456 0.61544
0.38456 0.61544
0.36670 0.63330
0.99970 0.00030
0.99982 0.00018
