0.50871 0.49129
0.61147 0.38853
0.56453 0.43547
0.55648 0.44352
0.55648 0.44352
0.61495 0.38505
0.63463 0.36537
0.56878 0.43122
0.66098 0.33902
0.54961 0.45039
0.57515 0.42485
0.68606 0.31394
0.59758 0.40242
0.60564 0.39436
0.59296 0.40704
0.59894 0.40106
0.60004 0.39996
0.62565 0.37435
0.62565 0.37435
0.59390 0.40610
0.61729 0.38271
0.62799 0.37201
0.61729 0.38271
0.62799 0.37201
0.59481 0.40519
0.59051 0.40949
0.57861 0.42139
0.59448 0.40552
0.59481 0.40519
0.59051 0.40949
0.57861 0.42139
0.59448 0.40552
0.59436 0.40564
0.60910 0.39090
0.60319 0.39681
0.55926 0.44074
0.77916 0.22084
0.74213 0.25787
0.60373 0.39627
0.61077 0.38923
0.57023 0.42977
0.56644 0.43356
0.59030 0.40970
0.61954 0.38046
0.57343 0.42657
0.59415 0.40585
0.56022 0.43978
0.64324 0.35676
0.63956 0.36044
0.57782 0.42218
0.58189 0.41811
0.86506 0.13494
0.86406 0.13594
0.86506 0.13494
0.62187 0.37813
0.62058 0.37942
0.57131 0.42869
0.55175 0.44825
0.56423 0.43577
0.63055 0.36945
0.85717 0.14283
0.85398 0.14602
0.84240 0.15760
0.83923 0.16077
0.79768 0.20232
0.78184 0.21816
0.57245 0.42755
0.72543 0.27457
0.70229 0.29771
0.69769 0.30231
0.59520 0.40480
0.62092 0.37908
0.81562 0.18438
0.78157 0.21843
0.75529 0.24471
0.78641 0.21359
0.60038 0.39962
0.64199 0.35801
0.67061 0.32939
0.67061 0.32939
0.67061 0.32939
0.67061 0.32939
0.75325 0.24675
0.75325 0.24675
0.79200 0.20800
0.56503 0.43497
0.56675 0.43325
0.56675 0.43325
0.57785 0.42215
0.60508 0.39492
0.61012 0.38988
0.57884 0.42116
0.57678 0.42322
0.63512 0.36488
0.63974 0.36026
0.64243 0.35757
0.63986 0.36014
0.61801 0.38199
0.62782 0.37218
0.57314 0.42686
0.56757 0.43243
0.59051 0.40949
0.56765 0.43235
0.57971 0.42029
0.58037 0.41963
0.57697 0.42303
0.59338 0.40662
0.60176 0.39824
0.92835 0.07165
0.93129 0.06871
0.92955 0.07045
0.75821 0.24179
0.93258 0.06742
0.58647 0.41353
0.50067 0.49933
0.55471 0.44529
0.59820 0.40180
0.57513 0.42487
0.60022 0.39978
0.57690 0.42310
0.54751 0.45249
0.55758 0.44242
0.60630 0.39370
0.68075 0.31925
0.68894 0.31106
0.63890 0.36110
0.54951 0.45049
0.59290 0.40710
0.58645 0.41355
0.58379 0.41621
0.62872 0.37128
0.62872 0.37128
0.56279 0.43721
0.57861 0.42139
0.62214 0.37786
0.63573 0.36427
0.61814 0.38186
0.58330 0.41670
0.66386 0.33614
0.63017 0.36983
0.66209 0.33791
0.62765 0.37235
0.66209 0.33791
0.62765 0.37235
0.63687 0.36313
0.63672 0.36328
0.60662 0.39338
0.62359 0.37641
0.62517 0.37483
0.68457 0.31543
0.66202 0.33798
0.58091 0.41909
0.71360 0.28640
0.59187 0.40813
0.62576 0.37424
0.55864 0.44136
0.84779 0.15221
0.74634 0.25366
0.63055 0.36945
0.74713 0.25287
0.74317 0.25683
0.73022 0.26978
0.73494 0.26506
0.73101 0.26899
0.73022 0.26978
0.76661 0.23339
0.54949 0.45051
0.59050 0.40950
0.59857 0.40143
0.57696 0.42304
0.86383 0.13617
0.84882 0.15118
0.86448 0.13552
0.84005 0.15995
0.58339 0.41661
0.62431 0.37569
0.68364 0.31636
0.59605 0.40395
0.54888 0.45112
0.55602 0.44398
0.55542 0.44458
0.58884 0.41116
0.63498 0.36502
0.60688 0.39312
0.82411 0.17589
0.74217 0.25783
0.93039 0.06961
0.54951 0.45049
0.54624 0.45376
0.54646 0.45354
0.63023 0.36977
0.62575 0.37425
0.60266 0.39734
0.69790 0.30210
0.69790 0.30210
0.56340 0.43660
0.63788 0.36212
0.58951 0.41049
0.79505 0.20495
0.64762 0.35238
0.55853 0.44147
0.58093 0.41907
0.58612 0.41388
0.65451 0.34549
0.64523 0.35477
0.80509 0.19491
0.64197 0.35803
0.65352 0.34648
0.62909 0.37091
0.66553 0.33447
0.58008 0.41992
0.71393 0.28607
0.70300 0.29700
0.70300 0.29700
0.74733 0.25267
0.60501 0.39499
0.75248 0.24752
0.60501 0.39499
0.88500 0.11500
0.58872 0.41128
0.62986 0.37014
0.61262 0.38738
0.55942 0.44058
0.63636 0.36364
0.68078 0.31922
0.95527 0.04473
0.68541 0.31459
0.82909 0.17091
0.79437 0.20563
0.78697 0.21303
0.78581 0.21419
0.86726 0.13274
0.59358 0.40642
0.69385 0.30615
0.68329 0.31671
0.61018 0.38982
0.62822 0.37178
0.61483 0.38517
0.65548 0.34452
0.62385 0.37615
0.79507 0.20493
0.62385 0.37615
0.79507 0.20493
0.51314 0.48686
0.51364 0.48636
0.60927 0.39073
0.59282 0.40718
0.62546 0.37454
0.62185 0.37815
0.59084 0.40916
0.65962 0.34038
0.65942 0.34058
0.82690 0.17310
0.65942 0.34058
0.85116 0.14884
0.64847 0.35153
0.67255 0.32745
0.65071 0.34929
0.75167 0.24833
0.75167 0.24833
0.63769 0.36231
0.63769 0.36231
0.54074 0.45926
0.57519 0.42481
0.61608 0.38392
0.62328 0.37672
0.62922 0.37078
0.60807 0.39193
0.61440 0.38560
0.63068 0.36932
0.63799 0.36201
0.79524 0.20476
0.60660 0.39340
0.58251 0.41749
0.57773 0.42227
0.65440 0.34560
0.60235 0.39765
0.59558 0.40442
0.66550 0.33450
0.65712 0.34288
0.81659 0.18341
0.80981 0.19019
0.81659 0.18341
0.80981 0.19019
0.62063 0.37937
0.66238 0.33762
0.63037 0.36963
0.67672 0.32328
0.67672 0.32328
0.66766 0.33234
0.60457 0.39543
0.59755 0.40245
0.68831 0.31169
0.93078 0.06922
0.57758 0.42242
0.56632 0.43368
0.56581 0.43419
0.79007 0.20993
0.63271 0.36729
0.63271 0.36729
0.78187 0.21813
0.79099 0.20901
0.63271 0.36729
0.63271 0.36729
0.78060 0.21940
0.53110 0.46890
0.55162 0.44838
0.59231 0.40769
0.57255 0.42745
0.56744 0.43256
0.57585 0.42415
0.77609 0.22391
0.78233 0.21767
0.77945 0.22055
0.78802 0.21198
0.74734 0.25266
0.75016 0.24984
0.77493 0.22507
0.77493 0.22507
0.77493 0.22507
0.77493 0.22507
0.61927 0.38073
0.52485 0.47515
0.52485 0.47515
0.82797 0.17203
0.62376 0.37624
0.86048 0.13952
0.80894 0.19106
0.59963 0.40037
0.59963 0.40037
0.62909 0.37091
0.69956 0.30044
0.69579 0.30421
0.59939 0.40061
0.58071 0.41929
0.54229 0.45771
0.60948 0.39052
0.57183 0.42817
0.55594 0.44406
0.55594 0.44406
0.59582 0.40418
0.63249 0.36751
0.61096 0.38904
0.57879 0.42121
0.68428 0.31572
0.78790 0.21210
0.73642 0.26358
0.71627 0.28373
0.56801 0.43199
0.62213 0.37788
0.66826 0.33174
0.65050 0.34950
0.57817 0.42183
0.66539 0.33461
0.69199 0.30801
0.69270 0.30730
0.73533 0.26467
0.71358 0.28642
0.60754 0.39246
0.61071 0.38929
0.67743 0.32257
0.73489 0.26511
0.71312 0.28688
0.60711 0.39289
0.61082 0.38918
0.53863 0.46137
0.53839 0.46161
0.63968 0.36032
0.58825 0.41175
0.71730 0.28270
0.63809 0.36191
0.66963 0.33037
0.66963 0.33037
0.67705 0.32295
0.52956 0.47044
0.54758 0.45242
0.70723 0.29277
0.60116 0.39884
0.69697 0.30303
0.69005 0.30995
0.65764 0.34236
0.79085 0.20915
0.64995 0.35005
0.78466 0.21534
0.65390 0.34610
0.65390 0.34610
0.63789 0.36211
0.63789 0.36211
0.82506 0.17494
0.82061 0.17939
0.69475 0.30525
0.58114 0.41886
0.65368 0.34632
0.54510 0.45490
0.52224 0.47776
0.60563 0.39437
0.54556 0.45444
0.60563 0.39437
0.54556 0.45444
0.73861 0.26139
0.57109 0.42891
0.73663 0.26337
0.56906 0.43094
0.60878 0.39122
0.56756 0.43244
0.60726 0.39274
0.59242 0.40758
0.62045 0.37955
0.59138 0.40862
0.63700 0.36300
0.69769 0.30231
0.59075 0.40925
0.63137 0.36863
0.69603 0.30397
0.58902 0.41098
0.62974 0.37026
0.77021 0.22979
0.76878 0.23122
0.63262 0.36738
0.61976 0.38024
0.63705 0.36295
0.78561 0.21439
0.81435 0.18565
0.81435 0.18565
0.79803 0.20197
0.79803 0.20197
0.67804 0.32196
0.70208 0.29792
0.70208 0.29792
0.68884 0.31116
0.65455 0.34545
0.68198 0.31802
0.68198 0.31802
0.65541 0.34459
0.65040 0.34960
0.63492 0.36508
0.69786 0.30214
0.69149 0.30851
0.80965 0.19035
0.80965 0.19035
0.80731 0.19269
0.80731 0.19269
0.83395 0.16605
0.61766 0.38234
0.61767 0.38233
0.59470 0.40530
0.61583 0.38417
0.61365 0.38635
0.69460 0.30540
0.59215 0.40785
0.73206 0.26794
0.87543 0.12457
0.57413 0.42587
0.78579 0.21421
0.60776 0.39224
0.92391 0.07609
0.82645 0.17355
0.58398 0.41602
0.71667 0.28333
0.85030 0.14970
0.85673 0.14327
0.55288 0.44712
0.55560 0.44440
0.54946 0.45054
0.55218 0.44782
0.76570 0.23430
0.66376 0.33624
0.78913 0.21087
0.59396 0.40604
0.60275 0.39725
0.68191 0.31809
0.79966 0.20034
0.62279 0.37721
0.59771 0.40229
0.59185 0.40815
0.61255 0.38745
0.68826 0.31174
0.66815 0.33185
0.78268 0.21732
0.86103 0.13897
0.73236 0.26764
0.73236 0.26764
0.86103 0.13897
0.79204 0.20796
0.77787 0.22213
0.64017 0.35983
0.63131 0.36869
0.50068 0.49932
0.62513 0.37487
0.59503 0.40497
0.59317 0.40683
0.66340 0.33660
0.57869 0.42131
0.56214 0.43786
0.56956 0.43044
0.65089 0.34911
0.71564 0.28436
0.70257 0.29743
0.63571 0.36429
0.59143 0.40857
0.68840 0.31160
0.60720 0.39280
0.75550 0.24450
0.70470 0.29530
0.77861 0.22139
0.76825 0.23175
0.71894 0.28106
0.65225 0.34775
0.59338 0.40662
0.61088 0.38912
0.58734 0.41266
0.78542 0.21458
0.70733 0.29267
0.70876 0.29124
0.74730 0.25270
0.61541 0.38459
0.60965 0.39035
0.82987 0.17013
0.65123 0.34877
0.75441 0.24559
0.67749 0.32251
0.57479 0.42521
0.64511 0.35489
0.58614 0.41386
0.65352 0.34648
0.64115 0.35885
0.67970 0.32030
0.60988 0.39012
0.61009 0.38991
0.86393 0.13607
0.63103 0.36897
0.63052 0.36948
0.65311 0.34689
0.64020 0.35980
0.73838 0.26162
0.65650 0.34350
0.76000 0.24000
0.64344 0.35656
0.63077 0.36923
0.73248 0.26752
0.64661 0.35339
0.75341 0.24659
0.62727 0.37273
0.59477 0.40523
0.64139 0.35861
0.59454 0.40546
0.64034 0.35966
0.61186 0.38814
0.60236 0.39764
0.66293 0.33707
0.77701 0.22299
0.78255 0.21745
0.87086 0.12914
0.62139 0.37861
0.75687 0.24313
0.61273 0.38727
0.81818 0.18182
0.61273 0.38727
0.81818 0.18182
0.81392 0.18608
0.96088 0.03912
0.58668 0.41332
0.62648 0.37352
0.71011 0.28989
0.58297 0.41703
0.61557 0.38443
0.63164 0.36836
0.63793 0.36207
0.90203 0.09797
0.78951 0.21049
0.66824 0.33176
0.56773 0.43227
0.67808 0.32192
0.56673 0.43327
0.74904 0.25096
0.75581 0.24419
0.75958 0.24042
0.60874 0.39126
0.87883 0.12117
0.91643 0.08357
0.75237 0.24763
0.73455 0.26545
0.59587 0.40413
0.66069 0.33931
0.59554 0.40446
0.51526 0.48474
0.59060 0.40940
0.52121 0.47879
0.55923 0.44077
0.69759 0.30241
0.54724 0.45276
0.59129 0.40871
0.76663 0.23337
0.61067 0.38933
0.94936 0.05064
0.62762 0.37238
0.93538 0.06462
0.61987 0.38013
0.65182 0.34818
0.74093 0.25907
0.77198 0.22802
0.75470 0.24530
0.70332 0.29668
0.82402 0.17598
0.60648 0.39352
0.68141 0.31859
0.63461 0.36539
0.64859 0.35141
0.61868 0.38132
0.66547 0.33453
0.84527 0.15473
0.84660 0.15340
0.59771 0.40229
0.84434 0.15566
0.95559 0.04441
0.62304 0.37696
0.67991 0.32009
0.58928 0.41072
0.68768 0.31232
0.69761 0.30239
0.60193 0.39807
0.69913 0.30087
0.70835 0.29165
0.60209 0.39791
0.79802 0.20198
0.59000 0.41000
0.78884 0.21116
0.61245 0.38755
0.62502 0.37498
0.53342 0.46658
0.52537 0.47463
0.59584 0.40416
0.59416 0.40584
0.62010 0.37990
0.57062 0.42938
0.61262 0.38738
0.57138 0.42862
0.70679 0.29321
0.63617 0.36383
0.73879 0.26121
0.87710 0.12290
0.73659 0.26341
0.60836 0.39164
0.61015 0.38985
0.61015 0.38985
0.60117 0.39883
0.58048 0.41952
0.60126 0.39874
0.61481 0.38519
0.61278 0.38722
0.89712 0.10288
0.52746 0.47254
0.51996 0.48004
0.80193 0.19807
0.57619 0.42381
0.63552 0.36448
0.63988 0.36012
0.63797 0.36203
0.64235 0.35765
0.63345 0.36655
0.63779 0.36221
0.76018 0.23982
0.77142 0.22858
0.64132 0.35868
0.64575 0.35425
0.62239 0.37761
0.55903 0.44097
0.56356 0.43644
0.54638 0.45362
0.68526 0.31474
0.68526 0.31474
0.68699 0.31301
0.68699 0.31301
0.69936 0.30064
0.69936 0.30064
0.69996 0.30004
0.69996 0.30004
0.68982 0.31018
0.68982 0.31018
0.68533 0.31467
0.68533 0.31467
0.57392 0.42608
0.78675 0.21325
0.75762 0.24238
0.61128 0.38872
0.59261 0.40739
0.58508 0.41492
0.71769 0.28231
0.58956 0.41044
0.81477 0.18523
0.74543 0.25457
0.73734 0.26266
0.73485 0.26515
0.62367 0.37633
0.60215 0.39784
0.59913 0.40087
0.59913 0.40087
0.80626 0.19374
0.80665 0.19335
0.80490 0.19510
0.85930 0.14070
0.85967 0.14033
0.85801 0.14199
0.78717 0.21283
0.78425 0.21575
0.67103 0.32897
0.67426 0.32574
0.67147 0.32853
0.77071 0.22929
0.77726 0.22274
0.62059 0.37941
0.75497 0.24503
0.78987 0.21013
0.77255 0.22745
0.59311 0.40689
0.59084 0.40916
0.59084 0.40916
0.59311 0.40689
0.65296 0.34704
0.71321 0.28679
0.61338 0.38662
0.64036 0.35964
0.86737 0.13263
0.63714 0.36286
0.86506 0.13494
0.80736 0.19264
0.80736 0.19264
0.77460 0.22540
0.58723 0.41277
0.57955 0.42045
0.59730 0.40270
0.68397 0.31603
0.69140 0.30860
0.63792 0.36208
0.65367 0.34633
0.66173 0.33827
0.57243 0.42757
0.57578 0.42422
0.58851 0.41149
0.58950 0.41050
0.80760 0.19240
0.81482 0.18518
0.62005 0.37995
0.62540 0.37460
0.80760 0.19240
0.81482 0.18518
0.62005 0.37995
0.62540 0.37460
0.63987 0.36013
0.64558 0.35442
0.83876 0.16124
0.75342 0.24658
0.85010 0.14990
0.85768 0.14232
0.58312 0.41688
0.61693 0.38307
0.57998 0.42002
0.63381 0.36619
0.64405 0.35595
0.63381 0.36619
0.64405 0.35595
0.58747 0.41253
0.58747 0.41253
0.58747 0.41253
0.58747 0.41253
0.64711 0.35289
0.58476 0.41524
0.56457 0.43543
0.66521 0.33479
0.59264 0.40736
0.59610 0.40390
0.56678 0.43322
0.55237 0.44763
0.58100 0.41900
0.59384 0.40616
0.57170 0.42830
0.58700 0.41300
0.56509 0.43491
0.82832 0.17168
0.60068 0.39932
0.80714 0.19286
0.77024 0.22976
0.86770 0.13230
0.74654 0.25346
0.79317 0.20683
0.56670 0.43330
0.88510 0.11490
0.84448 0.15552
0.78115 0.21885
0.59643 0.40357
0.54241 0.45759
0.54813 0.45187
0.61471 0.38529
0.68502 0.31498
0.63672 0.36328
0.75734 0.24266
0.62655 0.37345
0.77176 0.22824
0.59120 0.40880
0.60703 0.39297
0.58291 0.41709
0.89931 0.10069
0.70388 0.29612
0.58825 0.41175
0.74442 0.25558
0.61639 0.38361
0.59013 0.40987
0.59013 0.40987
0.82212 0.17788
0.73505 0.26495
0.61307 0.38693
0.60828 0.39172
0.71767 0.28233
0.59392 0.40608
0.56671 0.43329
0.63859 0.36141
0.63857 0.36143
0.62373 0.37627
0.83196 0.16804
0.83328 0.16672
0.61744 0.38256
0.74632 0.25368
0.74901 0.25099
0.82312 0.17688
0.58291 0.41709
0.56096 0.43904
0.65276 0.34724
0.58836 0.41164
0.58144 0.41856
0.58590 0.41410
0.70878 0.29122
0.63872 0.36128
0.58144 0.41856
0.58590 0.41410
0.59319 0.40681
0.59319 0.40681
0.57820 0.42180
0.58633 0.41367
0.59821 0.40179
0.59494 0.40506
0.60120 0.39880
0.60074 0.39926
0.56105 0.43895
0.55829 0.44171
0.75457 0.24543
0.55279 0.44721
0.63949 0.36051
0.88559 0.11441
0.78220 0.21780
0.59228 0.40772
0.85149 0.14851
0.74546 0.25454
0.78990 0.21010
0.76495 0.23505
0.76495 0.23505
0.58360 0.41640
0.62756 0.37244
0.62544 0.37456
0.60755 0.39245
0.67679 0.32321
0.63804 0.36196
0.63363 0.36637
0.63349 0.36651
0.60910 0.39090
0.65027 0.34973
0.64399 0.35601
0.72828 0.27172
0.66071 0.33929
0.64987 0.35013
0.60384 0.39616
0.60384 0.39616
0.69907 0.30093
0.69907 0.30093
0.60877 0.39123
0.60877 0.39123
0.71881 0.28119
0.75206 0.24794
0.57999 0.42001
0.59216 0.40784
0.59216 0.40784
0.65006 0.34994
0.65006 0.34994
0.67321 0.32679
0.67321 0.32679
0.63216 0.36784
0.82720 0.17280
0.61614 0.38386
0.58022 0.41978
0.57584 0.42416
0.57487 0.42513
0.66881 0.33119
0.63985 0.36015
0.66351 0.33649
0.55425 0.44575
0.70227 0.29773
0.63931 0.36069
0.63931 0.36069
0.78361 0.21639
0.62086 0.37914
0.56423 0.43577
0.72953 0.27047
0.61732 0.38268
0.61718 0.38282
0.75583 0.24417
0.77488 0.22512
0.77476 0.22524
0.73016 0.26984
0.93417 0.06583
0.93419 0.06581
0.76666 0.23334
0.63190 0.36810
0.73462 0.26538
0.61887 0.38113
0.59542 0.40458
0.56374 0.43626
0.57954 0.42046
0.61508 0.38492
0.59224 0.40776
0.61508 0.38492
0.59224 0.40776
0.69398 0.30602
0.58602 0.41398
0.58430 0.41570
0.58890 0.41110
0.52708 0.47292
0.58732 0.41268
0.58752 0.41248
0.55863 0.44137
0.60724 0.39276
0.80920 0.19080
0.75911 0.24089
0.64287 0.35713
0.67885 0.32115
0.84269 0.15731
0.64856 0.35144
0.58927 0.41073
0.58534 0.41466
0.55140 0.44860
0.81368 0.18632
0.59723 0.40277
0.59289 0.40711
0.59289 0.40711
0.60046 0.39954
0.66245 0.33755
0.57004 0.42996
0.56578 0.43422
0.57491 0.42509
0.63752 0.36248
0.59468 0.40532
0.58639 0.41361
0.79654 0.20346
0.92100 0.07900
0.77191 0.22809
0.57517 0.42483
0.55227 0.44773
0.60571 0.39429
0.59394 0.40606
0.61203 0.38797
0.63385 0.36615
0.61597 0.38403
0.60861 0.39139
0.57423 0.42577
0.52426 0.47574
0.59679 0.40321
0.69173 0.30827
0.53332 0.46668
0.55674 0.44326
0.56966 0.43034
0.57448 0.42552
0.57345 0.42655
0.76538 0.23462
0.94979 0.05021
0.61743 0.38257
0.61743 0.38257
0.77192 0.22808
0.66871 0.33129
0.66662 0.33338
0.66871 0.33129
0.66228 0.33772
0.66871 0.33129
0.66871 0.33129
0.66662 0.33338
0.66871 0.33129
0.66228 0.33772
0.66871 0.33129
0.66871 0.33129
0.66662 0.33338
0.66871 0.33129
0.66228 0.33772
0.66871 0.33129
0.62542 0.37458
0.69260 0.30740
0.64481 0.35519
0.74324 0.25676
0.56396 0.43604
0.64286 0.35714
0.64392 0.35608
0.53385 0.46615
0.91166 0.08834
0.62884 0.37116
0.57994 0.42006
0.57471 0.42529
0.66792 0.33208
0.64641 0.35359
0.56345 0.43655
0.67882 0.32118
0.61310 0.38690
0.67882 0.32118
0.61310 0.38690
0.58526 0.41474
0.65813 0.34187
0.55374 0.44626
0.61062 0.38938
0.81566 0.18434
0.70417 0.29583
0.61062 0.38938
0.81546 0.18454
0.70305 0.29695
0.60993 0.39007
0.64250 0.35750
0.63852 0.36148
0.60993 0.39007
0.64250 0.35750
0.63852 0.36148
0.61986 0.38014
0.61986 0.38014
0.61986 0.38014
0.61986 0.38014
0.54525 0.45475
0.58160 0.41840
0.67661 0.32339
0.55526 0.44474
0.62716 0.37284
0.58536 0.41464
0.58769 0.41231
0.56923 0.43077
0.57497 0.42503
0.83671 0.16329
0.84992 0.15008
0.84693 0.15307
0.64851 0.35149
0.65593 0.34407
0.66275 0.33725
0.66333 0.33667
0.64851 0.35149
0.65593 0.34407
0.66275 0.33725
0.62982 0.37018
0.56568 0.43432
0.57543 0.42457
0.61463 0.38537
0.69775 0.30225
0.71669 0.28331
0.71234 0.28766
0.56352 0.43648
0.62829 0.37171
0.63105 0.36895
0.59344 0.40656
0.59744 0.40256
0.74576 0.25424
0.74576 0.25424
0.82239 0.17761
0.64008 0.35992
0.93474 0.06526
0.84561 0.15439
0.87873 0.12127
0.69639 0.30361
0.74888 0.25112
0.56439 0.43561
0.59859 0.40141
0.66657 0.33343
0.58660 0.41340
0.63933 0.36067
0.58112 0.41888
0.58658 0.41342
0.61568 0.38432
0.55331 0.44669
0.63671 0.36329
0.82867 0.17133
0.62985 0.37015
0.58955 0.41045
0.60753 0.39247
0.57830 0.42170
0.59707 0.40293
0.87633 0.12367
0.74812 0.25188
0.58780 0.41220
0.60281 0.39719
0.66408 0.33592
0.69509 0.30491
0.60790 0.39210
0.60150 0.39850
0.62929 0.37071
0.72997 0.27003
0.62444 0.37556
0.61732 0.38268
0.59205 0.40795
0.59205 0.40795
0.59152 0.40848
0.58697 0.41303
0.69289 0.30711
0.60288 0.39712
0.71502 0.28498
0.71502 0.28498
0.61603 0.38397
0.86942 0.13058
0.73383 0.26617
0.72571 0.27429
0.71447 0.28553
0.82231 0.17769
0.73433 0.26567
0.87257 0.12743
0.65437 0.34563
0.61657 0.38343
0.59369 0.40631
0.59616 0.40384
0.59228 0.40772
0.67549 0.32451
0.60780 0.39220
0.61583 0.38417
0.63417 0.36583
0.60476 0.39524
0.60332 0.39668
0.66359 0.33641
0.64868 0.35132
0.61828 0.38172
0.50266 0.49734
0.58850 0.41150
0.56936 0.43064
0.70488 0.29512
0.62422 0.37578
0.68790 0.31210
0.63844 0.36156
0.79886 0.20114
0.79886 0.20114
0.92400 0.07600
0.79886 0.20114
0.92400 0.07600
0.65494 0.34506
0.54002 0.45998
0.70755 0.29245
0.69162 0.30838
0.63511 0.36489
0.63511 0.36489
0.63511 0.36489
0.71445 0.28555
0.71445 0.28555
0.61351 0.38649
0.60253 0.39747
0.92459 0.07541
0.72206 0.27794
0.62173 0.37827
0.61477 0.38523
0.56575 0.43425
0.59360 0.40640
0.56587 0.43413
0.56016 0.43984
0.76347 0.23653
0.76077 0.23923
0.55621 0.44379
0.80042 0.19958
0.60075 0.39925
0.55966 0.44034
0.61518 0.38482
0.65049 0.34951
0.61518 0.38482
0.65049 0.34951
0.61518 0.38482
0.65049 0.34951
0.61518 0.38482
0.65049 0.34951
0.96935 0.03065
0.89074 0.10926
0.96935 0.03065
0.88688 0.11312
0.66890 0.33110
0.63902 0.36098
0.65833 0.34167
0.57081 0.42919
0.63673 0.36327
0.66858 0.33142
0.73960 0.26040
0.85493 0.14507
0.74025 0.25975
0.66590 0.33410
0.83840 0.16160
0.55426 0.44574
0.61155 0.38845
0.88862 0.11138
0.87847 0.12153
0.88760 0.11240
0.88760 0.11240
0.93559 0.06441
0.94136 0.05864
0.62083 0.37917
0.62083 0.37917
0.62083 0.37917
0.60731 0.39269
0.54345 0.45655
0.77180 0.22820
0.59382 0.40618
0.61680 0.38320
0.65457 0.34543
0.65457 0.34543
0.64137 0.35863
0.91210 0.08790
0.59846 0.40154
0.54344 0.45656
0.66298 0.33702
0.67494 0.32506
0.52297 0.47703
0.66152 0.33848
0.68681 0.31319
0.67178 0.32822
0.60373 0.39627
0.62184 0.37816
0.61266 0.38734
0.66152 0.33848
0.68681 0.31319
0.67178 0.32822
0.65928 0.34072
0.60583 0.39417
0.62793 0.37207
0.60309 0.39691
0.56500 0.43500
0.58168 0.41832
0.56440 0.43560
0.57298 0.42702
0.61095 0.38905
0.78624 0.21376
0.81358 0.18642
0.62173 0.37827
0.56612 0.43388
0.72728 0.27272
0.60193 0.39807
0.59270 0.40730
0.58426 0.41574
0.56679 0.43321
0.50112 0.49888
0.59079 0.40921
0.58905 0.41095
0.62646 0.37354
0.58815 0.41185
0.70023 0.29977
0.58476 0.41524
0.62232 0.37768
0.72897 0.27103
0.77568 0.22432
0.71815 0.28185
0.71815 0.28185
0.80512 0.19488
0.73517 0.26483
0.75294 0.24706
0.75157 0.24843
0.75157 0.24843
0.57689 0.42311
0.55494 0.44506
0.74319 0.25681
0.74375 0.25625
0.73613 0.26387
0.61224 0.38776
0.58516 0.41484
0.75025 0.24975
0.97199 0.02801
0.54039 0.45961
0.54946 0.45054
0.57196 0.42804
0.51224 0.48776
0.51484 0.48516
0.64192 0.35808
0.57071 0.42929
0.58285 0.41715
0.50059 0.49941
0.56093 0.43907
0.60331 0.39669
0.53610 0.46390
0.54839 0.45161
0.81044 0.18956
0.93307 0.06693
0.61650 0.38350
0.75304 0.24696
0.74882 0.25118
0.77395 0.22605
0.77395 0.22605
0.93573 0.06427
0.77853 0.22147
0.92276 0.07724
0.75508 0.24492
0.78154 0.21846
0.77575 0.22425
0.72967 0.27033
0.54025 0.45975
0.53411 0.46589
0.71323 0.28677
0.81735 0.18265
0.70426 0.29574
0.80979 0.19021
0.75730 0.24270
0.63016 0.36984
0.73433 0.26567
0.61624 0.38376
0.69682 0.30318
0.62543 0.37457
0.70666 0.29334
0.80065 0.19935
0.81063 0.18937
0.88362 0.11638
0.59427 0.40573
0.72764 0.27236
0.88998 0.11002
0.60667 0.39333
0.73900 0.26100
0.55198 0.44802
0.57258 0.42742
0.56331 0.43669
0.59400 0.40600
0.59351 0.40649
0.56496 0.43504
0.85242 0.14758
0.66050 0.33950
0.81306 0.18694
0.63576 0.36424
0.63122 0.36878
0.77029 0.22971
0.76390 0.23610
0.60477 0.39523
0.60477 0.39523
0.71913 0.28087
0.71913 0.28087
0.60477 0.39523
0.60477 0.39523
0.60477 0.39523
0.60477 0.39523
0.72881 0.27119
0.72090 0.27910
0.72090 0.27910
0.58626 0.41374
0.75351 0.24649
0.95111 0.04889
0.85451 0.14549
0.59848 0.40152
0.60613 0.39387
0.95895 0.04105
0.95892 0.04108
0.95892 0.04108
0.94944 0.05056
0.90561 0.09439
0.68814 0.31186
0.68814 0.31186
0.61558 0.38442
0.70456 0.29544
0.56305 0.43695
0.56446 0.43554
0.54902 0.45098
0.61067 0.38933
0.57543 0.42457
0.55869 0.44131
0.60899 0.39101
0.60119 0.39881
0.66064 0.33936
0.66064 0.33936
0.51614 0.48386
0.90104 0.09896
0.77805 0.22195
0.61178 0.38822
0.58039 0.41961
0.62745 0.37255
0.67805 0.32195
0.67450 0.32550
0.68613 0.31387
0.68134 0.31866
0.67295 0.32705
0.67333 0.32667
0.59169 0.40831
0.60425 0.39575
0.58449 0.41551
0.59708 0.40292
0.57537 0.42463
0.68539 0.31461
0.55521 0.44479
0.58008 0.41992
0.57119 0.42881
0.57242 0.42758
0.55804 0.44196
0.61077 0.38923
0.61077 0.38923
0.57607 0.42393
0.54507 0.45493
0.55897 0.44103
0.62015 0.37985
0.82776 0.17224
0.60043 0.39957
0.60043 0.39957
0.60043 0.39957
0.60043 0.39957
0.54114 0.45886
0.53060 0.46940
0.56633 0.43367
0.57426 0.42574
0.64139 0.35861
0.55966 0.44034
0.63511 0.36489
0.70278 0.29722
0.68600 0.31400
0.68600 0.31400
0.60831 0.39169
0.68100 0.31900
0.70361 0.29639
0.70361 0.29639
0.73169 0.26831
0.73169 0.26831
0.60914 0.39086
0.60157 0.39843
0.68072 0.31928
0.68072 0.31928
0.88854 0.11146
0.78870 0.21130
0.78870 0.21130
0.75969 0.24031
0.72215 0.27785
0.58197 0.41803
0.87407 0.12593
0.58915 0.41085
0.70027 0.29973
0.70150 0.29850
0.69680 0.30320
0.69592 0.30408
0.78021 0.21979
0.66890 0.33110
0.92454 0.07546
0.92454 0.07546
0.55834 0.44166
0.56677 0.43323
0.63605 0.36395
0.85774 0.14226
0.87441 0.12559
0.86381 0.13619
0.53167 0.46833
0.65359 0.34641
0.63320 0.36680
0.56898 0.43102
0.65669 0.34331
0.56852 0.43148
0.79808 0.20192
0.65359 0.34641
0.63320 0.36680
0.56898 0.43102
0.73369 0.26631
0.65326 0.34674
0.65532 0.34468
0.74122 0.25878
0.74481 0.25519
0.72943 0.27057
0.62846 0.37154
0.62846 0.37154
0.66664 0.33336
0.66880 0.33120
0.60191 0.39809
0.60191 0.39809
0.72151 0.27849
0.72736 0.27264
0.61778 0.38222
0.73066 0.26934
0.59296 0.40704
0.73066 0.26934
0.58019 0.41981
0.59433 0.40567
0.58019 0.41981
0.58019 0.41981
0.59433 0.40567
0.58019 0.41981
0.75850 0.24150
0.72497 0.27503
0.65410 0.34590
0.62946 0.37054
0.72479 0.27521
0.71476 0.28524
0.61062 0.38938
0.60777 0.39223
0.61229 0.38771
0.60942 0.39058
0.75381 0.24619
0.63393 0.36607
0.53076 0.46924
0.54051 0.45949
0.57912 0.42088
0.65429 0.34571
0.61751 0.38249
0.61569 0.38431
0.81484 0.18516
0.81275 0.18725
0.74616 0.25384
0.74357 0.25643
0.74117 0.25883
0.57472 0.42528
0.57278 0.42722
0.58142 0.41858
0.57607 0.42393
0.56870 0.43130
0.56633 0.43367
0.61970 0.38030
0.84745 0.15255
0.60423 0.39577
0.60423 0.39577
0.52221 0.47779
0.69031 0.30969
0.67942 0.32058
0.69519 0.30481
0.69469 0.30531
0.69007 0.30993
0.57836 0.42164
0.71738 0.28262
0.68619 0.31381
0.57368 0.42632
0.55755 0.44245
0.56077 0.43923
0.55786 0.44214
0.72760 0.27240
0.60319 0.39681
0.60835 0.39165
0.60360 0.39640
0.60358 0.39642
0.60840 0.39160
0.60399 0.39601
0.74349 0.25651
0.74349 0.25651
0.60570 0.39430
0.60570 0.39430
0.63913 0.36087
0.66483 0.33517
0.68587 0.31413
0.51909 0.48091
0.57156 0.42844
0.63857 0.36143
0.66375 0.33625
0.56242 0.43758
0.61542 0.38458
0.56630 0.43370
0.69054 0.30946
0.69535 0.30465
0.52834 0.47166
0.52659 0.47341
0.69001 0.30999
0.69151 0.30849
0.50644 0.49356
0.55342 0.44658
0.57675 0.42325
0.66979 0.33021
0.57065 0.42935
0.57065 0.42935
0.59692 0.40308
0.65300 0.34700
0.81909 0.18091
0.81466 0.18534
0.80629 0.19371
0.97398 0.02602
0.81635 0.18365
0.82786 0.17214
0.80529 0.19471
0.82965 0.17035
0.81324 0.18676
0.81639 0.18361
0.72399 0.27601
0.87984 0.12016
0.76118 0.23882
0.74419 0.25581
0.94196 0.05804
0.73608 0.26392
0.71936 0.28064
0.75544 0.24456
0.62624 0.37376
0.61432 0.38568
0.72269 0.27731
0.71808 0.28192
0.60976 0.39024
0.69064 0.30936
0.59842 0.40158
0.56957 0.43043
0.71642 0.28358
0.61028 0.38972
0.76581 0.23419
0.61601 0.38399
0.88747 0.11253
0.87319 0.12681
0.84026 0.15974
0.81110 0.18890
0.70875 0.29125
0.72130 0.27870
0.68886 0.31114
0.61699 0.38301
0.62555 0.37445
0.60401 0.39599
0.81246 0.18754
0.80576 0.19424
0.50389 0.49611
0.65487 0.34513
0.65583 0.34417
0.57747 0.42253
0.52872 0.47128
0.57537 0.42463
0.64423 0.35577
0.66972 0.33028
0.67244 0.32756
0.57094 0.42906
0.63123 0.36877
0.85785 0.14215
0.73420 0.26580
0.60069 0.39931
0.66118 0.33882
0.93715 0.06285
0.61974 0.38026
0.57097 0.42903
0.67169 0.32831
0.85984 0.14016
0.67169 0.32831
0.85984 0.14016
0.67169 0.32831
0.85984 0.14016
0.84367 0.15633
0.68972 0.31028
0.62894 0.37106
0.86964 0.13036
0.57733 0.42267
0.57759 0.42241
0.57686 0.42314
0.52905 0.47095
0.53302 0.46698
0.64098 0.35902
0.81543 0.18457
0.65037 0.34963
0.65547 0.34453
0.65037 0.34963
0.54897 0.45103
0.72300 0.27700
0.59737 0.40263
0.59241 0.40759
0.75965 0.24035
0.67687 0.32313
0.59459 0.40541
0.55192 0.44808
0.64299 0.35701
0.73700 0.26300
0.79914 0.20086
0.64201 0.35799
0.61708 0.38292
0.61708 0.38292
0.62404 0.37596
0.70062 0.29938
0.61618 0.38382
0.88183 0.11817
0.72883 0.27117
0.55486 0.44514
0.57233 0.42767
0.58746 0.41254
0.61933 0.38067
0.61140 0.38860
0.77385 0.22615
0.77825 0.22175
0.78040 0.21960
0.60768 0.39232
0.68504 0.31496
0.69058 0.30942
0.60361 0.39639
0.65275 0.34725
0.65275 0.34725
0.79183 0.20817
0.59221 0.40779
0.59221 0.40779
0.60853 0.39147
0.54826 0.45174
0.58987 0.41013
0.59219 0.40781
0.86146 0.13854
0.87814 0.12186
0.64392 0.35608
0.70578 0.29422
0.53249 0.46751
0.54971 0.45029
0.94052 0.05948
0.93967 0.06033
0.87754 0.12246
0.87653 0.12347
0.73553 0.26447
0.87647 0.12353
0.73221 0.26779
0.75501 0.24499
0.69689 0.30311
0.69698 0.30302
0.76943 0.23057
0.90458 0.09542
0.88621 0.11379
0.87774 0.12226
0.87996 0.12004
0.79840 0.20160
0.79228 0.20772
0.80972 0.19028
0.80428 0.19572
0.79262 0.20738
0.76769 0.23231
0.66826 0.33174
0.66295 0.33705
0.67852 0.32148
0.67357 0.32643
0.65870 0.34130
0.63944 0.36056
0.66878 0.33122
0.63119 0.36881
0.71280 0.28720
0.86120 0.13880
0.86384 0.13616
0.85660 0.14340
0.66558 0.33442
0.66783 0.33217
0.65570 0.34430
0.61199 0.38801
0.95751 0.04249
0.60531 0.39469
0.80232 0.19768
0.58223 0.41777
0.58476 0.41524
0.68124 0.31876
0.72082 0.27918
0.62317 0.37683
0.65473 0.34527
0.65634 0.34366
0.71315 0.28685
0.61971 0.38029
0.59444 0.40556
0.59553 0.40447
0.71663 0.28337
0.81540 0.18460
0.59800 0.40200
0.59908 0.40092
0.59346 0.40654
0.56513 0.43487
0.76226 0.23774
0.58521 0.41479
0.59488 0.40512
0.73650 0.26350
0.59183 0.40817
0.74217 0.25783
0.59686 0.40314
0.72229 0.27771
0.59481 0.40519
0.72186 0.27814
0.84440 0.15560
0.84471 0.15529
0.57009 0.42991
0.54970 0.45030
0.60716 0.39284
0.59631 0.40369
0.67205 0.32795
0.68046 0.31954
0.59174 0.40826
0.70590 0.29410
0.80914 0.19086
0.80910 0.19090
0.79247 0.20753
0.67865 0.32135
0.68650 0.31350
0.50901 0.49099
0.51986 0.48014
0.57539 0.42461
0.88484 0.11516
0.64390 0.35610
0.59545 0.40455
0.61936 0.38064
0.58867 0.41133
0.65884 0.34116
0.57495 0.42505
0.60179 0.39821
0.55610 0.44390
0.71283 0.28717
0.74873 0.25127
0.59277 0.40723
0.61235 0.38765
0.57951 0.42049
0.61375 0.38625
0.61375 0.38625
0.62868 0.37132
0.62393 0.37607
0.62868 0.37132
0.62350 0.37650
0.61609 0.38391
0.71754 0.28246
0.68998 0.31002
0.61323 0.38677
0.61283 0.38717
0.60105 0.39895
0.62612 0.37388
0.72292 0.27708
0.88965 0.11035
0.62623 0.37377
0.62623 0.37377
0.72292 0.27708
0.88965 0.11035
0.62623 0.37377
0.62623 0.37377
0.72292 0.27708
0.88965 0.11035
0.62623 0.37377
0.62623 0.37377
0.72292 0.27708
0.88965 0.11035
0.62623 0.37377
0.56407 0.43593
0.57845 0.42155
0.60799 0.39201
0.60013 0.39987
0.81249 0.18751
0.68962 0.31038
0.81819 0.18181
0.70162 0.29838
0.57263 0.42737
0.57851 0.42149
0.57835 0.42165
0.59196 0.40804
0.59196 0.40804
0.57835 0.42165
0.57870 0.42130
0.63288 0.36712
0.59865 0.40135
0.56912 0.43088
0.56912 0.43088
0.57290 0.42710
0.57180 0.42820
0.58732 0.41268
0.58732 0.41268
0.54763 0.45237
0.66439 0.33561
0.65888 0.34112
0.62693 0.37307
0.62693 0.37307
0.61832 0.38168
0.84819 0.15181
0.84819 0.15181
0.62178 0.37822
0.62693 0.37307
0.62693 0.37307
0.61832 0.38168
0.57658 0.42342
0.57599 0.42401
0.58445 0.41555
0.58987 0.41013
0.67717 0.32283
0.62763 0.37237
0.62060 0.37940
0.62060 0.37940
0.87533 0.12467
0.62648 0.37352
0.63232 0.36768
0.65439 0.34561
0.76475 0.23525
0.79445 0.20555
0.76507 0.23493
0.79306 0.20695
0.62621 0.37379
0.64839 0.35161
0.56460 0.43540
0.59521 0.40479
0.58107 0.41893
0.57631 0.42369
0.76779 0.23221
0.76079 0.23921
0.62690 0.37310
0.76761 0.23239
0.62585 0.37415
0.59076 0.40924
0.79456 0.20544
0.57704 0.42296
0.61751 0.38249
0.66341 0.33659
0.90030 0.09970
0.81552 0.18448
0.72790 0.27209
0.77373 0.22627
0.75819 0.24181
0.63987 0.36013
0.53916 0.46084
0.62352 0.37648
0.58973 0.41027
0.58354 0.41646
0.56894 0.43106
0.57485 0.42515
0.61075 0.38925
0.71858 0.28142
0.59513 0.40487
0.77834 0.22166
0.60122 0.39878
0.85450 0.14550
0.56644 0.43356
0.63427 0.36573
0.61283 0.38717
0.76952 0.23048
0.78276 0.21724
0.73336 0.26664
0.74093 0.25907
0.89221 0.10779
0.58878 0.41122
0.80284 0.19716
0.65216 0.34784
0.67059 0.32941
0.58724 0.41276
0.62707 0.37293
0.65593 0.34407
0.67059 0.32941
0.58724 0.41276
0.85180 0.14820
0.85791 0.14209
0.85180 0.14820
0.85791 0.14209
0.72625 0.27375
0.77092 0.22908
0.76262 0.23738
0.76461 0.23539
0.76520 0.23480
0.76461 0.23539
0.67720 0.32280
0.65499 0.34501
0.76998 0.23002
0.77577 0.22423
0.76998 0.23002
0.77577 0.22423
0.76998 0.23002
0.77577 0.22423
0.77437 0.22563
0.56385 0.43615
0.57606 0.42394
0.57606 0.42394
0.68597 0.31403
0.74368 0.25632
0.74451 0.25549
0.62424 0.37576
0.62001 0.37999
0.61003 0.38997
0.68470 0.31530
0.65510 0.34490
0.56127 0.43873
0.63924 0.36076
0.54236 0.45764
0.71635 0.28365
0.53378 0.46622
0.60799 0.39201
0.61143 0.38857
0.61143 0.38857
0.72880 0.27120
0.73510 0.26490
0.82635 0.17365
0.87957 0.12043
0.96199 0.03801
0.96496 0.03504
0.87899 0.12101
0.85634 0.14366
0.96525 0.03475
0.54777 0.45223
0.54991 0.45009
0.60226 0.39774
0.74549 0.25451
0.62257 0.37743
0.89961 0.10039
0.90192 0.09808
0.59164 0.40836
0.64435 0.35565
0.63223 0.36777
0.64988 0.35012
0.65116 0.34884
0.60317 0.39683
0.70329 0.29671
0.62084 0.37916
0.60331 0.39669
0.59391 0.40609
0.59778 0.40222
0.57117 0.42883
0.68462 0.31538
0.70187 0.29813
0.71659 0.28341
0.63511 0.36489
0.63511 0.36489
0.62273 0.37727
0.62273 0.37727
0.80149 0.19851
0.80149 0.19851
0.62273 0.37727
0.62273 0.37727
0.63478 0.36522
0.63480 0.36520
0.54519 0.45481
0.60129 0.39871
0.59100 0.40900
0.90474 0.09526
0.67531 0.32469
0.68786 0.31214
0.59778 0.40222
0.59778 0.40222
0.57168 0.42832
0.57168 0.42832
0.58089 0.41911
0.58089 0.41911
0.57168 0.42832
0.57168 0.42832
0.58089 0.41911
0.58194 0.41806
0.70083 0.29917
0.56303 0.43697
0.56303 0.43697
0.60720 0.39280
0.59668 0.40332
0.50771 0.49229
0.70823 0.29177
0.67958 0.32042
0.71212 0.28788
0.71212 0.28788
0.58169 0.41831
0.57113 0.42887
0.72625 0.27375
0.74159 0.25841
0.69157 0.30843
0.84340 0.15660
0.62052 0.37948
0.59947 0.40053
0.58032 0.41968
0.71472 0.28528
0.78515 0.21485
0.78138 0.21862
0.77620 0.22380
0.72074 0.27926
0.73179 0.26821
0.62900 0.37100
0.61615 0.38385
0.61697 0.38303
0.61697 0.38303
0.61221 0.38779
0.61221 0.38779
0.58479 0.41521
0.58479 0.41521
0.58880 0.41120
0.58880 0.41120
0.58774 0.41226
0.59200 0.40800
0.87603 0.12397
0.58405 0.41595
0.58830 0.41170
0.87512 0.12488
0.70146 0.29854
0.88824 0.11176
0.56906 0.43094
0.83943 0.16057
0.81768 0.18232
0.81768 0.18232
0.73073 0.26927
0.73448 0.26552
0.73031 0.26969
0.73235 0.26765
0.72985 0.27015
0.76581 0.23419
0.76676 0.23324
0.58134 0.41866
0.93897 0.06103
0.92637 0.07363
0.78902 0.21098
0.81955 0.18045
0.91230 0.08770
0.80340 0.19660
0.62061 0.37939
0.81955 0.18045
0.91230 0.08770
0.89789 0.10211
0.89789 0.10211
0.92820 0.07180
0.98669 0.01331
0.55193 0.44807
0.60213 0.39787
0.62906 0.37094
0.61166 0.38834
0.94399 0.05601
0.61656 0.38344
0.94423 0.05577
0.78558 0.21442
0.50950 0.49050
0.54311 0.45689
0.56817 0.43183
0.57706 0.42294
0.66494 0.33506
0.63589 0.36411
0.76828 0.23172
0.65389 0.34611
0.85578 0.14422
0.60177 0.39823
0.77045 0.22955
0.69034 0.30966
0.61480 0.38520
0.74186 0.25814
0.59222 0.40778
0.68897 0.31103
0.59996 0.40004
0.58041 0.41959
0.57692 0.42308
0.57771 0.42229
0.57421 0.42579
0.61051 0.38949
0.60512 0.39488
0.61270 0.38730
0.60734 0.39266
0.61100 0.38900
0.60572 0.39428
0.55510 0.44490
0.55225 0.44775
0.55065 0.44935
0.57731 0.42269
0.55460 0.44540
0.65984 0.34016
0.61053 0.38947
0.59965 0.40035
0.59886 0.40114
0.57089 0.42911
0.57068 0.42932
0.57089 0.42911
0.57307 0.42693
0.57307 0.42693
0.57351 0.42649
0.55139 0.44861
0.55802 0.44198
0.58305 0.41695
0.59898 0.40102
0.80092 0.19908
0.74740 0.25260
0.89355 0.10645
0.75716 0.24284
0.79907 0.20093
0.85705 0.14295
0.89859 0.10141
0.84940 0.15060
0.89295 0.10705
0.75716 0.24284
0.79907 0.20093
0.53573 0.46427
0.80942 0.19058
0.70177 0.29823
0.85500 0.14500
0.85001 0.14999
0.84535 0.15465
0.84858 0.15142
0.74597 0.25403
0.74719 0.25281
0.74155 0.25845
0.74543 0.25457
0.61216 0.38784
0.61898 0.38102
0.62687 0.37313
0.76977 0.23023
0.50060 0.49940
0.56521 0.43479
0.52684 0.47316
0.82077 0.17923
0.61025 0.38975
0.81823 0.18177
0.56495 0.43505
0.55829 0.44171
0.57590 0.42410
0.60386 0.39614
0.56467 0.43533
0.53562 0.46438
0.61254 0.38746
0.52237 0.47763
0.60750 0.39250
0.59862 0.40138
0.59056 0.40944
0.57109 0.42891
0.57600 0.42400
0.56821 0.43179
0.56929 0.43071
0.59536 0.40464
0.59316 0.40684
0.59536 0.40464
0.61290 0.38710
0.60931 0.39069
0.65344 0.34656
0.61793 0.38207
0.58550 0.41450
0.76734 0.23266
0.75996 0.24004
0.68106 0.31894
0.76524 0.23476
0.54521 0.45479
0.55765 0.44235
0.61979 0.38021
0.80120 0.19880
0.76402 0.23598
0.61521 0.38479
0.60714 0.39286
0.75565 0.24435
0.78661 0.21339
0.62158 0.37842
0.90072 0.09928
0.76923 0.23077
0.62062 0.37938
0.53130 0.46870
0.81232 0.18768
0.59576 0.40424
0.59359 0.40641
0.58577 0.41423
0.76597 0.23403
0.60013 0.39987
0.90132 0.09868
0.52932 0.47068
0.55119 0.44881
0.58936 0.41064
0.60362 0.39638
0.58499 0.41501
0.67577 0.32423
0.53675 0.46325
0.54525 0.45475
0.58021 0.41979
0.59041 0.40959
0.65010 0.34990
0.69881 0.30119
0.64314 0.35686
0.65835 0.34165
0.68795 0.31205
0.60030 0.39970
0.50899 0.49101
0.50447 0.49553
0.79824 0.20176
0.79107 0.20893
0.82194 0.17806
0.93166 0.06834
0.79308 0.20692
0.63968 0.36032
0.62605 0.37395
0.79449 0.20551
0.82500 0.17500
0.61441 0.38559
0.60715 0.39285
0.94233 0.05767
0.57181 0.42819
0.68356 0.31644
0.57725 0.42275
0.61738 0.38262
0.64548 0.35452
0.58719 0.41281
0.57192 0.42808
0.75928 0.24072
0.57861 0.42139
0.63283 0.36717
0.66158 0.33842
0.64235 0.35765
0.63513 0.36487
0.59987 0.40013
0.74255 0.25745
0.78773 0.21227
0.93581 0.06419
0.77400 0.22600
0.62328 0.37672
0.62980 0.37020
0.61620 0.38380
0.62406 0.37594
0.62925 0.37075
0.60739 0.39261
0.63739 0.36261
0.60619 0.39381
0.63607 0.36393
0.57212 0.42788
0.64645 0.35355
0.59161 0.40839
0.81839 0.18161
0.58801 0.41199
0.57492 0.42508
0.66429 0.33571
0.70645 0.29355
0.67704 0.32296
0.70863 0.29137
0.69737 0.30263
0.68423 0.31577
0.59813 0.40187
0.57871 0.42129
0.59380 0.40619
0.59093 0.40907
0.67870 0.32130
0.70645 0.29355
0.67704 0.32296
0.70863 0.29137
0.69737 0.30263
0.68423 0.31577
0.62786 0.37214
0.80074 0.19926
0.81586 0.18414
0.62189 0.37811
0.60913 0.39087
0.60373 0.39627
0.62786 0.37214
0.80074 0.19926
0.81586 0.18414
0.62198 0.37802
0.60913 0.39087
0.60373 0.39627
0.67088 0.32912
0.66924 0.33076
0.66923 0.33077
0.61601 0.38399
0.61015 0.38985
0.60374 0.39626
0.59941 0.40059
0.69102 0.30898
0.76838 0.23162
0.57935 0.42065
0.57223 0.42777
0.59506 0.40494
0.65691 0.34309
0.54780 0.45220
0.54388 0.45612
0.84018 0.15982
0.62537 0.37463
0.83006 0.16994
0.79373 0.20627
0.59400 0.40600
0.59437 0.40563
0.89907 0.10093
0.89392 0.10608
0.62228 0.37772
0.59286 0.40714
0.58032 0.41968
0.62547 0.37453
0.56001 0.43999
0.55729 0.44271
0.56938 0.43062
0.80465 0.19535
0.81557 0.18443
0.93094 0.06906
0.80179 0.19821
0.64673 0.35327
0.65616 0.34384
0.75323 0.24677
0.76514 0.23486
0.75323 0.24677
0.76514 0.23486
0.61049 0.38951
0.61852 0.38148
0.86767 0.13233
0.86767 0.13233
0.67067 0.32933
0.67067 0.32933
0.60702 0.39298
0.60702 0.39298
0.56473 0.43527
0.63282 0.36718
0.56178 0.43822
0.62973 0.37027
0.63880 0.36120
0.65484 0.34516
0.59170 0.40830
0.72184 0.27816
0.57352 0.42648
0.68030 0.31970
0.67051 0.32949
0.67891 0.32109
0.65412 0.34588
0.65412 0.34588
0.66690 0.33310
0.66690 0.33310
0.60137 0.39863
0.60137 0.39863
0.67581 0.32419
0.67581 0.32419
0.66156 0.33844
0.66156 0.33844
0.80114 0.19886
0.55406 0.44594
0.57954 0.42046
0.56853 0.43147
0.62701 0.37299
0.61578 0.38422
0.62581 0.37419
0.65875 0.34125
0.66068 0.33932
0.65126 0.34874
0.65875 0.34125
0.77237 0.22763
0.76259 0.23741
0.77133 0.22867
0.61049 0.38951
0.64602 0.35398
0.56691 0.43309
0.78718 0.21282
0.60260 0.39740
0.81237 0.18763
0.80761 0.19239
0.67483 0.32517
0.80761 0.19239
0.68452 0.31548
0.67483 0.32517
0.57063 0.42937
0.69591 0.30409
0.68678 0.31322
0.60358 0.39642
0.71941 0.28059
0.77007 0.22993
0.58188 0.41812
0.62645 0.37355
0.56048 0.43952
0.56789 0.43211
0.53198 0.46802
0.61557 0.38443
0.66450 0.33550
0.63324 0.36676
0.67655 0.32345
0.77016 0.22984
0.66764 0.33236
0.89464 0.10536
0.65537 0.34463
0.61776 0.38224
0.51733 0.48267
0.57485 0.42515
0.65444 0.34556
0.57013 0.42987
0.55169 0.44831
0.57013 0.42987
0.55169 0.44831
0.60920 0.39080
0.57969 0.42031
0.61697 0.38303
0.63374 0.36626
0.78565 0.21435
0.68210 0.31790
0.60100 0.39900
0.74951 0.25049
0.62342 0.37658
0.55766 0.44234
0.84089 0.15911
0.80773 0.19227
0.83811 0.16189
0.83864 0.16136
0.66815 0.33185
0.92091 0.07909
0.83621 0.16379
0.76356 0.23644
0.67909 0.32091
0.88596 0.11404
0.72217 0.27783
0.60538 0.39462
0.50358 0.49642
0.53760 0.46240
0.66207 0.33793
0.64958 0.35042
0.78256 0.21744
0.76565 0.23435
0.54506 0.45494
0.55405 0.44595
0.94305 0.05695
0.95977 0.04023
0.95977 0.04023
0.63118 0.36882
0.63118 0.36882
0.60492 0.39508
0.77026 0.22974
0.60681 0.39319
0.70548 0.29452
0.60681 0.39319
0.70548 0.29452
0.64446 0.35554
0.64328 0.35672
0.69685 0.30315
0.57320 0.42680
0.58338 0.41662
0.57770 0.42230
0.63434 0.36566
0.59710 0.40290
0.59473 0.40527
0.63535 0.36465
0.57571 0.42429
0.57010 0.42990
0.64499 0.35501
0.88393 0.11607
0.64860 0.35140
0.88585 0.11415
0.90383 0.09617
0.66175 0.33825
0.65805 0.34195
0.97562 0.02438
0.66671 0.33329
0.89077 0.10923
0.87799 0.12201
0.87248 0.12752
0.87876 0.12124
0.98032 0.01968
0.68858 0.31142
0.59570 0.40430
0.66484 0.33516
0.65985 0.34015
0.55887 0.44113
0.57292 0.42708
0.60743 0.39257
0.69818 0.30182
0.57775 0.42225
0.60743 0.39257
0.76273 0.23727
0.60743 0.39257
0.69818 0.30182
0.57775 0.42225
0.60743 0.39257
0.76273 0.23727
0.81543 0.18457
0.67255 0.32745
0.81543 0.18457
0.67470 0.32530
0.60617 0.39383
0.80940 0.19060
0.87331 0.12669
0.56643 0.43357
0.71470 0.28530
0.54978 0.45022
0.55393 0.44607
0.76844 0.23156
0.75690 0.24310
0.69938 0.30062
0.67742 0.32258
0.61272 0.38728
0.74633 0.25367
0.71880 0.28120
0.69297 0.30703
0.61417 0.38583
0.83590 0.16410
0.71270 0.28730
0.83685 0.16315
0.71949 0.28051
0.69389 0.30611
0.90604 0.09396
0.76705 0.23295
0.77825 0.22175
0.76844 0.23156
0.77608 0.22392
0.76705 0.23295
0.64544 0.35456
0.64747 0.35253
0.64506 0.35494
0.66232 0.33768
0.65502 0.34498
0.73733 0.26267
0.69816 0.30184
0.62112 0.37888
0.69557 0.30443
0.73766 0.26234
0.69847 0.30153
0.73476 0.26524
0.69592 0.30408
0.62010 0.37990
0.59041 0.40959
0.59125 0.40875
0.94736 0.05264
0.63785 0.36215
0.58210 0.41790
0.61449 0.38551
0.60611 0.39389
0.60707 0.39293
0.74064 0.25936
0.64467 0.35533
0.70602 0.29398
0.63161 0.36839
0.61289 0.38711
0.71739 0.28261
0.70483 0.29517
0.55397 0.44603
0.54197 0.45803
0.53260 0.46740
0.67025 0.32975
0.68132 0.31868
0.74221 0.25779
0.72877 0.27123
0.61913 0.38087
0.63855 0.36145
0.57427 0.42573
0.56805 0.43195
0.65139 0.34861
0.65848 0.34152
0.65741 0.34259
0.56196 0.43804
0.59985 0.40015
0.60435 0.39565
0.60449 0.39551
0.61034 0.38966
0.60003 0.39997
0.60435 0.39565
0.64483 0.35517
0.60500 0.39500
0.60500 0.39500
0.60500 0.39500
0.60500 0.39500
0.59869 0.40131
0.59061 0.40939
0.59068 0.40932
0.60777 0.39223
0.59569 0.40431
0.60606 0.39394
0.60764 0.39236
0.60764 0.39236
0.58317 0.41683
0.60082 0.39918
0.59571 0.40429
0.60174 0.39826
0.59505 0.40495
0.59591 0.40409
0.60174 0.39826
0.59505 0.40495
0.59568 0.40432
0.60618 0.39382
0.59939 0.40061
0.60008 0.39992
0.52818 0.47182
0.53344 0.46656
0.54153 0.45847
0.54984 0.45016
0.72940 0.27060
0.62157 0.37843
0.52592 0.47408
0.60263 0.39737
0.60493 0.39507
0.56635 0.43365
0.59226 0.40774
0.57545 0.42455
0.66212 0.33788
0.66212 0.33788
0.66494 0.33506
0.66494 0.33506
0.58656 0.41344
0.58656 0.41344
0.64488 0.35512
0.64488 0.35512
0.58656 0.41344
0.58656 0.41344
0.58776 0.41224
0.83174 0.16826
0.82745 0.17255
0.67761 0.32239
0.67764 0.32236
0.67469 0.32531
0.60633 0.39367
0.60406 0.39594
0.80862 0.19138
0.81545 0.18455
0.78480 0.21520
0.82141 0.17859
0.79344 0.20656
0.71583 0.28417
0.71695 0.28305
0.71493 0.28507
0.71493 0.28507
0.60017 0.39983
0.59254 0.40746
0.59470 0.40530
0.59942 0.40058
0.59103 0.40897
0.66072 0.33928
0.66072 0.33928
0.85791 0.14209
0.64836 0.35164
0.64754 0.35246
0.84185 0.15815
0.75825 0.24175
0.92785 0.07215
0.74551 0.25449
0.73961 0.26039
0.71634 0.28366
0.71172 0.28828
0.70524 0.29476
0.72570 0.27430
0.72538 0.27462
0.72681 0.27319
0.72650 0.27350
0.62034 0.37966
0.63538 0.36462
0.60836 0.39164
0.59503 0.40497
0.59654 0.40346
0.62249 0.37751
0.57213 0.42787
0.71389 0.28611
0.59052 0.40948
0.85870 0.14130
0.74085 0.25915
0.74356 0.25644
0.73212 0.26788
0.55853 0.44147
0.87691 0.12309
0.87691 0.12309
0.87970 0.12030
0.87970 0.12030
0.88556 0.11444
0.88556 0.11444
0.71727 0.28273
0.71727 0.28273
0.87691 0.12309
0.87691 0.12309
0.68197 0.31803
0.73829 0.26171
0.53030 0.46970
0.55010 0.44990
0.59377 0.40623
0.68017 0.31983
0.59980 0.40020
0.66631 0.33369
0.57735 0.42265
0.61954 0.38046
0.57433 0.42567
0.65179 0.34821
0.81892 0.18108
0.64582 0.35418
0.65040 0.34960
0.59366 0.40634
0.61023 0.38977
0.63844 0.36156
0.60021 0.39979
0.86239 0.13761
0.86239 0.13761
0.82779 0.17221
0.66433 0.33567
0.66433 0.33567
0.66433 0.33567
0.66433 0.33567
0.66433 0.33567
0.66433 0.33567
0.54301 0.45699
0.62934 0.37066
0.91439 0.08561
0.77822 0.22178
0.86565 0.13435
0.91038 0.08962
0.87490 0.12510
0.54738 0.45262
0.60010 0.39990
0.61854 0.38146
0.58387 0.41613
0.60679 0.39321
0.60679 0.39321
0.53211 0.46789
0.53380 0.46620
0.69688 0.30312
0.62490 0.37510
0.82533 0.17467
0.82176 0.17824
0.61919 0.38081
0.59997 0.40003
0.57704 0.42296
0.56475 0.43525
0.59002 0.40998
0.59917 0.40083
0.56621 0.43379
0.62292 0.37708
0.74527 0.25473
0.62292 0.37708
0.74527 0.25473
0.59425 0.40575
0.59125 0.40875
0.57071 0.42929
0.58717 0.41283
0.58260 0.41740
0.59425 0.40575
0.60155 0.39845
0.59425 0.40575
0.59125 0.40875
0.57071 0.42929
0.58717 0.41283
0.58260 0.41740
0.59425 0.40575
0.60155 0.39845
0.59425 0.40575
0.59125 0.40875
0.57071 0.42929
0.58717 0.41283
0.58260 0.41740
0.59425 0.40575
0.60155 0.39845
0.61073 0.38927
0.61666 0.38334
0.73115 0.26885
0.60174 0.39826
0.57103 0.42897
0.58930 0.41070
0.63805 0.36195
0.51995 0.48005
0.62998 0.37002
0.94048 0.05952
0.63262 0.36738
0.59826 0.40174
0.80870 0.19130
0.80070 0.19930
0.76931 0.23069
0.75983 0.24017
0.76650 0.23350
0.53424 0.46576
0.55825 0.44175
0.54764 0.45236
0.56612 0.43388
0.77022 0.22978
0.58732 0.41268
0.54751 0.45249
0.57680 0.42320
0.58640 0.41360
0.57734 0.42266
0.55861 0.44139
0.55861 0.44139
0.75295 0.24705
0.75295 0.24705
0.56012 0.43988
0.68063 0.31937
0.57601 0.42399
0.57534 0.42466
0.55285 0.44715
0.68578 0.31422
0.79461 0.20539
0.60996 0.39004
0.68557 0.31443
0.76354 0.23646
0.64551 0.35449
0.90068 0.09932
0.77184 0.22816
0.89537 0.10463
0.76251 0.23749
0.60878 0.39122
0.62126 0.37874
0.62549 0.37451
0.84003 0.15997
0.62341 0.37659
0.64137 0.35863
0.59806 0.40194
0.60024 0.39976
0.61770 0.38230
0.59380 0.40620
0.59435 0.40565
0.59376 0.40624
0.67430 0.32570
0.63558 0.36442
0.72047 0.27953
0.75069 0.24931
0.60136 0.39864
0.59216 0.40784
0.60248 0.39752
0.59994 0.40006
0.62204 0.37796
0.61825 0.38175
0.61848 0.38152
0.63093 0.36907
0.82086 0.17914
0.60656 0.39344
0.93963 0.06037
0.66207 0.33793
0.59604 0.40396
0.74545 0.25455
0.72974 0.27026
0.63306 0.36694
0.82704 0.17296
0.59222 0.40778
0.83152 0.16848
0.82501 0.17499
0.68029 0.31971
0.67305 0.32695
0.83152 0.16848
0.82501 0.17499
0.68029 0.31971
0.67305 0.32695
0.94038 0.05962
0.93636 0.06364
0.70545 0.29455
0.69918 0.30082
0.70545 0.29455
0.69918 0.30082
0.68129 0.31871
0.70249 0.29751
0.69398 0.30602
0.71507 0.28493
0.94038 0.05962
0.93636 0.06364
0.59306 0.40694
0.57605 0.42395
0.63035 0.36965
0.56729 0.43271
0.74741 0.25259
0.74741 0.25259
0.74036 0.25964
0.74036 0.25964
0.74036 0.25964
0.74036 0.25964
0.60120 0.39880
0.60078 0.39922
0.69520 0.30480
0.58852 0.41148
0.50056 0.49944
0.76747 0.23253
0.57007 0.42993
0.62802 0.37198
0.62024 0.37976
0.57582 0.42418
0.58664 0.41336
0.56783 0.43217
0.56783 0.43217
0.59729 0.40271
0.56464 0.43536
0.60154 0.39846
0.60154 0.39846
0.60286 0.39714
0.60286 0.39714
0.61175 0.38825
0.61163 0.38837
0.60028 0.39972
0.60020 0.39980
0.72932 0.27068
0.72901 0.27099
0.73064 0.26936
0.73033 0.26967
0.61175 0.38825
0.61163 0.38837
0.58524 0.41476
0.88938 0.11062
0.72080 0.27920
0.70171 0.29829
0.64840 0.35160
0.81482 0.18518
0.58340 0.41660
0.58572 0.41428
0.77757 0.22243
0.80731 0.19269
0.59081 0.40919
0.61982 0.38018
0.60795 0.39205
0.58254 0.41746
0.60903 0.39097
0.65776 0.34224
0.87498 0.12502
0.61458 0.38542
0.66971 0.33029
0.58940 0.41060
0.59515 0.40485
0.91652 0.08348
0.62207 0.37793
0.61996 0.38004
0.66581 0.33419
0.66581 0.33419
0.66581 0.33419
0.66581 0.33419
0.61327 0.38673
0.68406 0.31594
0.61327 0.38673
0.68406 0.31594
0.70847 0.29153
0.75378 0.24622
0.67291 0.32709
0.59030 0.40970
0.63586 0.36414
0.63225 0.36775
0.60612 0.39388
0.62784 0.37216
0.62178 0.37822
0.63586 0.36414
0.64461 0.35539
0.61197 0.38803
0.61322 0.38678
0.59238 0.40762
0.63586 0.36414
0.63225 0.36775
0.60612 0.39388
0.62784 0.37216
0.62178 0.37822
0.63586 0.36414
0.64461 0.35539
0.61197 0.38803
0.61322 0.38678
0.59238 0.40762
0.63586 0.36414
0.63225 0.36775
0.60612 0.39388
0.62784 0.37216
0.62178 0.37822
0.63586 0.36414
0.64461 0.35539
0.61197 0.38803
0.61322 0.38678
0.59238 0.40762
0.61691 0.38309
0.61352 0.38648
0.57762 0.42238
0.59056 0.40944
0.59124 0.40876
0.74129 0.25871
0.56425 0.43575
0.67733 0.32267
0.58806 0.41194
0.58114 0.41886
0.67733 0.32267
0.58806 0.41194
0.67733 0.32267
0.58806 0.41194
0.58114 0.41886
0.67733 0.32267
0.58806 0.41194
0.59453 0.40547
0.59453 0.40547
0.88222 0.11778
0.59453 0.40547
0.59453 0.40547
0.59453 0.40547
0.88222 0.11778
0.59453 0.40547
0.70827 0.29173
0.70827 0.29173
0.60514 0.39486
0.68195 0.31805
0.60514 0.39486
0.62208 0.37792
0.68600 0.31400
0.65566 0.34434
0.65816 0.34184
0.64717 0.35283
0.65781 0.34219
0.62429 0.37571
0.66343 0.33657
0.66382 0.33618
0.60812 0.39188
0.59385 0.40615
0.57037 0.42963
0.64289 0.35711
0.64530 0.35470
0.59397 0.40603
0.59820 0.40180
0.55477 0.44523
0.55146 0.44854
0.55984 0.44016
0.83653 0.16347
0.72852 0.27148
0.88656 0.11344
0.74429 0.25571
0.74429 0.25571
0.74860 0.25140
0.74860 0.25140
0.73788 0.26212
0.73788 0.26212
0.73869 0.26131
0.73869 0.26131
0.82113 0.17887
0.78643 0.21357
0.68315 0.31685
0.90337 0.09663
0.68159 0.31841
0.77453 0.22547
0.67380 0.32620
0.71665 0.28335
0.59790 0.40210
0.62994 0.37006
0.63121 0.36879
0.58769 0.41231
0.86993 0.13007
0.85467 0.14533
0.63343 0.36657
0.63470 0.36530
0.83469 0.16531
0.70810 0.29190
0.62873 0.37127
0.65139 0.34861
0.61619 0.38381
0.65951 0.34049
0.62359 0.37641
0.60145 0.39855
0.58958 0.41042
0.65238 0.34762
0.79868 0.20132
0.70715 0.29285
0.62268 0.37732
0.87189 0.12811
0.69654 0.30346
0.69274 0.30726
0.60190 0.39810
0.56951 0.43049
0.81725 0.18275
0.62566 0.37434
0.58665 0.41335
0.56598 0.43402
0.58301 0.41699
0.59775 0.40225
0.67228 0.32772
0.59432 0.40568
0.72129 0.27871
0.72300 0.27700
0.84671 0.15329
0.56363 0.43637
0.63437 0.36563
0.57083 0.42917
0.69877 0.30123
0.82476 0.17524
0.69718 0.30282
0.83126 0.16874
0.85065 0.14935
0.83046 0.16954
0.85182 0.14818
0.84622 0.15378
0.86877 0.13123
0.72996 0.27004
0.71204 0.28796
0.71130 0.28870
0.86756 0.13244
0.85103 0.14897
0.85030 0.14970
0.58328 0.41672
0.56439 0.43561
0.58219 0.41781
0.56569 0.43431
0.59691 0.40309
0.66821 0.33179
0.58749 0.41251
0.55759 0.44241
0.74632 0.25368
0.58227 0.41773
0.60249 0.39751
0.65490 0.34510
0.84665 0.15335
0.80391 0.19609
0.80700 0.19300
0.62161 0.37839
0.90294 0.09706
0.60961 0.39039
0.61368 0.38632
0.61573 0.38427
0.60961 0.39039
0.61368 0.38632
0.61573 0.38427
0.58618 0.41382
0.56469 0.43531
0.60610 0.39390
0.60610 0.39390
0.54689 0.45311
0.61516 0.38484
0.61664 0.38336
0.59914 0.40086
0.60159 0.39841
0.59136 0.40864
0.60188 0.39812
0.59165 0.40835
0.57151 0.42849
0.57596 0.42404
0.57619 0.42381
0.59333 0.40667
0.58538 0.41462
0.61165 0.38835
0.57802 0.42198
0.59240 0.40760
0.59161 0.40839
0.72171 0.27829
0.61342 0.38658
0.57012 0.42988
0.57028 0.42972
0.60594 0.39406
0.62015 0.37985
0.52517 0.47483
0.68338 0.31662
0.68321 0.31679
0.57159 0.42841
0.61163 0.38837
0.65397 0.34603
0.64053 0.35947
0.56225 0.43775
0.75795 0.24205
0.75795 0.24205
0.61473 0.38527
0.61473 0.38527
0.61473 0.38527
0.61473 0.38527
0.75528 0.24472
0.75528 0.24472
0.77118 0.22882
0.77118 0.22882
0.60902 0.39098
0.59103 0.40897
0.62135 0.37865
0.63091 0.36909
0.58364 0.41636
0.56384 0.43616
0.53873 0.46127
0.57518 0.42482
0.55309 0.44691
0.72910 0.27090
0.73141 0.26859
0.89860 0.10140
0.89997 0.10003
0.82208 0.17792
0.64113 0.35887
0.82403 0.17597
0.64377 0.35623
0.82403 0.17597
0.64377 0.35623
0.84990 0.15010
0.85150 0.14850
0.63397 0.36603
0.62655 0.37345
0.63188 0.36812
0.61726 0.38274
0.61229 0.38771
0.50574 0.49426
0.51866 0.48134
0.51327 0.48673
0.59008 0.40992
0.59008 0.40992
0.82017 0.17983
0.80870 0.19130
0.63284 0.36716
0.84350 0.15650
0.91792 0.08208
0.83411 0.16589
0.61634 0.38366
0.62472 0.37528
0.62472 0.37528
0.62472 0.37528
0.55023 0.44977
0.54276 0.45724
0.58042 0.41958
0.81704 0.18296
0.81069 0.18931
0.73589 0.26411
0.63045 0.36955
0.66314 0.33686
0.65179 0.34821
0.58751 0.41249
0.58255 0.41745
0.78575 0.21425
0.78663 0.21337
0.77491 0.22509
0.77928 0.22072
0.77636 0.22364
0.80476 0.19524
0.79378 0.20622
0.79180 0.20820
0.60484 0.39516
0.94047 0.05953
0.61275 0.38725
0.61575 0.38425
0.54129 0.45871
0.58593 0.41407
0.60936 0.39064
0.60946 0.39054
0.58000 0.42000
0.55701 0.44299
0.74398 0.25602
0.64380 0.35620
0.74398 0.25602
0.64380 0.35620
0.59830 0.40170
0.59365 0.40635
0.61145 0.38855
0.60954 0.39046
0.61145 0.38855
0.61071 0.38929
0.61145 0.38855
0.60954 0.39046
0.61145 0.38855
0.61071 0.38929
0.58988 0.41012
0.58820 0.41180
0.55256 0.44744
0.55163 0.44837
0.54417 0.45583
0.54327 0.45673
0.57921 0.42079
0.69043 0.30957
0.58899 0.41101
0.57471 0.42529
0.57335 0.42665
0.60225 0.39775
0.61215 0.38785
0.80628 0.19372
0.80876 0.19124
0.81054 0.18946
0.75500 0.24500
0.62944 0.37056
0.76260 0.23740
0.75521 0.24479
0.65350 0.34650
0.78670 0.21330
0.66650 0.33350
0.62586 0.37414
0.63650 0.36350
0.65949 0.34051
0.66531 0.33469
0.66592 0.33408
0.62006 0.37994
0.59698 0.40302
0.61331 0.38669
0.63698 0.36302
0.72904 0.27096
0.63698 0.36302
0.72904 0.27096
0.66934 0.33066
0.61575 0.38425
0.63712 0.36288
0.63712 0.36288
0.55572 0.44428
0.56527 0.43473
0.56731 0.43269
0.55318 0.44682
0.56138 0.43862
0.57750 0.42250
0.56089 0.43911
0.58006 0.41994
0.56501 0.43499
0.58372 0.41628
0.52746 0.47254
0.54978 0.45022
0.67681 0.32319
0.67311 0.32689
0.59869 0.40131
0.81378 0.18622
0.57616 0.42384
0.69211 0.30789
0.57743 0.42257
0.63243 0.36757
0.76019 0.23981
0.63243 0.36757
0.54518 0.45482
0.53165 0.46835
0.59796 0.40204
0.83823 0.16177
0.66742 0.33258
0.90307 0.09693
0.73086 0.26914
0.91371 0.08629
0.60567 0.39433
0.59992 0.40008
0.75677 0.24323
0.51434 0.48566
0.51434 0.48566
0.53440 0.46560
0.53440 0.46560
0.52072 0.47928
0.52072 0.47928
0.94139 0.05861
0.59834 0.40166
0.79037 0.20963
0.75797 0.24203
0.66988 0.33012
0.66988 0.33012
0.59173 0.40827
0.59173 0.40827
0.55404 0.44596
0.55404 0.44596
0.70338 0.29662
0.70338 0.29662
0.56171 0.43829
0.56171 0.43829
0.61212 0.38788
0.61212 0.38788
0.56171 0.43829
0.56171 0.43829
0.70338 0.29662
0.70338 0.29662
0.61212 0.38788
0.61212 0.38788
0.76588 0.23412
0.77132 0.22868
0.80457 0.19543
0.83416 0.16584
0.80436 0.19564
0.72759 0.27241
0.75588 0.24412
0.84434 0.15566
0.84351 0.15649
0.81594 0.18406
0.57444 0.42556
0.56535 0.43465
0.66059 0.33941
0.66080 0.33920
0.91130 0.08870
0.58853 0.41147
0.58868 0.41132
0.61113 0.38887
0.61752 0.38248
0.80529 0.19471
0.56384 0.43616
0.63866 0.36134
0.63074 0.36926
0.63074 0.36926
0.62262 0.37738
0.61914 0.38086
0.73451 0.26549
0.64336 0.35664
0.65757 0.34243
0.63585 0.36415
0.73451 0.26549
0.64336 0.35664
0.69446 0.30554
0.58850 0.41150
0.56380 0.43620
0.70660 0.29340
0.56988 0.43012
0.55331 0.44669
0.60034 0.39966
0.58260 0.41740
0.59870 0.40130
0.78122 0.21878
0.75053 0.24947
0.74072 0.25928
0.74767 0.25233
0.66735 0.33265
0.55026 0.44974
0.59301 0.40699
0.62201 0.37799
0.56412 0.43588
0.53443 0.46557
0.57683 0.42317
0.64234 0.35766
0.58280 0.41720
0.62205 0.37795
0.61325 0.38675
0.63805 0.36195
0.60343 0.39657
0.64970 0.35030
0.55640 0.44360
0.56201 0.43799
0.63781 0.36219
0.73877 0.26123
0.73877 0.26123
0.61551 0.38449
0.58154 0.41846
0.59313 0.40687
0.61551 0.38449
0.58154 0.41846
0.59313 0.40687
0.73096 0.26904
0.82818 0.17182
0.83070 0.16930
0.75860 0.24140
0.76399 0.23601
0.75538 0.24462
0.63565 0.36435
0.75601 0.24399
0.55937 0.44063
0.58244 0.41756
0.58130 0.41870
0.58256 0.41744
0.65974 0.34026
0.56067 0.43933
0.59726 0.40274
0.91979 0.08021
0.70472 0.29528
0.69346 0.30654
0.59944 0.40056
0.72645 0.27355
0.73512 0.26488
0.73881 0.26119
0.68493 0.31507
0.81177 0.18823
0.79679 0.20321
0.95643 0.04357
0.79792 0.20208
0.60898 0.39102
0.74328 0.25672
0.60346 0.39654
0.56286 0.43714
0.90923 0.09077
0.62266 0.37734
0.64603 0.35397
0.88936 0.11064
0.88165 0.11835
0.63125 0.36875
0.58840 0.41160
0.95768 0.04232
0.95768 0.04232
0.60814 0.39186
0.60814 0.39186
0.60814 0.39186
0.60814 0.39186
0.86937 0.13063
0.78996 0.21004
0.78611 0.21389
0.77547 0.22453
0.60167 0.39833
0.59911 0.40089
0.59776 0.40224
0.62706 0.37294
0.63138 0.36862
0.74606 0.25394
0.74298 0.25702
0.58231 0.41769
0.58810 0.41190
0.58630 0.41370
0.58576 0.41424
0.63693 0.36307
0.63922 0.36078
0.64852 0.35148
0.50686 0.49314
0.65329 0.34671
0.58865 0.41135
0.66186 0.33814
0.59700 0.40300
0.55156 0.44844
0.64427 0.35573
0.65800 0.34200
0.58119 0.41881
0.54040 0.45960
0.51880 0.48120
0.78123 0.21877
0.78805 0.21195
0.60849 0.39151
0.56341 0.43659
0.72518 0.27482
0.55230 0.44770
0.57420 0.42580
0.55254 0.44746
0.83055 0.16945
0.81911 0.18089
0.68050 0.31950
0.94681 0.05319
0.74032 0.25968
0.94551 0.05449
0.73620 0.26380
0.79386 0.20614
0.73578 0.26422
0.94398 0.05602
0.73145 0.26855
0.79386 0.20614
0.73578 0.26422
0.80843 0.19157
0.75329 0.24671
0.94185 0.05815
0.72492 0.27508
0.53916 0.46084
0.71746 0.28254
0.71746 0.28254
0.71746 0.28254
0.71746 0.28254
0.68496 0.31504
0.68072 0.31928
0.67183 0.32817
0.69855 0.30145
0.66927 0.33073
0.71323 0.28677
0.71369 0.28631
0.71605 0.28395
0.73778 0.26222
0.72832 0.27168
0.71157 0.28843
0.70515 0.29485
0.81597 0.18403
0.78703 0.21297
0.77182 0.22818
0.67555 0.32445
0.74512 0.25488
0.57717 0.42283
0.59351 0.40649
0.61383 0.38617
0.77490 0.22510
0.77490 0.22510
0.91121 0.08879
0.90628 0.09372
0.90998 0.09002
0.81011 0.18989
0.71807 0.28193
0.70542 0.29458
0.72182 0.27818
0.70935 0.29065
0.72166 0.27834
0.70919 0.29081
0.66286 0.33714
0.66221 0.33779
0.66286 0.33714
0.66221 0.33779
0.60710 0.39290
0.60720 0.39280
0.60836 0.39164
0.60847 0.39153
0.75917 0.24083
0.75926 0.24074
0.60805 0.39195
0.60815 0.39185
0.61112 0.38888
0.61123 0.38877
0.76027 0.23973
0.76037 0.23963
0.60805 0.39195
0.60815 0.39185
0.76027 0.23973
0.76037 0.23963
0.61112 0.38888
0.61123 0.38877
0.76027 0.23973
0.76037 0.23963
0.57760 0.42240
0.58017 0.41983
0.70878 0.29122
0.57596 0.42404
0.70857 0.29143
0.57821 0.42179
0.70857 0.29143
0.66027 0.33973
0.66395 0.33605
0.66981 0.33019
0.82331 0.17669
0.63095 0.36905
0.63411 0.36589
0.57447 0.42553
0.55407 0.44593
0.97194 0.02806
0.61809 0.38191
0.61809 0.38191
0.82723 0.17277
0.67579 0.32421
0.66925 0.33075
0.66374 0.33626
0.65873 0.34127
0.77032 0.22968
0.76192 0.23808
0.75499 0.24501
0.76624 0.23376
0.75910 0.24090
0.77436 0.22564
0.75687 0.24313
0.83164 0.16836
0.82442 0.17558
0.69155 0.30845
0.78635 0.21365
0.77918 0.22082
0.78635 0.21365
0.77918 0.22082
0.60140 0.39861
0.59833 0.40167
0.60490 0.39510
0.62018 0.37982
0.61673 0.38327
0.62412 0.37588
0.60381 0.39619
0.61105 0.38895
0.62662 0.37338
0.63345 0.36655
0.58587 0.41413
0.58298 0.41702
0.58926 0.41074
0.63577 0.36423
0.65094 0.34906
0.86195 0.13805
0.63977 0.36023
0.57313 0.42687
0.55890 0.44110
0.70215 0.29785
0.64270 0.35730
0.61983 0.38017
0.75248 0.24752
0.80627 0.19373
0.81116 0.18884
0.62543 0.37457
0.59762 0.40238
0.60138 0.39862
0.55278 0.44722
0.65776 0.34224
0.66415 0.33585
0.66415 0.33585
0.60707 0.39293
0.59310 0.40690
0.92785 0.07215
0.54165 0.45835
0.84832 0.15168
0.62749 0.37251
0.76169 0.23831
0.58007 0.41993
0.60785 0.39215
0.68077 0.31923
0.59264 0.40736
0.59023 0.40977
0.77831 0.22169
0.61720 0.38280
0.61524 0.38476
0.80687 0.19313
0.61720 0.38280
0.61103 0.38897
0.62622 0.37378
0.62254 0.37746
0.55145 0.44855
0.52999 0.47001
0.97172 0.02828
0.96394 0.03606
0.87620 0.12380
0.96704 0.03296
0.61042 0.38958
0.61242 0.38758
0.78948 0.21052
0.79274 0.20726
0.61042 0.38958
0.61242 0.38758
0.61493 0.38507
0.61544 0.38456
0.57993 0.42007
0.58060 0.41940
0.79950 0.20050
0.79950 0.20050
0.96213 0.03787
0.96213 0.03787
0.96213 0.03787
0.96213 0.03787
0.67574 0.32426
0.75830 0.24170
0.60461 0.39539
0.58469 0.41531
0.57462 0.42538
0.59152 0.40848
0.61297 0.38703
0.61236 0.38764
0.61236 0.38764
0.61236 0.38764
0.61236 0.38764
0.62464 0.37536
0.62464 0.37536
0.79774 0.20226
0.79774 0.20226
0.62464 0.37536
0.62464 0.37536
0.60594 0.39406
0.82206 0.17794
0.88827 0.11173
0.89201 0.10799
0.74276 0.25724
0.64104 0.35896
0.61034 0.38966
0.61196 0.38804
0.86387 0.13613
0.62430 0.37570
0.72349 0.27651
0.86303 0.13697
0.59110 0.40890
0.55113 0.44887
0.59777 0.40223
0.60712 0.39288
0.73038 0.26962
0.74212 0.25788
0.58413 0.41587
0.58752 0.41248
0.65162 0.34839
0.65456 0.34544
0.65868 0.34132
0.58022 0.41978
0.79752 0.20248
0.57813 0.42187
0.78277 0.21723
0.81257 0.18743
0.81310 0.18690
0.57686 0.42314
0.82720 0.17280
0.63807 0.36193
0.63807 0.36193
0.63565 0.36435
0.77816 0.22184
0.77728 0.22272
0.66423 0.33577
0.65668 0.34332
0.58056 0.41944
0.66086 0.33914
0.60183 0.39817
0.59768 0.40232
0.60026 0.39974
0.57195 0.42805
0.63918 0.36082
0.60245 0.39755
0.58309 0.41691
0.56928 0.43072
0.53054 0.46946
0.62642 0.37358
0.58441 0.41559
0.56700 0.43300
0.85691 0.14309
0.53670 0.46330
0.60382 0.39618
0.61536 0.38464
0.58745 0.41255
0.61478 0.38522
0.66705 0.33295
0.70921 0.29079
0.81638 0.18362
0.57148 0.42852
0.62503 0.37497
0.62589 0.37411
0.64261 0.35739
0.61655 0.38345
0.76646 0.23354
0.70402 0.29598
0.71900 0.28100
0.61452 0.38548
0.63026 0.36974
0.75606 0.24394
0.73699 0.26301
0.73699 0.26301
0.70350 0.29650
0.54901 0.45099
0.56364 0.43636
0.88003 0.11997
0.87862 0.12138
0.59469 0.40531
0.81439 0.18561
0.59743 0.40257
0.58284 0.41716
0.78237 0.21763
0.62421 0.37579
0.74164 0.25836
0.74203 0.25797
0.76109 0.23891
0.60490 0.39510
0.62548 0.37452
0.63056 0.36944
0.84805 0.15195
0.84968 0.15032
0.62479 0.37521
0.62542 0.37458
0.73112 0.26888
0.72908 0.27092
0.73545 0.26455
0.73545 0.26455
0.80704 0.19296
0.80704 0.19296
0.79703 0.20297
0.75371 0.24629
0.80690 0.19310
0.62346 0.37654
0.63719 0.36281
0.70396 0.29604
0.59061 0.40939
0.95107 0.04893
0.74109 0.25891
0.71838 0.28162
0.62764 0.37236
0.83169 0.16831
0.61963 0.38037
0.60177 0.39823
0.91224 0.08776
0.59510 0.40490
0.76409 0.23591
0.59510 0.40490
0.76409 0.23591
0.80728 0.19272
0.72592 0.27408
0.60188 0.39812
0.77155 0.22845
0.63434 0.36566
0.95526 0.04474
0.63434 0.36566
0.95526 0.04474
0.95372 0.04628
0.85397 0.14603
0.86197 0.13803
0.58348 0.41652
0.61737 0.38263
0.59944 0.40056
0.64666 0.35334
0.67568 0.32432
0.89065 0.10935
0.64301 0.35699
0.61513 0.38487
0.83384 0.16616
0.81420 0.18580
0.77129 0.22871
0.77600 0.22400
0.79439 0.20561
0.79427 0.20573
0.62232 0.37768
0.62218 0.37782
0.58729 0.41271
0.58116 0.41884
0.57871 0.42129
0.58714 0.41286
0.58100 0.41900
0.57855 0.42145
0.67153 0.32847
0.59801 0.40199
0.59562 0.40438
0.59547 0.40453
0.59562 0.40438
0.59547 0.40453
0.57532 0.42468
0.57786 0.42214
0.54367 0.45633
0.57215 0.42785
0.59001 0.40999
0.58642 0.41358
0.59455 0.40545
0.73578 0.26422
0.64431 0.35569
0.79775 0.20225
0.79973 0.20027
0.63276 0.36724
0.74193 0.25807
0.74009 0.25991
0.74193 0.25807
0.62684 0.37316
0.62186 0.37814
0.62380 0.37620
0.61984 0.38016
0.62542 0.37458
0.64660 0.35340
0.59367 0.40633
0.59184 0.40816
0.59665 0.40335
0.65852 0.34148
0.90189 0.09811
0.76556 0.23444
0.67734 0.32266
0.66502 0.33498
0.68780 0.31220
0.53359 0.46641
0.55133 0.44867
0.63774 0.36226
0.58933 0.41067
0.59158 0.40842
0.64609 0.35391
0.58033 0.41967
0.64609 0.35391
0.58033 0.41967
0.64609 0.35391
0.58033 0.41967
0.65092 0.34908
0.61186 0.38814
0.64922 0.35078
0.59934 0.40066
0.73601 0.26399
0.60092 0.39908
0.61329 0.38671
0.63950 0.36050
0.80049 0.19951
0.57947 0.42053
0.57947 0.42053
0.57947 0.42053
0.57947 0.42053
0.57785 0.42215
0.59854 0.40146
0.59854 0.40146
0.59854 0.40146
0.59854 0.40146
0.59616 0.40384
0.60775 0.39225
0.60516 0.39484
0.60485 0.39515
0.61260 0.38740
0.75123 0.24877
0.68047 0.31953
0.63034 0.36966
0.74844 0.25156
0.82954 0.17046
0.86779 0.13221
0.74916 0.25084
0.83801 0.16199
0.72722 0.27278
0.63836 0.36164
0.61077 0.38923
0.72722 0.27278
0.63836 0.36164
0.61077 0.38923
0.68393 0.31607
0.95519 0.04481
0.66405 0.33595
0.66396 0.33604
0.87360 0.12640
0.62627 0.37373
0.59018 0.40982
0.54693 0.45307
0.69904 0.30096
0.70199 0.29801
0.75977 0.24023
0.59937 0.40063
0.88006 0.11994
0.76739 0.23261
0.60689 0.39311
0.88300 0.11700
0.73364 0.26636
0.59453 0.40547
0.57388 0.42612
0.58479 0.41521
0.59936 0.40064
0.59750 0.40250
0.60985 0.39015
0.62503 0.37497
0.94437 0.05563
0.94493 0.05507
0.79057 0.20943
0.79190 0.20810
0.78747 0.21253
0.78797 0.21203
0.91464 0.08536
0.62154 0.37846
0.63561 0.36439
0.81705 0.18295
0.61145 0.38855
0.61747 0.38253
0.62789 0.37211
0.62250 0.37750
0.62250 0.37750
0.64112 0.35888
0.80797 0.19203
0.59990 0.40010
0.59990 0.40010
0.58851 0.41149
0.58719 0.41281
0.58719 0.41281
0.59825 0.40175
0.54707 0.45293
0.62955 0.37045
0.56829 0.43171
0.59975 0.40025
0.88371 0.11629
0.59827 0.40173
0.89808 0.10192
0.59911 0.40089
0.66401 0.33599
0.66401 0.33599
0.61893 0.38107
0.83950 0.16050
0.83950 0.16050
0.62118 0.37882
0.63011 0.36989
0.87197 0.12803
0.87197 0.12803
0.58145 0.41855
0.60149 0.39851
0.59720 0.40280
0.82629 0.17371
0.61698 0.38302
0.59966 0.40034
0.53579 0.46421
0.76979 0.23021
0.76979 0.23021
0.67071 0.32929
0.58248 0.41752
0.56758 0.43242
0.59486 0.40514
0.65734 0.34266
0.63737 0.36263
0.90400 0.09600
0.60039 0.39961
0.55207 0.44793
0.56197 0.43803
0.59905 0.40095
0.59905 0.40095
0.71073 0.28927
0.60881 0.39119
0.59566 0.40434
0.59815 0.40185
0.75201 0.24799
0.59566 0.40434
0.60611 0.39389
0.58827 0.41173
0.75723 0.24277
0.76979 0.23021
0.57963 0.42037
0.60579 0.39421
0.61080 0.38920
0.54031 0.45969
0.55683 0.44317
0.57903 0.42097
0.61786 0.38214
0.89268 0.10732
0.72137 0.27863
0.75433 0.24567
0.72594 0.27406
0.61260 0.38740
0.60450 0.39550
0.72594 0.27406
0.61260 0.38740
0.60450 0.39550
0.65045 0.34955
0.87700 0.12300
0.67970 0.32030
0.69082 0.30918
0.77073 0.22927
0.70674 0.29326
0.64238 0.35762
0.64508 0.35492
0.64238 0.35762
0.64508 0.35492
0.64092 0.35908
0.54366 0.45634
0.56536 0.43464
0.60406 0.39594
0.76198 0.23802
0.76198 0.23802
0.75476 0.24524
0.75476 0.24524
0.63835 0.36165
0.63835 0.36165
0.78028 0.21972
0.64946 0.35054
0.65140 0.34860
0.65280 0.34720
0.73427 0.26573
0.59598 0.40402
0.61617 0.38383
0.62611 0.37389
0.60976 0.39024
0.58159 0.41841
0.55316 0.44684
0.75181 0.24819
0.61966 0.38034
0.59553 0.40447
0.59907 0.40093
0.57818 0.42182
0.60442 0.39558
0.68708 0.31292
0.55414 0.44586
0.55414 0.44586
0.70904 0.29096
0.69658 0.30342
0.69812 0.30188
0.66580 0.33420
0.59461 0.40539
0.62288 0.37712
0.66375 0.33625
0.63013 0.36987
0.62789 0.37212
0.62793 0.37207
0.68608 0.31392
0.89036 0.10964
0.68608 0.31392
0.89036 0.10964
0.65677 0.34323
0.90521 0.09479
0.61887 0.38113
0.60348 0.39652
0.80683 0.19317
0.57482 0.42518
0.56962 0.43038
0.74035 0.25965
0.61057 0.38943
0.69389 0.30611
0.64001 0.35999
0.84891 0.15109
0.64710 0.35290
0.91822 0.08178
0.62088 0.37912
0.64710 0.35290
0.91822 0.08178
0.62088 0.37912
0.65119 0.34881
0.76012 0.23988
0.93800 0.06200
0.66523 0.33477
0.62022 0.37978
0.66634 0.33366
0.65468 0.34532
0.67326 0.32674
0.70595 0.29405
0.71191 0.28809
0.65274 0.34726
0.61988 0.38012
0.58733 0.41267
0.62834 0.37166
0.62104 0.37896
0.65123 0.34877
0.64347 0.35653
0.64894 0.35106
0.84296 0.15704
0.83298 0.16702
0.84005 0.15995
0.83814 0.16186
0.62481 0.37519
0.83525 0.16475
0.59187 0.40813
0.62918 0.37082
0.63362 0.36638
0.86011 0.13989
0.73915 0.26085
0.71537 0.28463
0.74185 0.25815
0.64350 0.35650
0.64293 0.35707
0.74102 0.25898
0.58677 0.41323
0.57347 0.42653
0.63738 0.36262
0.87348 0.12652
0.72150 0.27850
0.73201 0.26799
0.86937 0.13063
0.60239 0.39761
0.72188 0.27812
0.76145 0.23855
0.74914 0.25086
0.58481 0.41519
0.56867 0.43133
0.77720 0.22280
0.68307 0.31693
0.68714 0.31286
0.60256 0.39744
0.68307 0.31693
0.68307 0.31693
0.76871 0.23129
0.66509 0.33491
0.59669 0.40331
0.59419 0.40581
0.75292 0.24708
0.83951 0.16049
0.56408 0.43592
0.59940 0.40060
0.56326 0.43674
0.57860 0.42140
0.90400 0.09600
0.55888 0.44112
0.70561 0.29439
0.56014 0.43986
0.55517 0.44483
0.55636 0.44364
0.56916 0.43084
0.56916 0.43084
0.57236 0.42764
0.57236 0.42764
0.54617 0.45383
0.78548 0.21452
0.55700 0.44300
0.56273 0.43727
0.61705 0.38295
0.61927 0.38073
0.61436 0.38564
0.62233 0.37767
0.61608 0.38392
0.61927 0.38073
0.61436 0.38564
0.62233 0.37767
0.61608 0.38392
0.50082 0.49918
0.82303 0.17697
0.85840 0.14160
0.85523 0.14477
0.54268 0.45732
0.55301 0.44699
0.54920 0.45080
0.59338 0.40662
0.55575 0.44425
0.86647 0.13353
0.85228 0.14772
0.69865 0.30135
0.68519 0.31481
0.68519 0.31481
0.69727 0.30273
0.61336 0.38664
0.68437 0.31563
0.69865 0.30135
0.68519 0.31481
0.68519 0.31481
0.69727 0.30273
0.61336 0.38664
0.68437 0.31563
0.69865 0.30135
0.68519 0.31481
0.68519 0.31481
0.69727 0.30273
0.61336 0.38664
0.68437 0.31563
0.74485 0.25515
0.74485 0.25515
0.59230 0.40770
0.79660 0.20340
0.64858 0.35142
0.55974 0.44026
0.69952 0.30048
0.71149 0.28851
0.69879 0.30121
0.67097 0.32903
0.62997 0.37003
0.56727 0.43273
0.65345 0.34655
0.66442 0.33558
0.66442 0.33558
0.63778 0.36222
0.60531 0.39469
0.60531 0.39469
0.83016 0.16984
0.71218 0.28782
0.90544 0.09456
0.83683 0.16317
0.61259 0.38741
0.67477 0.32523
0.67477 0.32523
0.57402 0.42598
0.60759 0.39241
0.57107 0.42893
0.60434 0.39566
0.58753 0.41247
0.65365 0.34635
0.58010 0.41990
0.67057 0.32943
0.58282 0.41718
0.67338 0.32662
0.58897 0.41103
0.59940 0.40060
0.58897 0.41103
0.59940 0.40060
0.56147 0.43853
0.55925 0.44075
0.84304 0.15696
0.84774 0.15226
0.75674 0.24326
0.59974 0.40026
0.59379 0.40621
0.67890 0.32110
0.66897 0.33103
0.79038 0.20962
0.60921 0.39079
0.61073 0.38927
0.84665 0.15335
0.84385 0.15615
0.56558 0.43442
0.56773 0.43227
0.66026 0.33974
0.80209 0.19791
0.83607 0.16393
0.59332 0.40668
0.56476 0.43524
0.56494 0.43506
0.52967 0.47033
0.52977 0.47023
0.58323 0.41677
0.55873 0.44127
0.60031 0.39969
0.57747 0.42253
0.57762 0.42238
0.57747 0.42253
0.57795 0.42205
0.57795 0.42205
0.57812 0.42188
0.53866 0.46134
0.61000 0.39000
0.82566 0.17434
0.61000 0.39000
0.76304 0.23696
0.76825 0.23175
0.82547 0.17453
0.81336 0.18664
0.80017 0.19983
0.72938 0.27062
0.71782 0.28218
0.72094 0.27906
0.79256 0.20744
0.64213 0.35787
0.65899 0.34101
0.61490 0.38510
0.58092 0.41908
0.58092 0.41908
0.63035 0.36965
0.56155 0.43845
0.55804 0.44196
0.57622 0.42378
0.56460 0.43540
0.58211 0.41789
0.59249 0.40751
0.54860 0.45140
0.57121 0.42879
0.60849 0.39151
0.58336 0.41664
0.61738 0.38262
0.60849 0.39151
0.58336 0.41664
0.61738 0.38262
0.58994 0.41006
0.59310 0.40690
0.61238 0.38763
0.64489 0.35511
0.65249 0.34751
0.61420 0.38580
0.61862 0.38138
0.59807 0.40193
0.70320 0.29680
0.54427 0.45573
0.57706 0.42294
0.80268 0.19732
0.56253 0.43747
0.58393 0.41607
0.81674 0.18326
0.67465 0.32535
0.60355 0.39645
0.57665 0.42335
0.55956 0.44044
0.68520 0.31480
0.57877 0.42123
0.63181 0.36819
0.80100 0.19900
0.79748 0.20252
0.62555 0.37445
0.56403 0.43597
0.61275 0.38725
0.76362 0.23638
0.75280 0.24720
0.85945 0.14055
0.66149 0.33851
0.96159 0.03841
0.63835 0.36165
0.63835 0.36165
0.66557 0.33443
0.59645 0.40355
0.57220 0.42780
0.55294 0.44706
0.51271 0.48729
0.59595 0.40405
0.71703 0.28297
0.56850 0.43150
0.59435 0.40565
0.78767 0.21233
0.78767 0.21233
0.68909 0.31091
0.58588 0.41412
0.67011 0.32989
0.64369 0.35631
0.83728 0.16272
0.80612 0.19388
0.77281 0.22719
0.65818 0.34182
0.80024 0.19976
0.67339 0.32661
0.58874 0.41126
0.59031 0.40969
0.60058 0.39942
0.55285 0.44715
0.55649 0.44351
0.55267 0.44733
0.55758 0.44242
0.56915 0.43085
0.61292 0.38708
0.67878 0.32122
0.81374 0.18626
0.58480 0.41520
0.63697 0.36303
0.54909 0.45091
0.76081 0.23919
0.72702 0.27298
0.63533 0.36467
0.76995 0.23005
0.76995 0.23005
0.60891 0.39109
0.60891 0.39109
0.63293 0.36707
0.73234 0.26766
0.56356 0.43644
0.59100 0.40900
0.61742 0.38258
0.56457 0.43543
0.61525 0.38475
0.58553 0.41447
0.55489 0.44511
0.55763 0.44237
0.60625 0.39375
0.60625 0.39375
0.62511 0.37489
0.62383 0.37617
0.60625 0.39375
0.60625 0.39375
0.62511 0.37489
0.62383 0.37617
0.58784 0.41216
0.56707 0.43293
0.56355 0.43645
0.58033 0.41967
0.56707 0.43293
0.56355 0.43645
0.58033 0.41967
0.60729 0.39271
0.60729 0.39271
0.62513 0.37487
0.60729 0.39271
0.60729 0.39271
0.62513 0.37487
0.54708 0.45292
0.59215 0.40785
0.59215 0.40785
0.60983 0.39017
0.59215 0.40785
0.59215 0.40785
0.60983 0.39017
0.75449 0.24551
0.85814 0.14186
0.74863 0.25137
0.71213 0.28787
0.85455 0.14545
0.72368 0.27632
0.60787 0.39213
0.74281 0.25719
0.75558 0.24442
0.60249 0.39751
0.63502 0.36498
0.64316 0.35684
0.56929 0.43071
0.58756 0.41244
0.76594 0.23406
0.56302 0.43698
0.58127 0.41873
0.58509 0.41491
0.65512 0.34488
0.90266 0.09734
0.64540 0.35460
0.65603 0.34397
0.77946 0.22054
0.77163 0.22837
0.77137 0.22863
0.64891 0.35109
0.61696 0.38304
0.72649 0.27351
0.86631 0.13369
0.74760 0.25240
0.63296 0.36704
0.75550 0.24450
0.74631 0.25369
0.53286 0.46714
0.53341 0.46659
0.58168 0.41832
0.61587 0.38413
0.61587 0.38413
0.64439 0.35561
0.85209 0.14791
0.69063 0.30937
0.61285 0.38715
0.59202 0.40798
0.59202 0.40798
0.59202 0.40798
0.54936 0.45064
0.53360 0.46640
0.57403 0.42597
0.56291 0.43709
0.59201 0.40799
0.63400 0.36600
0.63400 0.36600
0.63400 0.36600
0.63400 0.36600
0.60091 0.39909
0.59300 0.40700
0.57907 0.42093
0.58940 0.41060
0.57555 0.42445
0.63153 0.36847
0.64145 0.35855
0.55947 0.44053
0.76935 0.23065
0.65711 0.34289
0.60619 0.39381
0.62425 0.37575
0.62425 0.37575
0.76196 0.23804
0.66438 0.33562
0.57080 0.42920
0.61116 0.38884
0.52959 0.47041
0.59219 0.40781
0.78783 0.21217
0.65426 0.34574
0.79784 0.20216
0.59078 0.40922
0.59185 0.40815
0.61683 0.38317
0.59133 0.40867
0.67789 0.32211
0.75364 0.24636
0.75364 0.24636
0.74972 0.25028
0.75364 0.24636
0.75364 0.24636
0.74972 0.25028
0.76370 0.23630
0.76370 0.23630
0.75479 0.24521
0.60748 0.39252
0.66758 0.33242
0.66758 0.33242
0.67112 0.32888
0.66758 0.33242
0.66758 0.33242
0.67112 0.32888
0.70684 0.29316
0.72859 0.27141
0.66760 0.33240
0.60163 0.39837
0.62058 0.37942
0.74275 0.25725
0.63354 0.36646
0.60235 0.39765
0.79390 0.20610
0.57500 0.42500
0.77153 0.22847
0.84730 0.15270
0.58930 0.41070
0.69898 0.30102
0.65341 0.34659
0.65341 0.34659
0.69898 0.30102
0.58460 0.41540
0.67050 0.32950
0.65131 0.34869
0.66328 0.33672
0.64685 0.35315
0.64185 0.35815
0.68339 0.31661
0.68829 0.31171
0.58603 0.41397
0.60345 0.39655
0.56449 0.43551
0.60315 0.39685
0.61604 0.38396
0.80296 0.19704
0.78882 0.21118
0.76493 0.23507
0.90935 0.09065
0.76552 0.23448
0.90837 0.09163
0.77032 0.22968
0.97688 0.02312
0.97465 0.02535
0.77600 0.22400
0.77600 0.22400
0.77585 0.22415
0.77585 0.22415
0.73963 0.26037
0.73963 0.26037
0.73963 0.26037
0.73083 0.26918
0.73083 0.26918
0.73083 0.26918
0.68883 0.31117
0.67369 0.32631
0.59524 0.40476
0.59209 0.40791
0.85157 0.14843
0.60444 0.39556
0.85157 0.14843
0.60444 0.39556
0.85157 0.14843
0.60444 0.39556
0.62408 0.37592
0.62408 0.37592
0.61838 0.38162
0.61509 0.38491
0.61509 0.38491
0.61212 0.38788
0.60906 0.39094
0.60906 0.39094
0.60766 0.39234
0.80773 0.19227
0.82811 0.17189
