0.87000 0.13000
0.71181 0.28819
0.91370 0.08630
0.32988 0.67012
0.34087 0.65913
0.69906 0.30094
0.19416 0.80584
0.20647 0.79353
0.83208 0.16792
0.07390 0.92610
0.08105 0.91895
0.36067 0.63933
0.19527 0.80473
0.56000 0.44000
0.09344 0.90656
0.25306 0.74694
0.82183 0.17817
0.46224 0.53776
0.33660 0.66340
0.44652 0.55348
0.54048 0.45952
0.53809 0.46191
0.09707 0.90293
0.05088 0.94912
0.24185 0.75815
0.39048 0.60952
0.99866 0.00134
0.93449 0.06551
0.99671 0.00329
0.30318 0.69682
0.94863 0.05137
0.46183 0.53817
0.49685 0.50315
0.57707 0.42293
0.99846 0.00154
0.99846 0.00154
0.99846 0.00154
0.89953 0.10047
0.99945 0.00055
0.99929 0.00071
0.99929 0.00071
0.99929 0.00071
0.89953 0.10047
0.99945 0.00055
0.99929 0.00071
0.99929 0.00071
0.99929 0.00071
0.98172 0.01828
0.99318 0.00682
0.98172 0.01828
0.99230 0.00770
0.99905 0.00095
0.99230 0.00770
0.99905 0.00095
0.96161 0.03839
0.60830 0.39170
0.54725 0.45275
0.07630 0.92370
0.77257 0.22743
0.97554 0.02446
0.22855 0.77145
0.51600 0.48400
0.13325 0.86675
0.58203 0.41797
0.20985 0.79015
0.20985 0.79015
0.99254 0.00746
0.99977 0.00023
0.56398 0.43602
0.16482 0.83518
0.16482 0.83518
0.13535 0.86465
0.33848 0.66152
0.74224 0.25776
0.21632 0.78368
0.41238 0.58762
0.81350 0.18650
0.25843 0.74157
0.86364 0.13636
0.38523 0.61477
0.57744 0.42256
0.16940 0.83060
0.62532 0.37468
0.22864 0.77136
0.26264 0.73736
0.22864 0.77136
0.16179 0.83821
0.20549 0.79451
0.14019 0.85981
0.18771 0.81229
0.11310 0.88690
0.39625 0.60375
0.20699 0.79301
0.39625 0.60375
0.20699 0.79301
0.61417 0.38583
0.31075 0.68925
0.73032 0.26968
0.38782 0.61218
0.38005 0.61995
0.52410 0.47590
0.16584 0.83416
0.12181 0.87819
0.15566 0.84434
0.12638 0.87362
0.18007 0.81993
0.33494 0.66506
0.45764 0.54236
0.44875 0.55125
0.44082 0.55918
0.52771 0.47229
0.12161 0.87839
0.99890 0.00110
0.25578 0.74422
0.99978 0.00022
0.99979 0.00021
0.73019 0.26981
0.75631 0.24369
0.47961 0.52039
0.99979 0.00021
0.99985 0.00015
0.99982 0.00018
0.11311 0.88689
0.99812 0.00188
0.99711 0.00289
0.14198 0.85802
0.22735 0.77265
0.15466 0.84534
0.22518 0.77482
0.13948 0.86052
0.12951 0.87049
0.19054 0.80946
0.14851 0.85149
0.14851 0.85149
0.15320 0.84680
0.15320 0.84680
0.18567 0.81433
0.30330 0.69670
0.23049 0.76951
0.23049 0.76951
0.16139 0.83861
0.30322 0.69678
0.32258 0.67742
0.36952 0.63048
0.16518 0.83482
0.28846 0.71154
0.31876 0.68124
0.24323 0.75677
0.30519 0.69481
0.30316 0.69684
0.33567 0.66433
0.19615 0.80385
0.28976 0.71024
0.27749 0.72251
0.90695 0.09305
0.95420 0.04580
0.50084 0.49916
0.16282 0.83718
0.21099 0.78901
0.22205 0.77795
0.22393 0.77607
0.22205 0.77795
0.22393 0.77607
0.33030 0.66970
0.74388 0.25612
0.51833 0.48167
0.13464 0.86536
0.31686 0.68314
0.92805 0.07195
0.30936 0.69064
0.31660 0.68340
0.92805 0.07195
0.92805 0.07195
0.92805 0.07195
0.30804 0.69196
0.85182 0.14818
0.25640 0.74360
0.19822 0.80178
0.83592 0.16408
0.86662 0.13338
0.99915 0.00085
0.54193 0.45807
0.89830 0.10170
0.09382 0.90618
0.99687 0.00313
0.17694 0.82306
0.98693 0.01307
0.97518 0.02482
0.45268 0.54732
0.52843 0.47157
0.62277 0.37723
0.11465 0.88535
0.24915 0.75085
0.56146 0.43854
0.91967 0.08033
0.17679 0.82321
0.99369 0.00631
0.08026 0.91974
0.16802 0.83198
0.84066 0.15934
0.72426 0.27574
0.35384 0.64616
0.30380 0.69620
0.98672 0.01328
0.98672 0.01328
0.99583 0.00417
0.99583 0.00417
0.65574 0.34426
0.65574 0.34426
0.35149 0.64851
0.91082 0.08918
0.99475 0.00525
0.95971 0.04029
0.74723 0.25277
0.47151 0.52849
0.40041 0.59959
0.91372 0.08628
0.99805 0.00195
0.99805 0.00195
0.66648 0.33352
0.66648 0.33352
0.50916 0.49084
0.28185 0.71815
0.10048 0.89952
0.31614 0.68386
0.25331 0.74669
0.19546 0.80454
0.25588 0.74412
0.19825 0.80175
0.48971 0.51029
0.45416 0.54584
0.53085 0.46915
0.98531 0.01469
0.99983 0.00017
0.99986 0.00014
0.99977 0.00023
0.85197 0.14803
0.66605 0.33395
0.46055 0.53945
0.26159 0.73841
0.46055 0.53945
0.46055 0.53945
0.26159 0.73841
0.46055 0.53945
0.46809 0.53191
0.59797 0.40203
0.74225 0.25775
0.17681 0.82319
0.17681 0.82319
0.23211 0.76789
0.69071 0.30929
0.89958 0.10042
0.98827 0.01173
0.62606 0.37394
0.38593 0.61407
0.96558 0.03442
0.14360 0.85640
0.92719 0.07281
0.47363 0.52637
0.95766 0.04234
0.46986 0.53014
0.70818 0.29182
0.90273 0.09727
0.78287 0.21713
0.67867 0.32133
0.72506 0.27494
0.15416 0.84584
0.87421 0.12579
0.08028 0.91972
0.11416 0.88584
0.10650 0.89350
0.28004 0.71996
0.99557 0.00443
0.19622 0.80378
0.96405 0.03595
0.40914 0.59086
0.40113 0.59887
0.95761 0.04239
0.38797 0.61203
0.38082 0.61918
0.87563 0.12437
0.94354 0.05646
0.94052 0.05948
0.99971 0.00029
0.99968 0.00032
0.99934 0.00066
0.99929 0.00071
0.99966 0.00034
0.99962 0.00038
0.84061 0.15939
0.97279 0.02721
0.92204 0.07796
0.10321 0.89679
0.10197 0.89803
0.90417 0.09583
0.89214 0.10786
0.17256 0.82744
0.31305 0.68695
0.90537 0.09463
0.31305 0.68695
0.90537 0.09463
0.34932 0.65068
0.83302 0.16698
0.99645 0.00355
0.14667 0.85333
0.21883 0.78117
0.22043 0.77957
0.20793 0.79207
0.76160 0.23840
0.77541 0.22459
0.39764 0.60236
0.91246 0.08754
0.87849 0.12151
0.82122 0.17878
0.99535 0.00465
0.96232 0.03768
0.87326 0.12674
0.99534 0.00466
0.91519 0.08481
0.75620 0.24380
0.84492 0.15508
0.99914 0.00086
0.90331 0.09669
0.83946 0.16054
0.87530 0.12470
0.97924 0.02076
0.91578 0.08422
0.52281 0.47719
0.87530 0.12470
0.97924 0.02076
0.91578 0.08422
0.52281 0.47719
0.96450 0.03550
0.94260 0.05740
0.99699 0.00301
0.97759 0.02241
0.99819 0.00181
0.99552 0.00448
0.61101 0.38899
0.54032 0.45967
0.65402 0.34598
0.74449 0.25551
0.74449 0.25551
0.72357 0.27643
0.97011 0.02989
0.95809 0.04191
0.95726 0.04274
0.94256 0.05744
0.91002 0.08998
0.31108 0.68892
0.53129 0.46871
0.48155 0.51845
0.53129 0.46871
0.48155 0.51845
0.48046 0.51954
0.80563 0.19437
0.48046 0.51954
0.80563 0.19437
0.64027 0.35973
0.25919 0.74081
0.95992 0.04008
0.38252 0.61748
0.86723 0.13277
0.29050 0.70950
0.22665 0.77335
0.75804 0.24196
0.51540 0.48460
0.37810 0.62190
0.33375 0.66625
0.30851 0.69149
0.31669 0.68331
0.31986 0.68014
0.31469 0.68531
0.83151 0.16849
0.83151 0.16849
0.54466 0.45534
0.54466 0.45534
0.17526 0.82474
0.17526 0.82474
0.16409 0.83591
0.93297 0.06703
0.16672 0.83328
0.93789 0.06211
0.61747 0.38253
0.61747 0.38253
0.61747 0.38253
0.95858 0.04142
0.95858 0.04142
0.95858 0.04142
0.61747 0.38253
0.61747 0.38253
0.61747 0.38253
0.61747 0.38253
0.61747 0.38253
0.61747 0.38253
0.21756 0.78244
0.55155 0.44845
0.59008 0.40992
0.25808 0.74192
0.98781 0.01219
0.30661 0.69339
0.78948 0.21052
0.21123 0.78877
0.15431 0.84569
0.99694 0.00306
0.99634 0.00366
0.99634 0.00366
0.45045 0.54955
0.45045 0.54955
0.71886 0.28115
0.32979 0.67021
0.86494 0.13506
0.42383 0.57617
0.91436 0.08564
0.66926 0.33074
0.66926 0.33074
0.70579 0.29421
0.66998 0.33002
0.69158 0.30842
0.99375 0.00625
0.39785 0.60215
0.43464 0.56536
0.88704 0.11296
0.91984 0.08016
0.99630 0.00370
0.44340 0.55660
0.48068 0.51932
0.99670 0.00330
0.46755 0.53245
0.50502 0.49498
0.36210 0.63790
0.48583 0.51417
0.24031 0.75969
0.36381 0.63619
0.22885 0.77115
0.23978 0.76022
0.95285 0.04715
0.83564 0.16436
0.99194 0.00806
0.93926 0.06074
0.99332 0.00668
0.96687 0.03313
0.97260 0.02740
0.14819 0.85181
0.11849 0.88151
0.15213 0.84787
0.14617 0.85383
0.65343 0.34657
0.99838 0.00162
0.95220 0.04780
0.99744 0.00256
0.18743 0.81257
0.19534 0.80466
0.15843 0.84157
0.16365 0.83635
0.22386 0.77614
0.76195 0.23805
0.26293 0.73707
0.28174 0.71826
0.22016 0.77984
0.22016 0.77984
0.62591 0.37409
0.61308 0.38692
0.66129 0.33871
0.57783 0.42217
0.63807 0.36193
0.62486 0.37514
0.67257 0.32743
0.58981 0.41019
0.99142 0.00858
0.99079 0.00921
0.98928 0.01072
0.99065 0.00935
0.98996 0.01004
0.99060 0.00940
0.99079 0.00921
0.98928 0.01072
0.99065 0.00935
0.98996 0.01004
0.99060 0.00940
0.98241 0.01759
0.97600 0.02400
0.92943 0.07057
0.92314 0.07686
0.42467 0.57533
0.99985 0.00015
0.99985 0.00015
0.87394 0.12606
0.98979 0.01021
0.73428 0.26572
0.99916 0.00084
0.81297 0.18703
0.99162 0.00838
0.84128 0.15872
0.64632 0.35368
0.64632 0.35368
0.64632 0.35368
0.79432 0.20568
0.75780 0.24220
0.97042 0.02958
0.77773 0.22227
0.77040 0.22960
0.99826 0.00174
0.85058 0.14942
0.82546 0.17454
0.08330 0.91670
0.78443 0.21557
0.99846 0.00154
0.83915 0.16085
0.64707 0.35293
0.18424 0.81576
0.89607 0.10393
0.97738 0.02262
0.23122 0.76878
0.16243 0.83757
0.18721 0.81279
0.21918 0.78082
0.08205 0.91795
0.41928 0.58072
0.94210 0.05790
0.86560 0.13440
0.99895 0.00105
0.94447 0.05553
0.94447 0.05553
0.19465 0.80535
0.68427 0.31573
0.99702 0.00298
0.90077 0.09923
0.71095 0.28905
0.97632 0.02368
0.97632 0.02368
0.97860 0.02140
0.96547 0.03453
0.95665 0.04335
0.92621 0.07379
0.16374 0.83626
0.97907 0.02093
0.31333 0.68667
0.93812 0.06188
0.98936 0.01064
0.96635 0.03365
0.68352 0.31648
0.92932 0.07068
0.16413 0.83587
0.92621 0.07379
0.16374 0.83626
0.97907 0.02093
0.31333 0.68667
0.97259 0.02741
0.99581 0.00419
0.99893 0.00107
0.36996 0.63004
0.56378 0.43622
0.54355 0.45645
0.99546 0.00454
0.63494 0.36506
0.99693 0.00307
0.69165 0.30835
0.99783 0.00217
0.55631 0.44369
0.99538 0.00462
0.29293 0.70707
0.29293 0.70707
0.29293 0.70707
0.29293 0.70707
0.99802 0.00198
0.55113 0.44887
0.11835 0.88165
0.60494 0.39506
0.45620 0.54380
0.29807 0.70193
0.95985 0.04015
0.31991 0.68009
0.99906 0.00094
0.19242 0.80758
0.27319 0.72681
0.24703 0.75297
0.84479 0.15521
0.33201 0.66799
0.33778 0.66222
0.30369 0.69631
0.30456 0.69544
0.27886 0.72114
0.27975 0.72025
0.31284 0.68716
0.40513 0.59487
0.38498 0.61502
0.40513 0.59487
0.38498 0.61502
0.99936 0.00064
0.99666 0.00334
0.97593 0.02407
0.98248 0.01752
0.99906 0.00094
0.99906 0.00094
0.88782 0.11218
0.90647 0.09353
0.78718 0.21282
0.78718 0.21282
0.81362 0.18638
0.84170 0.15830
0.82985 0.17015
0.82985 0.17015
0.85199 0.14801
0.99920 0.00080
0.99842 0.00158
0.99842 0.00158
0.83463 0.16537
0.86017 0.13983
0.99941 0.00059
0.99952 0.00048
0.65743 0.34257
0.65743 0.34257
0.98814 0.01186
0.80419 0.19581
0.83335 0.16665
0.99635 0.00365
0.99224 0.00776
0.26405 0.73595
0.78205 0.21795
0.35649 0.64351
0.99428 0.00572
0.27366 0.72634
0.82063 0.17937
0.73149 0.26851
0.39575 0.60425
0.28290 0.71710
0.28290 0.71710
0.54657 0.45343
0.54657 0.45343
0.99545 0.00455
0.99545 0.00455
0.63215 0.36785
0.63215 0.36785
0.80612 0.19388
0.97428 0.02572
0.66744 0.33256
0.16941 0.83059
0.62686 0.37314
0.39290 0.60710
0.79544 0.20456
0.22048 0.77952
0.62686 0.37314
0.39290 0.60710
0.77551 0.22449
0.21276 0.78724
0.62686 0.37314
0.39290 0.60710
0.55666 0.44334
0.99664 0.00336
0.17559 0.82441
0.17559 0.82441
0.15370 0.84630
0.15370 0.84630
0.62978 0.37022
0.62978 0.37022
0.59730 0.40270
0.72606 0.27394
0.68453 0.31547
0.45033 0.54967
0.45033 0.54967
0.27783 0.72217
0.36388 0.63612
0.92568 0.07432
0.96460 0.03540
0.45091 0.54909
0.97571 0.02429
0.99009 0.00991
0.97933 0.02067
0.52068 0.47932
0.39042 0.60958
0.97008 0.02992
0.37541 0.62459
0.54080 0.45920
0.98855 0.01145
0.22592 0.77408
0.32469 0.67531
0.15234 0.84766
0.99765 0.00235
0.11277 0.88723
0.13265 0.86735
0.48943 0.51057
0.28397 0.71603
0.92964 0.07036
0.95644 0.04356
0.44107 0.55893
0.97303 0.02697
0.62469 0.37531
0.54021 0.45979
0.72694 0.27306
0.99629 0.00371
0.99219 0.00781
0.80403 0.19597
0.96747 0.03253
0.99219 0.00781
0.99119 0.00881
0.99219 0.00781
0.63844 0.36156
0.97058 0.02942
0.65483 0.34517
0.98514 0.01486
0.43090 0.56910
0.95835 0.04165
0.99188 0.00812
0.99258 0.00742
0.76661 0.23339
0.55040 0.44960
0.97748 0.02252
0.99168 0.00832
0.99116 0.00884
0.49078 0.50922
0.68092 0.31908
0.46016 0.53984
0.99167 0.00833
0.60041 0.39959
0.11582 0.88418
0.10840 0.89160
0.24011 0.75989
0.13137 0.86863
0.34702 0.65298
0.53232 0.46768
0.32069 0.67931
0.53232 0.46768
0.47237 0.52763
0.14537 0.85463
0.37257 0.62743
0.21425 0.78575
0.52627 0.47373
0.13961 0.86039
0.14047 0.85953
0.47064 0.52936
0.62607 0.37393
0.57047 0.42953
0.09932 0.90068
0.17282 0.82718
0.54211 0.45789
0.97415 0.02585
0.96510 0.03490
0.70810 0.29190
0.69700 0.30300
0.82207 0.17793
0.63003 0.36997
0.98846 0.01154
0.99027 0.00973
0.76469 0.23531
0.81253 0.18747
0.84707 0.15293
0.99978 0.00022
0.88689 0.11311
0.99869 0.00131
0.99869 0.00131
0.99764 0.00236
0.98389 0.01611
0.98389 0.01611
0.99875 0.00125
0.99875 0.00125
0.99875 0.00125
0.99875 0.00125
0.99945 0.00055
0.99945 0.00055
0.99863 0.00137
0.99863 0.00137
0.99967 0.00033
0.43514 0.56486
0.99970 0.00030
0.99762 0.00238
0.06532 0.93468
0.15203 0.84797
0.15783 0.84217
0.16867 0.83133
0.17981 0.82019
0.06931 0.93069
0.07786 0.92214
0.24081 0.75919
0.88878 0.11122
0.36296 0.63704
0.15707 0.84293
0.75277 0.24723
0.19352 0.80648
0.20836 0.79164
0.78381 0.21619
0.99907 0.00093
0.98749 0.01251
0.99878 0.00122
0.52758 0.47242
0.97621 0.02379
0.96960 0.03040
0.99822 0.00178
0.99729 0.00271
0.99729 0.00271
0.99729 0.00271
0.81119 0.18881
0.83461 0.16539
0.99729 0.00271
0.86156 0.13844
0.99622 0.00378
0.87344 0.12656
0.49821 0.50179
0.60629 0.39371
0.55863 0.44137
0.24523 0.75477
0.50746 0.49254
0.57989 0.42011
0.09509 0.90491
0.64916 0.35084
0.13213 0.86787
0.51034 0.48966
0.16388 0.83612
0.71909 0.28091
0.30933 0.69067
0.52146 0.47854
0.81074 0.18926
0.44733 0.55267
0.33529 0.66471
0.55102 0.44898
0.83215 0.16785
0.23495 0.76505
0.58314 0.41686
0.60469 0.39531
0.99928 0.00072
0.96779 0.03221
0.99980 0.00020
0.27507 0.72493
0.61093 0.38907
0.15906 0.84094
0.68136 0.31864
0.99593 0.00407
0.22408 0.77592
0.04657 0.95343
0.08907 0.91093
0.26786 0.73213
0.99658 0.00342
0.09971 0.90029
0.61318 0.38682
0.14309 0.85691
0.13744 0.86256
0.90130 0.09870
0.62374 0.37626
0.94811 0.05189
0.21078 0.78922
0.98493 0.01507
0.75114 0.24886
0.64519 0.35481
0.06730 0.93270
0.11578 0.88422
0.18703 0.81297
0.59591 0.40409
0.47521 0.52479
0.38721 0.61279
0.37264 0.62736
0.77310 0.22690
0.38254 0.61746
0.74030 0.25970
0.44129 0.55871
0.65091 0.34909
0.18390 0.81610
0.65091 0.34909
0.43301 0.56699
0.94674 0.05326
0.98579 0.01421
0.98579 0.01421
0.51409 0.48591
0.88214 0.11786
0.09805 0.90195
0.07867 0.92133
0.52394 0.47606
0.36421 0.63579
0.99997 0.00003
0.31366 0.68634
0.18612 0.81388
0.17351 0.82649
0.38482 0.61518
0.33692 0.66308
0.28470 0.71530
0.23604 0.76396
0.86838 0.13162
0.76844 0.23156
0.72557 0.27443
0.91541 0.08459
0.92209 0.07791
0.75661 0.24339
0.75370 0.24630
0.75661 0.24339
0.75370 0.24630
0.27720 0.72280
0.33172 0.66828
0.88569 0.11431
0.12303 0.87697
0.11324 0.88676
0.26108 0.73892
0.26108 0.73892
0.95487 0.04513
0.93496 0.06504
0.93496 0.06504
0.95356 0.04644
0.93296 0.06704
0.93296 0.06704
0.11681 0.88319
0.09988 0.90012
0.08351 0.91649
0.07928 0.92072
0.22471 0.77529
0.60362 0.39638
0.78862 0.21138
0.33435 0.66565
0.33435 0.66565
0.37366 0.62634
0.74069 0.25931
0.77929 0.22071
0.77929 0.22071
0.97649 0.02351
0.74069 0.25931
0.59455 0.40545
0.41693 0.58307
0.51088 0.48912
0.99767 0.00233
0.82249 0.17751
0.99960 0.00040
0.98651 0.01349
0.65482 0.34518
0.97722 0.02278
0.81435 0.18565
0.17938 0.82062
0.72320 0.27680
0.41923 0.58077
0.90159 0.09841
0.24509 0.75491
0.16477 0.83523
0.19487 0.80513
0.31652 0.68348
0.75858 0.24142
0.94635 0.05365
0.20606 0.79394
0.58851 0.41149
0.53749 0.46251
0.40302 0.59698
0.58851 0.41149
0.53749 0.46251
0.40302 0.59698
0.98957 0.01043
0.98653 0.01347
0.77659 0.22341
0.35060 0.64940
0.16150 0.83850
0.21667 0.78333
0.21667 0.78333
0.38948 0.61052
0.38948 0.61052
0.21667 0.78333
0.21667 0.78333
0.74176 0.25824
0.97320 0.02680
0.93444 0.06556
0.61358 0.38642
0.12429 0.87571
0.64772 0.35228
0.93778 0.06222
0.95490 0.04510
0.88685 0.11315
0.54070 0.45930
0.92961 0.07039
0.86686 0.13314
0.89301 0.10699
0.77353 0.22647
0.38105 0.61895
0.75726 0.24274
0.60149 0.39851
0.20319 0.79681
0.76572 0.23428
0.99033 0.00967
0.18434 0.81566
0.23715 0.76285
0.30007 0.69993
0.30007 0.69993
0.30007 0.69993
0.21396 0.78604
0.29754 0.70246
0.29754 0.70246
0.51122 0.48878
0.86890 0.13110
0.83394 0.16606
0.81728 0.18272
0.41244 0.58756
0.81127 0.18873
0.34911 0.65089
0.33452 0.66548
0.37211 0.62789
0.99454 0.00546
0.15886 0.84114
0.15485 0.84515
0.22485 0.77515
0.12825 0.87175
0.14848 0.85152
0.17261 0.82739
0.18713 0.81287
0.15004 0.84996
0.42532 0.57468
0.53195 0.46805
0.99702 0.00298
0.53195 0.46805
0.53195 0.46805
0.53209 0.46791
0.28704 0.71296
0.31742 0.68258
0.31742 0.68258
0.18517 0.81483
0.69607 0.30393
0.86053 0.13947
0.99905 0.00095
0.24973 0.75027
0.85211 0.14789
0.84655 0.15345
0.73173 0.26827
0.99506 0.00494
0.99853 0.00147
0.95635 0.04365
0.24033 0.75967
0.99214 0.00786
0.22003 0.77997
0.31623 0.68377
0.95109 0.04891
0.91825 0.08175
0.99470 0.00530
0.95283 0.04717
0.99685 0.00315
0.99685 0.00315
0.19637 0.80363
0.19637 0.80363
0.79267 0.20733
0.75396 0.24604
0.68669 0.31331
0.68669 0.31331
0.80210 0.19790
0.70881 0.29119
0.22803 0.77197
0.75767 0.24233
0.52663 0.47337
0.49462 0.50538
0.49462 0.50538
0.84602 0.15398
0.63444 0.36556
0.63444 0.36556
0.84602 0.15398
0.84602 0.15398
0.63444 0.36556
0.58718 0.41282
0.77628 0.22372
0.81344 0.18656
0.79368 0.20632
0.77536 0.22464
0.31580 0.68420
0.16865 0.83135
0.99976 0.00024
0.16865 0.83135
0.99976 0.00024
0.99959 0.00041
0.99959 0.00041
0.99036 0.00964
0.99813 0.00187
0.99998 0.00002
0.31899 0.68101
0.99982 0.00018
0.05862 0.94138
0.22315 0.77685
0.24642 0.75358
0.25332 0.74668
0.14047 0.85953
0.14047 0.85953
0.14611 0.85389
0.14611 0.85389
0.15010 0.84990
0.15010 0.84990
0.16031 0.83969
0.26206 0.73794
0.21877 0.78123
0.63806 0.36194
0.63799 0.36201
0.63806 0.36194
0.63799 0.36201
0.12664 0.87336
0.46322 0.53678
0.98992 0.01008
0.09801 0.90199
0.47147 0.52853
0.44865 0.55135
0.94340 0.05660
0.18227 0.81773
0.82237 0.17763
0.43932 0.56068
0.82003 0.17997
0.82114 0.17886
0.48153 0.51847
0.49096 0.50904
0.55504 0.44496
0.51472 0.48528
0.57889 0.42111
0.99800 0.00200
0.43163 0.56837
0.82114 0.17886
0.48153 0.51847
0.15044 0.84956
0.60922 0.39078
0.67896 0.32104
0.11465 0.88535
0.11465 0.88535
0.21837 0.78163
0.21837 0.78163
0.29074 0.70926
0.29074 0.70926
0.13434 0.86566
0.33315 0.66685
0.71154 0.28846
0.11493 0.88507
0.37748 0.62252
0.42526 0.57474
0.18066 0.81934
0.98901 0.01099
0.29735 0.70265
0.99725 0.00275
0.29480 0.70520
0.99983 0.00017
0.99977 0.00023
0.99638 0.00362
0.99992 0.00008
1.00000 0.00000
0.89547 0.10453
0.97004 0.02996
0.83747 0.16253
0.60249 0.39751
0.19132 0.80868
0.21173 0.78827
0.99548 0.00452
0.34636 0.65364
0.38061 0.61939
0.33932 0.66068
0.38014 0.61986
0.41640 0.58360
0.37399 0.62601
0.86104 0.13896
0.94613 0.05387
0.97769 0.02231
0.80916 0.19084
0.91900 0.08100
0.91745 0.08255
0.89459 0.10541
0.89459 0.10541
0.89671 0.10329
0.89459 0.10541
0.97733 0.02267
0.97491 0.02509
0.96268 0.03732
0.96104 0.03896
0.99991 0.00009
0.62101 0.37899
0.60293 0.39707
0.61970 0.38030
0.99857 0.00143
0.60059 0.39941
0.99857 0.00143
0.62580 0.37420
0.61978 0.38022
0.60329 0.39671
0.95482 0.04518
0.99994 0.00006
0.99994 0.00006
0.29178 0.70822
0.29178 0.70822
0.81427 0.18573
0.81427 0.18573
0.83458 0.16542
0.83458 0.16542
0.37401 0.62599
0.37401 0.62599
0.98422 0.01578
0.98422 0.01578
0.29214 0.70786
0.29214 0.70786
0.66515 0.33485
0.66515 0.33485
0.62224 0.37776
0.62224 0.37776
0.39894 0.60106
0.39894 0.60106
0.87691 0.12309
0.87332 0.12668
0.99934 0.00066
0.99934 0.00066
0.56467 0.43533
0.53983 0.46017
0.42559 0.57441
0.42559 0.57441
0.97293 0.02707
0.50945 0.49055
0.53267 0.46733
0.99975 0.00025
0.99470 0.00530
0.95078 0.04922
0.98715 0.01285
0.99104 0.00896
0.99777 0.00223
0.29633 0.70367
0.26283 0.73717
0.33694 0.66306
0.99889 0.00111
0.98823 0.01177
0.99475 0.00525
0.97123 0.02877
0.13154 0.86846
0.99816 0.00184
0.17381 0.82619
0.92889 0.07111
0.99817 0.00183
0.98103 0.01897
0.99991 0.00009
0.99963 0.00037
0.99962 0.00038
0.99988 0.00012
0.99958 0.00042
0.31361 0.68639
0.44529 0.55471
0.30518 0.69482
0.36686 0.63314
0.50334 0.49666
0.35670 0.64330
0.99962 0.00038
0.99988 0.00012
0.99958 0.00042
0.40238 0.59762
0.38838 0.61162
0.57871 0.42129
0.59494 0.40506
0.28306 0.71694
0.85008 0.14992
0.86490 0.13510
0.70241 0.29759
0.32026 0.67974
0.34630 0.65370
0.31239 0.68761
0.97670 0.02330
0.98429 0.01571
0.99454 0.00546
0.71735 0.28265
0.99328 0.00672
0.27083 0.72917
0.59395 0.40605
0.50597 0.49403
0.20186 0.79814
0.05160 0.94840
0.90399 0.09601
0.30348 0.69652
0.93210 0.06790
0.36142 0.63858
0.93721 0.06279
0.96411 0.03589
0.91245 0.08755
0.94597 0.05403
0.89388 0.10612
0.28503 0.71497
0.43606 0.56394
0.96302 0.03698
0.72022 0.27978
0.61923 0.38077
0.43698 0.56302
0.48272 0.51728
0.67598 0.32402
0.58618 0.41382
0.14185 0.85815
0.46371 0.53629
0.99134 0.00866
0.97453 0.02547
0.94230 0.05770
0.86760 0.13240
0.71111 0.28889
0.71111 0.28889
0.53410 0.46590
0.53410 0.46590
0.54404 0.45596
0.61445 0.38555
0.98750 0.01250
0.98925 0.01075
0.99535 0.00465
0.98322 0.01678
0.40650 0.59350
0.39497 0.60503
0.99468 0.00532
0.93891 0.06109
0.94822 0.05178
0.94968 0.05032
0.21497 0.78503
0.87924 0.12076
0.90928 0.09072
0.86051 0.13949
0.37293 0.62707
0.71883 0.28117
0.99868 0.00132
0.16150 0.83850
0.68926 0.31074
0.96156 0.03844
0.96066 0.03934
0.99992 0.00008
0.28333 0.71667
0.80940 0.19060
0.27779 0.72221
0.82417 0.17583
0.83597 0.16403
0.28631 0.71369
0.42456 0.57544
0.66803 0.33197
0.98821 0.01179
0.75910 0.24090
0.86824 0.13176
0.03764 0.96236
0.83853 0.16147
0.32774 0.67226
0.29915 0.70085
0.32774 0.67226
0.29915 0.70085
0.24738 0.75262
0.23613 0.76387
0.99372 0.00628
0.28176 0.71824
0.28879 0.71121
0.58433 0.41567
0.13180 0.86820
0.87724 0.12276
0.30919 0.69081
0.84622 0.15378
0.12948 0.87052
0.47331 0.52669
0.25691 0.74309
0.25691 0.74309
0.47331 0.52669
0.25691 0.74309
0.22734 0.77266
0.18936 0.81064
0.36991 0.63009
0.67916 0.32084
0.77467 0.22533
0.70140 0.29860
0.96835 0.03165
0.95104 0.04896
0.62362 0.37638
0.95008 0.04992
0.86411 0.13589
0.51189 0.48811
0.49392 0.50608
0.22212 0.77788
0.22003 0.77997
0.62763 0.37237
0.60605 0.39395
0.15038 0.84962
0.13406 0.86594
0.84598 0.15402
0.35787 0.64213
0.90886 0.09114
0.89225 0.10775
0.86011 0.13989
0.45734 0.54266
0.55103 0.44897
0.15344 0.84656
0.35277 0.64723
0.22982 0.77018
0.46836 0.53164
0.30759 0.69241
0.30759 0.69241
0.37086 0.62914
0.37086 0.62914
0.35081 0.64919
0.35081 0.64919
0.31660 0.68340
0.28161 0.71839
0.31660 0.68340
0.31047 0.68953
0.28161 0.71839
0.30821 0.69179
0.30821 0.69179
0.40192 0.59808
0.41355 0.58645
0.48831 0.51169
0.45666 0.54334
0.95731 0.04269
0.94408 0.05592
0.40235 0.59765
0.36852 0.63148
0.83547 0.16453
0.99960 0.00040
0.28613 0.71387
0.20830 0.79170
0.98333 0.01667
0.92471 0.07529
0.29574 0.70426
0.93770 0.06230
0.29574 0.70426
0.93770 0.06230
0.99994 0.00006
0.14326 0.85674
0.17297 0.82703
0.14027 0.85973
0.40369 0.59631
0.37438 0.62562
0.99987 0.00013
0.99148 0.00852
0.82924 0.17076
0.47953 0.52047
0.19451 0.80549
0.23843 0.76157
0.30334 0.69666
0.71892 0.28108
0.35988 0.64012
0.97689 0.02311
0.98047 0.01953
0.95199 0.04801
0.23526 0.76474
0.43492 0.56508
0.28788 0.71212
0.96649 0.03351
0.26199 0.73801
0.99221 0.00779
0.18155 0.81845
0.20120 0.79880
0.18831 0.81169
0.91144 0.08856
0.21447 0.78553
0.21555 0.78445
0.94662 0.05338
0.92902 0.07098
0.95761 0.04239
0.94381 0.05619
0.20143 0.79857
0.25258 0.74742
0.84778 0.15222
0.29298 0.70702
0.30737 0.69263
0.53322 0.46678
0.55016 0.44984
0.06221 0.93779
0.90076 0.09924
0.21207 0.78793
0.97666 0.02334
0.22435 0.77565
0.21312 0.78688
0.20661 0.79339
0.22648 0.77352
0.21850 0.78150
0.24682 0.75318
0.96754 0.03246
0.23018 0.76982
0.99513 0.00487
0.99420 0.00580
0.05037 0.94963
0.43264 0.56736
0.14002 0.85998
0.75865 0.24135
0.28745 0.71255
0.80034 0.19966
0.85473 0.14527
0.88905 0.11095
0.20982 0.79018
0.79168 0.20832
0.90700 0.09300
0.99967 0.00033
0.90700 0.09300
0.99967 0.00033
0.99789 0.00211
0.52035 0.47965
0.97893 0.02107
0.97893 0.02107
0.90489 0.09511
0.41187 0.58813
0.19776 0.80224
0.41806 0.58194
0.16039 0.83961
0.47389 0.52611
0.98995 0.01005
0.99752 0.00248
0.99517 0.00483
0.73857 0.26143
0.99570 0.00430
0.98782 0.01218
0.48740 0.51260
0.25824 0.74176
0.89875 0.10125
0.82373 0.17627
0.99995 0.00005
0.29579 0.70421
0.28394 0.71606
0.51585 0.48415
0.37094 0.62906
0.29286 0.70714
0.54344 0.45656
0.79147 0.20853
0.71746 0.28254
0.65063 0.34937
0.17397 0.82603
0.54529 0.45471
0.77944 0.22056
0.10409 0.89591
0.87145 0.12855
0.95662 0.04338
0.28905 0.71095
0.41838 0.58162
0.83756 0.16244
0.98083 0.01917
0.36262 0.63738
0.94922 0.05078
0.99997 0.00003
0.99984 0.00016
0.99992 0.00008
0.44724 0.55276
0.99995 0.00005
0.99977 0.00023
0.99996 0.00004
0.45662 0.54338
0.99994 0.00006
0.99972 0.00028
0.99989 0.00011
0.39187 0.60813
0.53826 0.46174
0.99936 0.00064
0.92754 0.07246
0.39634 0.60366
0.49392 0.50608
0.99210 0.00790
0.95319 0.04681
0.54412 0.45588
0.81948 0.18052
0.38211 0.61789
0.99118 0.00882
0.94227 0.05773
0.73285 0.26715
0.81025 0.18975
0.82911 0.17089
0.96680 0.03320
0.65930 0.34070
0.31132 0.68868
0.88499 0.11501
0.91328 0.08672
0.93244 0.06756
0.69884 0.30116
0.25196 0.74804
0.99759 0.00241
0.07248 0.92752
0.20456 0.79544
0.22579 0.77421
0.14402 0.85598
0.54722 0.45278
0.53189 0.46811
0.54722 0.45278
0.54722 0.45278
0.66737 0.33263
0.09872 0.90128
0.10114 0.89886
0.67290 0.32710
0.99106 0.00894
0.99814 0.00186
0.99106 0.00894
0.99814 0.00186
0.31487 0.68513
0.37005 0.62995
0.98803 0.01197
0.31945 0.68055
0.24373 0.75627
0.61843 0.38157
0.12113 0.87887
0.90009 0.09991
0.30437 0.69563
0.49150 0.50850
0.07621 0.92379
0.43283 0.56717
0.44794 0.55206
0.43283 0.56717
0.31217 0.68783
0.45301 0.54699
0.74212 0.25788
0.59878 0.40122
0.93719 0.06281
0.52321 0.47679
0.90833 0.09167
0.99949 0.00051
0.98983 0.01017
0.99235 0.00765
0.52766 0.47234
0.99919 0.00081
0.43661 0.56339
0.65084 0.34916
0.99820 0.00180
0.55357 0.44643
0.99985 0.00015
0.99767 0.00233
0.99991 0.00009
0.03085 0.96915
0.71152 0.28848
0.93659 0.06341
0.08683 0.91317
0.67029 0.32971
0.99815 0.00185
0.83733 0.16267
0.38690 0.61310
0.99858 0.00142
0.56594 0.43406
0.40055 0.59945
0.99879 0.00121
0.58242 0.41758
0.97894 0.02106
0.88123 0.11877
0.99793 0.00207
0.87295 0.12705
0.82980 0.17020
0.99999 0.00001
0.91873 0.08127
0.99999 0.00001
0.33616 0.66384
0.53994 0.46006
0.99044 0.00956
0.95941 0.04059
0.99044 0.00956
0.95941 0.04059
0.98679 0.01321
0.99246 0.00754
0.71934 0.28066
0.99867 0.00133
0.82621 0.17379
0.99925 0.00075
0.82621 0.17379
0.99925 0.00075
0.38760 0.61240
0.61513 0.38487
0.99973 0.00027
0.99506 0.00494
0.12763 0.87237
0.40995 0.59005
0.13237 0.86763
0.40306 0.59694
0.99927 0.00073
0.11426 0.88574
0.12266 0.87734
0.99168 0.00832
0.16808 0.83192
0.09299 0.90701
0.81262 0.18738
0.21181 0.78819
0.83958 0.16042
0.90641 0.09359
0.77209 0.22791
0.79130 0.20870
0.99534 0.00466
0.99519 0.00481
0.98283 0.01717
0.89697 0.10303
0.13654 0.86346
0.04932 0.95068
0.13480 0.86520
0.10807 0.89193
0.16523 0.83477
0.75731 0.24269
0.16523 0.83477
0.75731 0.24269
0.21665 0.78335
0.16649 0.83351
0.20535 0.79465
0.11062 0.88938
0.99995 0.00005
0.82799 0.17201
0.83921 0.16079
0.94231 0.05769
0.73780 0.26220
0.99973 0.00027
0.58085 0.41915
0.69680 0.30320
0.74956 0.25044
0.59671 0.40329
0.59578 0.40422
0.94231 0.05769
0.73780 0.26220
0.99973 0.00027
0.58085 0.41915
0.68412 0.31588
0.76967 0.23033
0.59671 0.40329
0.59578 0.40422
0.62483 0.37517
0.30930 0.69070
0.99677 0.00323
0.17323 0.82677
0.92124 0.07876
0.14576 0.85424
0.79278 0.20722
0.56043 0.43957
0.56043 0.43957
0.23784 0.76216
0.25358 0.74642
0.96144 0.03856
0.27565 0.72435
0.36346 0.63654
0.28962 0.71038
0.36559 0.63441
0.59227 0.40773
0.19464 0.80536
0.24682 0.75318
0.92813 0.07187
0.26510 0.73490
0.36806 0.63194
0.44047 0.55953
0.79912 0.20088
0.18980 0.81020
0.93648 0.06352
0.18003 0.81997
0.26576 0.73423
0.61365 0.38635
0.72672 0.27328
0.26229 0.73771
0.65835 0.34165
0.56441 0.43559
0.68424 0.31576
0.27527 0.72473
0.52246 0.47754
0.60826 0.39174
0.60826 0.39174
0.86514 0.13486
0.60826 0.39174
0.53904 0.46096
0.60921 0.39079
0.60921 0.39079
0.86437 0.13563
0.60921 0.39079
0.51945 0.48055
0.60554 0.39446
0.60554 0.39446
0.85890 0.14110
0.60554 0.39446
0.56443 0.43557
0.56443 0.43557
0.83208 0.16792
0.57302 0.42698
0.33449 0.66551
0.99550 0.00450
0.26403 0.73597
0.19705 0.80295
0.44944 0.55056
0.99732 0.00268
0.48841 0.51159
0.99191 0.00809
0.99578 0.00422
0.97733 0.02267
0.86120 0.13880
0.98748 0.01252
0.98081 0.01919
0.85122 0.14878
0.85122 0.14878
0.85122 0.14878
0.85122 0.14878
0.63969 0.36031
0.63969 0.36031
0.87784 0.12216
0.63969 0.36031
0.63969 0.36031
0.87784 0.12216
0.83789 0.16211
0.76328 0.23672
0.59493 0.40507
0.83789 0.16211
0.76328 0.23672
0.59493 0.40507
0.83647 0.16353
0.12603 0.87397
0.32069 0.67931
0.97004 0.02996
0.99723 0.00277
0.99838 0.00162
0.09728 0.90272
0.08241 0.91759
0.31448 0.68552
0.31448 0.68552
0.51653 0.48347
0.34848 0.65152
0.99703 0.00297
0.99228 0.00772
0.46201 0.53799
0.58642 0.41358
0.47566 0.52434
0.58642 0.41358
0.20222 0.79778
0.91997 0.08003
0.99821 0.00179
0.46041 0.53959
0.08779 0.91221
0.11742 0.88258
0.25931 0.74069
0.32625 0.67375
0.20370 0.79630
0.15383 0.84617
0.35030 0.64970
0.25780 0.74220
0.59313 0.40687
0.47331 0.52669
0.57055 0.42945
0.99884 0.00116
0.34290 0.65710
0.24359 0.75641
0.97012 0.02988
0.97020 0.02980
0.83296 0.16704
0.87693 0.12307
0.93007 0.06993
0.44162 0.55838
0.99152 0.00848
0.99341 0.00659
0.99692 0.00308
0.99879 0.00121
0.37992 0.62008
0.98784 0.01216
0.99997 0.00003
0.99998 0.00002
0.95323 0.04677
0.12313 0.87687
0.99094 0.00906
0.99094 0.00906
0.14734 0.85266
0.14734 0.85266
0.98889 0.01111
0.98848 0.01152
0.90597 0.09403
0.29585 0.70415
0.37109 0.62891
0.92407 0.07593
0.73331 0.26669
0.18058 0.81942
0.46900 0.53100
0.82702 0.17298
0.40079 0.59921
0.43486 0.56514
0.21644 0.78356
0.09505 0.90495
0.11870 0.88130
0.10508 0.89492
0.95987 0.04013
0.63607 0.36393
0.86003 0.13997
0.21021 0.78979
0.41610 0.58390
0.97853 0.02147
0.99032 0.00968
0.99032 0.00968
0.92834 0.07166
0.92427 0.07573
0.83887 0.16113
0.99298 0.00702
0.99075 0.00925
0.98852 0.01148
0.98765 0.01235
0.72744 0.27256
0.99940 0.00060
0.70875 0.29125
0.20814 0.79186
0.79376 0.20624
0.69395 0.30605
0.33121 0.66879
0.33121 0.66879
0.36264 0.63736
0.36264 0.63736
0.18339 0.81661
0.05931 0.94069
0.19839 0.80161
0.88439 0.11561
0.66614 0.33386
0.21851 0.78149
0.21851 0.78149
0.05559 0.94441
0.20199 0.79801
0.86994 0.13006
0.25883 0.74117
0.40879 0.59121
0.33945 0.66055
0.15126 0.84874
0.28683 0.71317
0.34388 0.65612
0.22021 0.77979
0.34388 0.65612
0.22021 0.77979
0.78022 0.21978
0.78486 0.21514
0.53682 0.46318
0.53682 0.46318
0.77913 0.22087
0.53682 0.46318
0.68940 0.31060
0.43099 0.56901
0.75871 0.24129
0.53724 0.46276
0.10680 0.89320
0.35370 0.64630
0.19124 0.80876
0.06496 0.93504
0.96820 0.03180
0.30926 0.69074
0.93245 0.06755
0.15412 0.84588
0.79213 0.20787
0.82241 0.17759
0.11866 0.88134
0.99441 0.00559
0.46355 0.53645
0.99454 0.00546
0.48508 0.51492
0.92386 0.07614
0.98838 0.01162
0.94342 0.05658
0.68405 0.31595
0.46253 0.53747
0.29287 0.70713
0.41992 0.58008
0.41992 0.58008
0.81069 0.18931
0.65459 0.34541
0.52729 0.47271
0.99622 0.00378
0.12951 0.87049
0.99969 0.00031
0.20651 0.79349
0.22472 0.77528
0.99015 0.00985
0.33940 0.66060
0.24404 0.75596
0.15564 0.84436
0.31604 0.68396
0.31179 0.68821
0.32606 0.67394
0.32144 0.67856
0.24923 0.75077
0.99986 0.00014
0.99841 0.00159
0.99892 0.00108
0.46410 0.53590
0.40263 0.59737
0.47104 0.52896
0.91948 0.08052
0.07453 0.92547
0.99451 0.00549
0.86551 0.13449
0.96713 0.03287
0.93613 0.06387
0.42376 0.57624
0.90415 0.09585
0.96099 0.03901
0.96168 0.03832
0.93978 0.06022
0.97863 0.02137
0.97436 0.02564
0.97172 0.02828
0.23892 0.76108
0.26857 0.73143
0.38396 0.61604
0.48830 0.51170
0.98201 0.01799
0.67868 0.32132
0.68728 0.31272
0.61284 0.38716
0.99743 0.00257
0.61392 0.38608
0.22363 0.77637
0.52046 0.47954
0.61276 0.38724
0.65942 0.34058
0.17448 0.82552
0.15399 0.84601
0.15596 0.84404
0.12392 0.87608
0.12037 0.87963
0.19507 0.80493
0.16303 0.83697
0.16303 0.83697
0.16303 0.83697
0.15057 0.84943
0.20562 0.79438
0.24898 0.75102
0.24318 0.75682
0.97822 0.02178
0.11888 0.88112
0.86044 0.13956
0.99538 0.00462
0.99823 0.00177
0.37967 0.62033
0.18639 0.81361
0.24754 0.75246
0.36027 0.63973
0.61458 0.38542
0.15538 0.84462
0.30757 0.69243
0.21316 0.78684
0.21097 0.78903
0.24565 0.75435
0.34289 0.65711
0.98504 0.01496
0.31861 0.68139
0.31861 0.68139
0.31861 0.68139
0.32467 0.67533
0.98763 0.01237
0.99529 0.00471
0.99529 0.00471
0.99535 0.00465
0.43748 0.56252
0.98528 0.01472
0.44809 0.55191
0.36342 0.63658
0.98957 0.01043
0.99771 0.00229
0.98373 0.01627
0.97800 0.02200
0.31609 0.68391
0.24675 0.75325
0.09103 0.90897
0.34136 0.65864
0.31551 0.68449
0.71469 0.28531
0.90601 0.09399
0.82698 0.17302
0.45090 0.54910
0.93452 0.06548
0.46507 0.53493
0.50661 0.49339
0.33577 0.66423
0.78199 0.21801
0.77933 0.22067
0.40986 0.59014
0.68605 0.31395
0.17693 0.82307
0.54926 0.45074
0.46282 0.53718
0.45982 0.54018
0.99924 0.00076
0.99944 0.00056
0.99970 0.00030
0.99910 0.00090
0.76434 0.23566
0.99915 0.00085
0.99937 0.00063
0.99967 0.00033
0.99900 0.00100
0.74702 0.25298
0.99995 0.00005
0.22506 0.77494
0.99996 0.00004
0.23749 0.76251
0.11214 0.88786
0.11933 0.88067
0.91756 0.08244
0.35641 0.64359
0.29640 0.70360
0.22099 0.77901
0.24668 0.75332
0.30232 0.69768
0.22805 0.77195
0.20407 0.79593
0.21057 0.78943
0.35836 0.64164
0.35814 0.64186
0.99996 0.00004
0.99989 0.00011
0.93317 0.06683
0.99997 0.00003
0.99977 0.00023
0.82412 0.17588
0.18193 0.81807
0.14193 0.85807
0.13513 0.86487
0.31941 0.68059
0.25856 0.74144
0.25159 0.74841
0.19986 0.80014
0.24059 0.75941
0.19055 0.80945
0.99815 0.00185
0.46629 0.53371
0.65188 0.34812
0.38174 0.61826
0.99973 0.00027
0.36854 0.63146
0.65188 0.34812
0.38174 0.61826
0.99973 0.00027
0.36854 0.63146
0.99815 0.00185
0.46629 0.53371
0.93950 0.06050
0.96291 0.03709
0.93569 0.06431
0.54631 0.45369
0.52221 0.47779
0.31808 0.68192
0.31916 0.68084
0.99999 0.00001
0.99899 0.00101
0.91349 0.08651
0.99705 0.00295
0.35796 0.64204
0.99917 0.00083
0.80844 0.19156
0.82242 0.17758
0.81958 0.18042
0.90343 0.09657
0.73318 0.26682
0.70490 0.29510
0.73318 0.26682
0.69980 0.30020
0.96709 0.03291
0.90600 0.09400
0.99416 0.00584
0.77341 0.22659
0.80975 0.19025
0.80975 0.19025
0.43429 0.56571
0.32567 0.67433
0.49991 0.50009
0.43426 0.56574
0.74902 0.25098
0.32447 0.67553
0.63411 0.36589
0.84157 0.15843
0.84157 0.15843
0.77703 0.22297
0.77703 0.22297
0.67378 0.32622
0.92327 0.07673
0.55149 0.44851
0.86273 0.13727
0.88224 0.11776
0.97838 0.02162
0.97794 0.02207
0.72872 0.27128
0.32740 0.67260
0.69439 0.30561
0.70519 0.29481
0.73213 0.26787
0.90848 0.09152
0.91007 0.08993
0.76513 0.23487
0.76273 0.23727
0.76553 0.23447
0.99984 0.00016
0.99976 0.00024
0.76570 0.23430
0.26641 0.73359
0.63651 0.36349
0.17692 0.82308
0.09776 0.90224
0.48288 0.51712
0.84878 0.15122
0.24330 0.75670
0.40228 0.59772
0.43805 0.56195
0.86515 0.13485
0.45185 0.54815
0.92926 0.07074
0.96590 0.03410
0.91552 0.08448
0.56129 0.43871
0.93358 0.06642
0.61909 0.38091
0.29314 0.70686
0.97398 0.02602
0.98865 0.01135
0.99411 0.00589
0.32838 0.67162
0.38469 0.61531
0.99353 0.00647
0.78056 0.21944
0.85487 0.14513
0.99531 0.00469
0.17967 0.82033
0.21030 0.78970
0.97248 0.02752
0.64963 0.35037
0.74891 0.25109
0.97973 0.02027
0.89884 0.10116
0.95157 0.04843
0.96814 0.03186
0.95448 0.04552
0.98163 0.01837
0.98949 0.01051
0.36470 0.63530
0.44735 0.55265
0.98764 0.01236
0.80351 0.19649
0.87963 0.12037
0.99135 0.00865
0.79699 0.20301
0.25965 0.74035
0.66337 0.33663
0.79213 0.20787
0.24958 0.75042
0.72139 0.27861
0.84597 0.15403
0.40422 0.59578
0.90873 0.09127
0.82429 0.17571
0.87635 0.12365
0.18906 0.81094
0.13037 0.86963
0.13392 0.86608
0.13603 0.86397
0.59539 0.40461
0.63459 0.36541
0.93964 0.06036
0.54881 0.45119
0.60717 0.39283
0.08794 0.91206
0.10206 0.89794
0.54693 0.45307
0.50382 0.49618
0.59248 0.40752
0.98936 0.01064
0.98936 0.01064
0.75014 0.24986
0.75014 0.24986
0.42329 0.57671
0.42329 0.57671
0.63764 0.36236
0.82915 0.17085
0.12083 0.87917
0.12009 0.87991
0.95858 0.04142
0.93815 0.06185
0.95116 0.04884
0.53212 0.46788
0.92159 0.07841
0.99897 0.00103
0.16253 0.83747
0.99999 0.00001
0.33136 0.66864
0.51032 0.48968
0.51032 0.48968
0.95053 0.04947
0.44576 0.55424
0.94335 0.05665
0.99997 0.00003
0.99998 0.00002
0.42693 0.57307
0.99995 0.00005
0.55754 0.44246
0.90889 0.09111
0.49810 0.50190
0.88469 0.11531
0.97518 0.02482
0.80696 0.19304
0.89528 0.10472
0.57141 0.42859
0.14837 0.85163
0.49656 0.50344
0.54971 0.45029
0.18392 0.81608
0.15824 0.84176
0.15824 0.84176
0.99918 0.00082
0.23325 0.76675
0.70368 0.29632
0.16594 0.83406
0.24129 0.75871
0.79394 0.20606
0.99948 0.00052
0.79394 0.20606
0.79394 0.20606
0.70122 0.29878
0.45642 0.54358
0.57233 0.42767
0.08422 0.91578
0.17230 0.82770
0.75781 0.24219
0.77469 0.22531
0.85788 0.14212
0.96190 0.03810
0.99907 0.00093
0.09877 0.90123
0.94101 0.05899
0.17437 0.82563
0.18033 0.81967
0.85097 0.14903
0.98738 0.01262
0.12041 0.87959
0.12695 0.87305
0.13698 0.86302
0.69887 0.30113
0.12931 0.87069
0.92937 0.07063
0.38139 0.61861
0.06135 0.93865
0.67937 0.32063
0.19765 0.80235
0.71316 0.28684
0.69464 0.30536
0.12888 0.87112
0.30356 0.69644
0.17189 0.82811
0.99990 0.00010
0.25479 0.74521
0.99763 0.00237
0.84084 0.15916
0.84084 0.15916
0.98837 0.01163
0.98967 0.01033
0.32359 0.67641
0.25247 0.74753
0.20234 0.79766
0.25253 0.74747
0.25500 0.74500
0.22328 0.77672
0.58364 0.41636
0.55135 0.44865
0.59826 0.40174
0.13727 0.86273
0.08094 0.91906
0.21090 0.78910
0.32120 0.67880
0.99999 0.00001
0.99837 0.00163
0.76448 0.23552
0.76448 0.23552
0.16524 0.83476
0.22029 0.77971
0.95157 0.04843
0.18785 0.81215
0.68838 0.31162
0.35086 0.64914
0.67879 0.32121
0.51968 0.48032
0.80158 0.19842
0.99575 0.00425
0.96265 0.03735
0.38498 0.61502
0.63569 0.36431
0.24206 0.75794
0.93781 0.06219
0.31236 0.68764
0.21383 0.78617
0.41168 0.58832
0.84795 0.15205
0.13559 0.86441
0.20910 0.79090
0.77177 0.22823
0.20524 0.79476
0.12353 0.87647
0.73446 0.26554
0.25897 0.74103
0.29135 0.70865
0.68437 0.31563
0.29536 0.70464
0.24224 0.75776
0.89474 0.10526
0.44786 0.55214
0.48264 0.51736
0.85855 0.14145
0.50318 0.49682
0.42659 0.57341
0.40048 0.59952
0.44265 0.55735
0.42477 0.57523
0.41062 0.58938
0.40048 0.59952
0.69848 0.30152
0.21901 0.78099
0.23252 0.76748
0.64784 0.35216
0.22434 0.77566
0.20377 0.79623
0.15759 0.84241
0.16144 0.83856
0.89564 0.10436
0.97654 0.02346
0.30370 0.69630
0.59932 0.40068
0.59932 0.40068
0.59932 0.40068
0.59932 0.40068
0.37477 0.62523
0.50617 0.49383
0.27191 0.72809
0.84365 0.15635
0.59309 0.40691
0.59309 0.40691
0.82996 0.17004
0.76513 0.23487
0.76513 0.23487
0.69726 0.30274
0.69726 0.30274
0.75454 0.24546
0.61020 0.38980
0.66514 0.33486
0.71879 0.28121
0.12651 0.87349
0.13411 0.86589
0.13417 0.86583
0.12515 0.87485
0.12602 0.87398
0.12231 0.87769
0.79599 0.20401
0.43333 0.56667
0.16688 0.83312
0.71023 0.28977
0.16254 0.83746
0.71023 0.28977
0.34542 0.65458
0.82165 0.17835
0.29474 0.70526
0.86912 0.13088
0.86688 0.13312
0.97980 0.02020
0.97961 0.02039
0.38970 0.61030
0.37738 0.62262
0.38970 0.61030
0.37738 0.62262
0.86768 0.13232
0.26540 0.73460
0.21647 0.78353
0.95813 0.04187
0.79811 0.20189
0.95813 0.04187
0.94150 0.05850
0.41264 0.58736
0.36691 0.63309
0.36691 0.63309
0.90187 0.09813
0.44735 0.55265
0.45123 0.54877
0.37481 0.62519
0.33202 0.66798
0.83467 0.16533
0.80923 0.19077
0.82368 0.17632
0.43450 0.56550
0.60942 0.39058
0.39654 0.60346
0.39581 0.60419
0.93711 0.06289
0.93266 0.06734
0.89458 0.10542
0.88928 0.11072
0.75265 0.24735
0.75265 0.24735
0.39646 0.60354
0.39646 0.60354
0.82794 0.17206
0.82794 0.17206
0.78701 0.21299
0.78701 0.21299
0.88747 0.11253
0.97411 0.02589
0.77505 0.22495
0.05404 0.94596
0.74475 0.25525
0.54547 0.45453
0.15044 0.84956
0.74380 0.25620
0.76720 0.23280
0.43494 0.56506
0.61853 0.38147
0.76578 0.23422
0.33874 0.66126
0.23361 0.76639
0.24842 0.75158
0.53686 0.46314
0.91272 0.08728
0.44699 0.55301
0.55763 0.44237
0.57229 0.42771
0.71666 0.28334
0.60361 0.39639
0.71867 0.28133
0.38610 0.61390
0.99252 0.00748
0.30421 0.69579
0.60643 0.39357
0.60643 0.39357
0.54922 0.45078
0.63395 0.36605
0.40661 0.59339
0.75524 0.24476
0.71457 0.28543
0.99968 0.00032
0.99915 0.00085
0.28681 0.71319
0.80021 0.19979
0.99984 0.00016
0.91785 0.08215
0.90367 0.09633
0.74533 0.25467
0.99714 0.00286
0.17760 0.82240
0.80850 0.19150
0.13585 0.86415
0.08814 0.91186
0.12008 0.87992
0.94530 0.05470
0.12484 0.87516
0.53475 0.46525
0.97107 0.02893
0.39366 0.60634
0.37484 0.62516
0.43300 0.56700
0.97453 0.02547
0.75926 0.24074
0.97348 0.02652
0.68311 0.31689
0.73769 0.26231
0.73769 0.26231
0.18534 0.81466
0.57168 0.42832
0.15122 0.84878
0.94313 0.05687
0.64823 0.35177
0.23715 0.76285
0.99564 0.00436
0.66376 0.33624
0.50452 0.49548
0.78770 0.21230
0.14838 0.85162
0.99974 0.00026
0.89574 0.10426
0.89574 0.10426
0.99221 0.00779
0.48342 0.51658
0.57987 0.42013
0.89725 0.10275
0.80980 0.19020
0.99928 0.00072
0.18680 0.81320
0.88103 0.11897
0.46505 0.53495
0.30856 0.69144
0.33077 0.66923
0.45263 0.54737
0.47884 0.52116
0.72521 0.27479
0.74757 0.25243
0.45600 0.54400
0.43308 0.56692
0.51770 0.48230
0.55526 0.44474
0.50167 0.49833
0.37955 0.62045
0.32881 0.67119
0.66842 0.33158
0.66842 0.33158
0.69825 0.30175
0.69825 0.30175
0.90645 0.09355
0.91091 0.08909
0.88165 0.11835
0.87767 0.12233
0.80857 0.19143
0.82477 0.17523
0.92722 0.07278
0.82582 0.17418
0.85776 0.14224
0.81753 0.18247
0.78655 0.21345
0.89126 0.10874
0.94395 0.05605
0.07340 0.92660
0.91444 0.08556
0.93668 0.06332
0.96243 0.03757
0.22116 0.77884
0.82466 0.17534
0.22116 0.77884
0.82466 0.17534
0.99308 0.00692
0.18683 0.81317
0.99308 0.00692
0.99796 0.00204
0.99976 0.00024
0.99796 0.00204
0.18238 0.81762
0.98009 0.01991
0.18087 0.81913
0.99770 0.00230
0.48468 0.51532
0.51277 0.48723
0.13298 0.86702
0.55046 0.44954
0.55046 0.44954
0.20174 0.79826
0.21891 0.78109
0.62137 0.37863
0.24900 0.75100
0.15979 0.84021
0.15979 0.84021
0.15060 0.84940
0.30187 0.69813
0.97851 0.02149
0.10820 0.89180
0.85535 0.14465
0.93489 0.06511
0.30299 0.69701
0.87390 0.12610
0.71001 0.28999
0.21053 0.78947
0.79211 0.20789
0.64392 0.35608
0.16506 0.83494
0.74022 0.25978
0.26759 0.73241
0.85343 0.14657
0.70318 0.29682
0.99997 0.00003
0.85213 0.14787
0.56108 0.43892
0.56108 0.43892
0.86152 0.13848
0.80222 0.19778
0.67835 0.32165
0.36688 0.63312
0.40896 0.59104
0.54151 0.45849
0.39992 0.60008
0.58089 0.41911
0.60284 0.39716
0.42332 0.57668
0.95468 0.04532
0.55765 0.44235
0.69820 0.30180
0.40961 0.59039
0.99350 0.00650
0.90543 0.09457
0.41659 0.58341
0.22459 0.77541
0.22459 0.77541
0.53760 0.46240
0.52743 0.47257
0.53823 0.46177
0.53363 0.46637
0.42143 0.57857
0.99345 0.00655
0.37965 0.62035
0.89288 0.10712
0.47283 0.52717
0.94757 0.05243
0.39720 0.60280
0.38686 0.61314
0.94294 0.05706
0.36790 0.63210
0.35860 0.64140
0.15054 0.84946
0.15054 0.84946
0.23716 0.76284
0.18320 0.81680
0.25794 0.74206
0.19377 0.80623
0.27450 0.72550
0.30159 0.69841
0.54375 0.45625
0.86018 0.13982
0.11026 0.88974
0.27908 0.72092
0.76241 0.23759
0.53926 0.46074
0.13375 0.86625
0.26821 0.73179
0.56933 0.43067
0.99073 0.00927
0.20040 0.79960
0.16120 0.83880
0.91674 0.08326
0.91016 0.08984
0.91016 0.08984
0.91016 0.08984
0.91016 0.08984
0.82573 0.17427
0.15100 0.84900
0.18942 0.81058
0.27432 0.72568
0.97445 0.02555
0.33395 0.66605
0.28332 0.71668
0.99818 0.00182
0.99421 0.00579
0.28216 0.71784
0.27067 0.72933
0.40991 0.59009
0.17610 0.82390
0.25711 0.74289
0.31812 0.68188
0.26175 0.73825
0.24015 0.75985
0.13916 0.86084
0.14671 0.85329
0.13370 0.86630
0.13370 0.86630
0.14671 0.85329
0.13370 0.86630
0.74598 0.25402
0.83071 0.16929
0.83071 0.16929
0.30165 0.69835
0.40854 0.59146
0.72651 0.27349
0.73317 0.26683
0.78814 0.21186
0.71616 0.28384
0.78389 0.21611
0.81682 0.18318
0.63716 0.36284
0.96481 0.03519
0.98741 0.01259
0.99481 0.00519
0.99272 0.00728
0.86161 0.13839
0.93576 0.06424
0.89540 0.10460
0.40585 0.59415
0.73610 0.26390
0.76833 0.23167
0.77295 0.22705
0.77295 0.22705
0.99930 0.00070
0.77295 0.22705
0.99929 0.00071
0.99929 0.00071
0.25515 0.74485
0.27978 0.72022
0.29918 0.70082
0.27978 0.72022
0.29918 0.70082
0.13081 0.86919
0.18197 0.81803
0.47508 0.52492
0.98976 0.01024
0.47021 0.52979
0.98988 0.01012
0.98381 0.01619
0.98739 0.01261
0.39174 0.60826
0.54324 0.45676
0.99880 0.00120
0.79187 0.20813
0.99674 0.00326
0.88009 0.11991
0.99971 0.00029
0.99971 0.00029
0.87913 0.12087
0.99967 0.00033
0.99963 0.00037
0.99963 0.00037
0.99967 0.00033
0.53713 0.46287
0.99982 0.00018
0.99982 0.00018
0.53347 0.46653
0.42208 0.57792
0.99966 0.00034
0.99966 0.00034
0.41854 0.58146
0.30503 0.69497
0.45636 0.54364
0.96054 0.03946
0.12902 0.87098
0.16766 0.83234
0.19399 0.80601
0.23761 0.76239
0.19865 0.80135
0.23745 0.76255
0.20058 0.79942
0.14188 0.85812
0.30096 0.69904
0.98631 0.01369
0.30096 0.69904
0.28525 0.71475
0.32875 0.67125
0.24113 0.75887
0.22794 0.77206
0.25730 0.74270
0.99977 0.00023
0.99977 0.00023
0.99588 0.00412
0.99588 0.00412
0.59617 0.40383
0.59617 0.40383
0.63493 0.36507
0.63493 0.36507
0.62340 0.37660
0.62340 0.37660
0.59617 0.40383
0.59617 0.40383
0.65232 0.34768
0.75488 0.24512
0.97121 0.02879
0.99720 0.00280
0.65232 0.34768
0.75488 0.24512
0.65232 0.34768
0.75488 0.24512
0.68284 0.31716
0.78098 0.21902
0.13019 0.86981
0.98532 0.01468
0.18138 0.81862
0.95121 0.04879
0.17738 0.82262
0.93918 0.06082
0.10665 0.89335
0.51397 0.48603
0.58612 0.41388
0.98919 0.01081
0.62574 0.37426
0.76662 0.23338
0.65781 0.34219
0.06612 0.93388
0.92053 0.07947
0.48442 0.51558
0.23585 0.76415
0.25956 0.74044
0.99872 0.00128
0.09265 0.90735
0.66541 0.33459
0.24637 0.75363
0.72561 0.27439
0.96680 0.03320
0.89079 0.10921
0.65272 0.34728
0.16035 0.83965
0.67512 0.32488
0.67512 0.32488
0.09955 0.90045
0.51623 0.48377
0.51300 0.48700
0.77633 0.22367
0.83326 0.16674
0.83326 0.16674
0.07042 0.92958
0.15979 0.84021
0.14308 0.85692
0.27060 0.72940
0.10756 0.89244
0.10510 0.89490
0.19434 0.80566
0.46033 0.53967
0.85736 0.14264
0.23644 0.76356
0.96854 0.03146
0.58310 0.41690
0.96854 0.03146
0.58310 0.41690
0.10577 0.89423
0.49800 0.50200
0.57348 0.42652
0.89014 0.10986
0.40369 0.59631
0.89999 0.10001
0.46768 0.53232
0.80152 0.19848
0.82644 0.17356
0.73108 0.26892
0.74310 0.25690
0.14685 0.85315
0.10125 0.89875
0.79018 0.20982
0.31978 0.68022
0.28962 0.71038
0.32438 0.67562
0.21118 0.78882
0.10362 0.89638
0.16205 0.83795
0.19734 0.80266
0.21364 0.78636
0.69518 0.30482
0.08427 0.91573
0.16461 0.83539
0.47755 0.52245
0.35363 0.64637
0.12862 0.87138
0.04730 0.95270
0.10026 0.89974
0.45107 0.54893
0.46901 0.53099
0.12689 0.87311
0.12723 0.87277
0.95870 0.04130
0.99541 0.00459
0.94408 0.05592
0.97977 0.02023
0.99541 0.00459
0.95870 0.04130
0.99541 0.00459
0.94408 0.05592
0.97977 0.02023
0.99541 0.00459
0.20888 0.79112
0.71755 0.28245
0.20968 0.79032
0.70191 0.29809
0.28931 0.71069
0.15066 0.84934
0.92215 0.07785
0.71118 0.28882
0.58644 0.41356
0.62429 0.37571
0.84593 0.15407
0.79667 0.20333
0.99545 0.00455
0.85241 0.14759
0.99704 0.00296
0.68985 0.31015
0.99956 0.00044
0.60156 0.39844
0.99952 0.00048
0.69036 0.30964
0.78514 0.21486
0.78761 0.21239
0.51158 0.48842
0.66658 0.33342
0.41728 0.58272
0.79920 0.20080
0.97479 0.02521
0.73434 0.26566
0.97106 0.02894
0.99933 0.00067
0.96236 0.03764
0.85959 0.14041
0.96771 0.03229
0.99931 0.00069
0.67580 0.32420
0.91502 0.08498
0.18960 0.81040
0.13485 0.86515
0.14194 0.85806
0.39269 0.60731
0.15057 0.84943
0.68849 0.31151
0.90549 0.09451
0.33965 0.66035
0.77527 0.22473
0.98834 0.01166
0.99536 0.00464
0.55005 0.44995
0.28374 0.71626
0.40444 0.59556
0.89880 0.10120
0.89880 0.10120
0.93466 0.06534
0.69416 0.30584
0.69416 0.30584
0.96946 0.03054
0.65665 0.34335
0.65665 0.34335
0.96364 0.03636
0.48112 0.51888
0.47626 0.52374
0.97804 0.02196
0.89880 0.10120
0.89880 0.10120
0.93466 0.06534
0.65665 0.34335
0.65665 0.34335
0.96364 0.03636
0.89880 0.10120
0.89880 0.10120
0.93466 0.06534
0.97878 0.02122
0.97878 0.02122
0.58843 0.41157
0.58843 0.41157
0.97618 0.02382
0.35915 0.64085
0.58414 0.41586
0.33434 0.66566
0.85603 0.14397
0.89042 0.10958
0.89624 0.10376
0.99988 0.00012
0.35888 0.64112
0.35904 0.64096
0.19251 0.80749
0.25460 0.74540
0.25513 0.74487
0.66759 0.33241
0.30829 0.69170
0.30867 0.69133
0.99183 0.00817
0.99445 0.00555
0.93625 0.06375
0.99978 0.00022
0.99972 0.00028
0.99928 0.00072
0.99936 0.00064
0.73069 0.26931
0.75945 0.24055
0.79373 0.20627
0.66685 0.33315
0.72251 0.27749
0.19040 0.80960
0.99562 0.00438
0.99791 0.00209
0.77705 0.22295
0.87316 0.12684
0.32104 0.67896
0.90771 0.09229
0.80197 0.19803
0.52846 0.47154
0.67769 0.32231
0.78845 0.21155
0.51607 0.48393
0.61380 0.38620
0.88841 0.11159
0.99334 0.00666
0.99687 0.00313
0.70515 0.29485
0.99622 0.00378
0.99811 0.00189
0.48957 0.51043
0.99994 0.00006
0.99998 0.00002
0.68699 0.31301
0.45539 0.54461
1.00000 0.00000
1.00000 0.00000
1.00000 0.00000
0.72953 0.27047
0.62275 0.37725
0.80618 0.19382
0.91277 0.08723
0.21269 0.78731
0.93195 0.06805
0.96605 0.03395
0.92318 0.07682
0.67877 0.32123
0.76448 0.23552
0.07857 0.92143
0.28236 0.71764
0.86825 0.13175
0.91130 0.08870
0.22596 0.77404
0.53348 0.46652
0.63984 0.36016
0.28986 0.71014
0.84700 0.15300
0.84700 0.15300
0.79561 0.20439
0.28143 0.71857
0.53387 0.46613
0.10745 0.89255
0.29562 0.70438
0.96545 0.03455
0.56216 0.43784
0.53182 0.46818
0.48710 0.51290
0.18548 0.81452
0.19333 0.80667
0.20600 0.79400
0.11971 0.88029
0.30344 0.69656
0.57752 0.42248
0.69299 0.30701
0.60048 0.39952
0.15598 0.84402
0.26802 0.73198
0.53634 0.46366
0.63146 0.36854
0.54121 0.45879
0.26802 0.73198
0.53634 0.46366
0.61949 0.38051
0.99372 0.00628
0.61049 0.38951
0.97675 0.02325
0.98847 0.01153
0.69247 0.30753
0.22300 0.77700
0.52317 0.47683
0.78849 0.21151
0.80416 0.19584
0.33680 0.66320
0.36253 0.63747
0.67601 0.32399
0.69201 0.30799
0.23542 0.76458
0.39471 0.60529
0.23542 0.76458
0.39471 0.60529
0.59742 0.40258
0.45632 0.54368
0.87530 0.12470
0.78906 0.21094
0.63333 0.36667
0.98878 0.01122
0.25031 0.74969
0.28307 0.71693
0.99469 0.00531
0.99032 0.00968
0.97754 0.02246
0.97754 0.02246
0.31277 0.68723
0.36366 0.63634
0.36366 0.63634
0.29519 0.70481
0.57090 0.42910
0.57090 0.42910
0.56583 0.43417
0.42029 0.57971
0.89993 0.10007
0.56583 0.43417
0.42029 0.57971
0.89993 0.10007
0.56583 0.43417
0.42029 0.57971
0.89993 0.10007
0.10256 0.89744
0.10403 0.89597
0.11647 0.88353
0.10450 0.89550
0.16605 0.83395
0.41841 0.58159
0.20827 0.79173
0.52688 0.47312
0.57401 0.42599
0.68174 0.31826
0.60242 0.39758
0.99343 0.00657
0.55362 0.44638
0.24958 0.75042
0.59819 0.40181
0.73601 0.26399
0.80409 0.19591
0.98924 0.01076
0.99820 0.00180
0.99992 0.00008
0.72873 0.27127
0.99955 0.00045
0.77391 0.22609
0.99955 0.00045
0.77236 0.22764
0.97207 0.02793
0.96087 0.03913
0.84226 0.15774
0.96087 0.03913
0.55612 0.44388
0.27297 0.72703
0.11243 0.88757
0.58050 0.41950
0.96108 0.03892
0.99371 0.00629
0.97283 0.02717
0.58050 0.41950
0.96108 0.03892
0.19530 0.80470
0.15425 0.84575
0.19971 0.80029
0.48213 0.51787
0.47858 0.52142
0.20296 0.79704
0.99973 0.00027
0.99933 0.00067
0.32140 0.67860
0.38586 0.61414
0.32063 0.67937
0.99999 0.00001
1.00000 0.00000
0.99956 0.00044
0.99992 0.00008
0.31417 0.68583
0.97277 0.02723
0.95318 0.04682
0.25047 0.74953
0.99944 0.00056
0.23380 0.76620
0.87139 0.12861
0.99321 0.00679
0.99984 0.00016
0.99863 0.00137
0.93504 0.06496
0.99966 0.00034
0.99982 0.00018
0.93526 0.06474
0.93955 0.06045
0.99973 0.00027
0.25325 0.74675
0.72648 0.27352
0.86706 0.13294
0.74748 0.25252
0.80343 0.19657
0.82673 0.17327
0.83130 0.16870
0.73203 0.26797
0.76454 0.23546
0.63730 0.36270
0.95316 0.04684
0.96931 0.03069
0.77250 0.22750
0.96881 0.03119
0.60034 0.39966
0.26143 0.73857
0.67282 0.32718
0.94752 0.05248
0.09972 0.90028
0.50759 0.49241
0.76461 0.23539
0.23541 0.76459
0.27343 0.72657
0.73447 0.26553
0.17716 0.82284
0.21873 0.78127
0.99988 0.00012
0.16147 0.83853
0.21438 0.78562
0.16181 0.83819
0.66094 0.33906
0.30250 0.69750
0.60971 0.39029
0.99842 0.00158
0.32929 0.67071
0.81207 0.18793
0.87056 0.12944
0.99987 0.00013
0.99362 0.00638
0.73007 0.26993
0.30419 0.69581
0.50706 0.49294
0.62482 0.37518
0.68071 0.31929
0.56137 0.43863
0.08322 0.91678
0.21614 0.78386
0.20063 0.79937
0.71568 0.28432
0.95552 0.04448
0.93574 0.06426
0.69663 0.30337
0.39711 0.60289
0.99992 0.00008
0.08562 0.91438
0.16808 0.83192
0.16137 0.83863
0.33715 0.66285
0.10717 0.89283
0.09529 0.90471
0.99065 0.00935
0.04497 0.95503
0.13641 0.86359
0.80406 0.19594
0.12177 0.87823
0.11477 0.88523
0.83652 0.16348
0.99999 0.00001
0.81225 0.18775
0.88051 0.11949
0.94459 0.05541
0.89275 0.10725
0.89792 0.10208
0.81277 0.18723
0.99941 0.00059
0.83187 0.16813
0.89792 0.10208
0.81277 0.18723
0.44038 0.55962
0.37810 0.62190
0.38095 0.61905
0.21425 0.78575
0.96600 0.03400
0.26069 0.73931
0.99110 0.00890
0.28296 0.71704
0.28789 0.71211
0.98017 0.01983
0.48689 0.51311
0.36441 0.63559
0.42287 0.57713
0.36818 0.63182
0.45286 0.54714
0.36818 0.63182
0.42684 0.57316
0.14376 0.85624
0.99979 0.00021
0.29335 0.70665
0.33457 0.66543
0.98975 0.01025
0.96995 0.03005
0.37675 0.62325
0.47076 0.52924
0.78094 0.21906
0.44772 0.55228
0.24579 0.75421
0.20198 0.79802
0.78132 0.21868
0.81794 0.18206
0.71227 0.28773
0.37652 0.62348
0.80697 0.19303
0.14808 0.85192
0.70963 0.29037
0.16244 0.83756
0.53673 0.46327
0.53673 0.46327
0.24512 0.75488
0.58594 0.41406
0.58244 0.41756
0.93092 0.06908
0.84720 0.15280
0.73357 0.26643
0.93092 0.06908
0.28287 0.71713
0.74430 0.25570
0.67307 0.32693
0.85729 0.14271
0.40719 0.59281
0.45150 0.54850
0.46151 0.53849
0.54252 0.45748
0.54252 0.45748
0.37864 0.62136
0.37864 0.62136
0.44335 0.55665
0.44335 0.55665
0.42595 0.57405
0.42595 0.57405
0.49703 0.50297
0.56335 0.43665
0.42364 0.57636
0.51118 0.48882
0.48187 0.51813
0.49163 0.50837
0.57524 0.42476
0.55101 0.44899
0.42223 0.57777
0.42223 0.57777
0.95104 0.04896
0.68774 0.31226
0.73893 0.26107
0.61278 0.38722
0.44062 0.55938
0.49862 0.50138
0.13349 0.86651
0.26595 0.73405
0.17208 0.82792
0.17208 0.82792
0.65635 0.34365
0.65635 0.34365
0.18637 0.81363
0.18637 0.81363
0.18941 0.81059
0.58160 0.41840
0.46294 0.53706
0.83360 0.16640
0.83360 0.16640
0.93758 0.06242
0.87074 0.12926
0.42150 0.57850
0.32016 0.67984
0.68007 0.31993
0.67094 0.32906
0.29254 0.70746
0.28966 0.71034
0.87581 0.12419
0.42624 0.57376
0.85381 0.14619
0.99845 0.00155
0.91273 0.08727
0.40432 0.59568
0.88516 0.11484
0.30580 0.69420
0.89840 0.10160
0.99923 0.00077
0.94363 0.05637
0.38817 0.61183
0.37225 0.62775
0.34765 0.65235
0.36343 0.63657
0.92323 0.07677
0.82456 0.17544
0.82456 0.17544
0.82456 0.17544
0.82456 0.17544
0.84103 0.15897
0.87512 0.12488
0.84103 0.15897
0.87512 0.12488
0.07578 0.92422
0.95170 0.04830
0.99674 0.00326
0.36136 0.63864
0.75928 0.24072
0.74960 0.25040
0.49342 0.50658
0.58257 0.41743
0.57600 0.42400
0.58257 0.41743
0.72279 0.27721
0.56119 0.43881
0.56119 0.43881
0.56721 0.43279
0.56721 0.43279
0.69525 0.30475
0.69217 0.30783
0.69525 0.30475
0.69217 0.30783
0.11533 0.88467
0.51113 0.48887
0.52837 0.47163
0.37817 0.62183
0.34300 0.65700
0.14144 0.85856
0.13674 0.86326
0.79796 0.20204
0.84654 0.15346
0.15828 0.84172
0.95525 0.04475
0.45438 0.54562
0.29570 0.70430
0.40548 0.59452
0.25704 0.74296
0.19322 0.80678
0.18136 0.81864
0.19493 0.80507
0.18573 0.81427
0.99516 0.00484
0.99225 0.00775
0.75456 0.24544
0.92280 0.07720
0.97890 0.02110
0.97890 0.02110
0.97911 0.02089
0.97911 0.02089
0.16692 0.83308
0.28522 0.71478
0.79817 0.20183
0.87205 0.12795
0.58026 0.41974
0.40021 0.59979
0.82518 0.17482
0.71708 0.28292
0.82518 0.17482
0.29749 0.70251
0.21151 0.78849
0.55226 0.44774
0.39549 0.60451
0.98199 0.01801
0.17605 0.82395
0.19855 0.80145
0.20327 0.79673
0.33923 0.66077
0.39157 0.60843
0.39498 0.60502
0.57916 0.42084
0.66554 0.33446
0.71157 0.28843
0.94964 0.05036
0.89139 0.10861
0.50433 0.49567
0.25710 0.74290
0.75537 0.24463
0.72008 0.27992
0.40042 0.59958
0.88339 0.11661
0.20650 0.79350
0.76903 0.23097
0.61832 0.38168
0.70289 0.29711
0.94649 0.05351
0.94649 0.05351
0.54229 0.45771
0.34867 0.65133
0.74507 0.25493
0.54229 0.45771
0.74507 0.25493
0.98661 0.01339
0.99640 0.00360
0.43492 0.56508
0.98661 0.01339
0.43492 0.56508
0.45186 0.54814
0.99739 0.00261
0.94646 0.05354
0.99888 0.00112
0.94629 0.05371
0.90201 0.09799
0.99495 0.00505
0.76677 0.23323
0.67084 0.32916
0.99444 0.00556
0.69434 0.30566
0.68195 0.31805
0.55977 0.44023
0.82372 0.17628
0.82372 0.17628
0.78927 0.21073
0.86656 0.13344
0.88899 0.11101
0.17626 0.82374
0.89021 0.10979
0.85709 0.14291
0.94835 0.05165
0.99565 0.00435
0.94812 0.05188
0.80527 0.19473
0.99983 0.00017
0.16939 0.83061
0.83317 0.16683
0.16596 0.83404
0.96308 0.03692
0.88817 0.11183
0.46330 0.53670
0.92020 0.07980
0.99138 0.00862
0.91230 0.08770
0.99135 0.00865
0.99138 0.00862
0.91230 0.08770
0.99135 0.00865
0.99841 0.00159
0.89217 0.10783
0.99842 0.00158
0.99841 0.00159
0.89217 0.10783
0.99842 0.00158
0.96768 0.03232
0.17493 0.82507
0.86864 0.13136
0.91353 0.08647
0.09584 0.90416
0.98330 0.01670
0.98972 0.01028
0.97998 0.02002
0.98594 0.01406
0.71696 0.28304
0.97850 0.02150
0.26307 0.73693
0.98332 0.01668
0.86579 0.13421
0.99782 0.00218
0.88873 0.11127
0.88873 0.11127
0.52350 0.47650
0.53979 0.46021
0.14274 0.85726
0.89856 0.10144
0.99537 0.00463
0.82930 0.17070
0.12754 0.87246
0.12694 0.87306
0.72497 0.27503
0.12981 0.87019
0.14476 0.85524
0.14178 0.85822
0.06522 0.93478
0.21382 0.78618
0.15193 0.84807
0.76866 0.23134
0.26479 0.73521
0.99970 0.00030
0.99968 0.00032
0.99968 0.00032
0.99968 0.00032
0.99693 0.00307
0.79613 0.20387
0.90574 0.09426
0.93948 0.06052
0.86439 0.13561
0.45210 0.54790
0.25783 0.74217
0.24013 0.75987
0.25855 0.74145
0.17065 0.82935
0.18224 0.81776
0.41689 0.58311
0.69486 0.30514
0.23514 0.76486
0.39162 0.60838
0.99101 0.00899
0.99148 0.00852
0.99939 0.00061
0.99939 0.00061
0.99940 0.00060
0.99940 0.00060
0.99964 0.00036
0.99964 0.00036
0.99963 0.00037
0.86341 0.13659
0.39251 0.60749
0.99972 0.00028
0.51903 0.48097
0.99972 0.00028
0.99350 0.00650
0.99379 0.00621
0.99379 0.00621
0.14229 0.85771
0.22588 0.77412
0.25872 0.74128
0.10768 0.89232
0.62329 0.37671
0.46126 0.53874
0.85844 0.14156
0.18993 0.81007
0.62916 0.37084
0.30765 0.69235
0.96619 0.03381
0.97332 0.02668
0.43702 0.56298
0.27928 0.72072
0.27713 0.72287
0.99642 0.00358
0.82382 0.17618
0.12379 0.87621
0.96049 0.03951
0.12464 0.87536
0.17508 0.82492
0.30119 0.69881
0.25022 0.74978
0.36629 0.63371
0.92063 0.07937
0.26532 0.73468
0.67201 0.32799
0.45376 0.54624
0.95802 0.04198
0.97580 0.02420
0.95431 0.04569
0.98371 0.01629
0.96905 0.03095
0.99266 0.00734
0.16325 0.83675
0.99228 0.00772
0.99228 0.00772
0.99228 0.00772
0.98970 0.01030
0.98970 0.01030
0.98970 0.01030
0.22515 0.77485
0.35349 0.64651
0.99944 0.00056
0.95786 0.04214
0.99790 0.00210
0.96668 0.03332
0.84820 0.15180
0.95333 0.04667
0.99790 0.00210
0.96668 0.03332
0.88299 0.11701
0.59775 0.40225
0.14847 0.85153
0.98491 0.01509
0.99622 0.00378
0.97372 0.02628
0.99553 0.00447
0.18904 0.81096
0.31257 0.68743
0.52239 0.47761
0.77627 0.22373
0.81353 0.18647
0.37452 0.62548
0.24401 0.75599
0.28992 0.71008
0.28345 0.71655
0.28345 0.71655
0.30021 0.69979
0.30021 0.69979
0.36140 0.63860
0.96173 0.03827
0.97230 0.02770
0.58769 0.41231
0.74908 0.25092
0.96715 0.03285
0.16134 0.83866
0.71060 0.28940
0.99852 0.00148
0.99995 0.00005
0.63043 0.36957
0.97669 0.02331
0.97669 0.02331
0.97669 0.02331
0.85683 0.14317
0.85683 0.14317
0.85683 0.14317
0.97669 0.02331
0.97669 0.02331
0.97669 0.02331
0.97669 0.02331
0.97669 0.02331
0.97669 0.02331
0.94896 0.05104
0.99525 0.00475
0.61562 0.38438
0.99929 0.00071
0.99288 0.00712
0.62545 0.37455
0.59200 0.40800
0.78549 0.21451
0.68890 0.31110
0.99982 0.00018
0.52455 0.47545
0.99982 0.00018
0.09508 0.90492
0.98960 0.01040
0.98515 0.01485
0.44712 0.55288
0.44775 0.55225
0.44835 0.55165
0.12978 0.87022
0.25415 0.74585
0.40204 0.59796
0.31860 0.68140
0.38495 0.61505
0.04685 0.95315
0.70290 0.29710
0.85353 0.14647
0.12322 0.87678
0.26096 0.73904
0.99902 0.00098
0.96834 0.03166
0.98833 0.01167
0.83218 0.16782
0.99527 0.00473
0.99709 0.00291
0.99803 0.00197
0.44938 0.55062
0.26943 0.73057
0.15374 0.84626
0.15374 0.84626
0.15605 0.84395
0.30196 0.69804
0.26072 0.73928
0.36662 0.63338
0.36662 0.63338
0.96839 0.03161
0.92222 0.07778
0.92376 0.07624
0.89136 0.10864
0.89341 0.10659
0.94020 0.05980
0.94175 0.05825
0.22749 0.77251
0.22749 0.77251
0.13518 0.86482
0.95225 0.04775
0.99487 0.00513
0.26952 0.73048
0.49004 0.50996
0.15050 0.84950
0.14458 0.85542
0.15050 0.84950
0.14458 0.85542
0.15546 0.84454
0.23179 0.76821
0.09528 0.90472
0.17429 0.82571
0.18625 0.81375
0.19839 0.80161
0.24830 0.75170
0.24830 0.75170
0.33529 0.66471
0.33240 0.66760
0.99312 0.00688
0.78058 0.21942
0.52897 0.47103
0.79725 0.20275
0.57770 0.42230
0.57770 0.42230
0.80573 0.19427
0.58989 0.41011
0.58989 0.41011
0.18782 0.81218
0.41911 0.58089
0.43287 0.56713
0.27543 0.72457
0.42450 0.57550
0.36688 0.63312
0.36688 0.63312
0.23905 0.76095
0.53470 0.46530
0.18953 0.81047
0.14347 0.85653
0.06935 0.93065
0.11617 0.88383
0.96247 0.03753
0.99130 0.00870
0.25026 0.74974
0.81973 0.18027
0.10050 0.89950
0.98266 0.01734
0.99939 0.00061
0.99868 0.00132
0.99997 0.00003
0.99912 0.00088
0.06208 0.93792
0.26954 0.73046
0.13157 0.86843
0.74196 0.25804
0.18988 0.81012
0.40640 0.59360
0.97737 0.02263
0.99501 0.00499
0.99657 0.00343
0.99657 0.00343
0.03636 0.96364
0.43883 0.56117
0.72338 0.27662
0.33921 0.66079
0.99942 0.00058
0.76451 0.23549
0.79347 0.20653
0.99989 0.00011
0.99986 0.00014
0.99990 0.00010
0.40154 0.59846
0.99921 0.00079
0.36781 0.63219
0.99910 0.00090
0.39364 0.60636
0.99917 0.00083
0.40855 0.59145
0.99929 0.00071
0.41858 0.58142
0.61975 0.38025
0.23250 0.76750
0.89837 0.10163
0.83008 0.16992
0.84901 0.15099
0.91270 0.08730
0.91165 0.08835
0.90218 0.09782
0.96087 0.03913
0.96142 0.03858
0.95678 0.04322
0.96255 0.03745
0.95936 0.04064
0.95936 0.04064
0.91983 0.08017
0.91413 0.08587
0.91413 0.08587
0.12151 0.87849
0.90242 0.09758
0.46115 0.53885
0.94361 0.05639
0.36862 0.63138
0.97979 0.02021
0.90072 0.09928
0.96097 0.03903
0.94929 0.05071
0.22218 0.77782
0.30002 0.69998
0.75133 0.24867
0.92157 0.07843
0.80041 0.19959
0.10714 0.89286
0.10091 0.89909
0.10818 0.89182
0.10714 0.89286
0.10091 0.89909
0.10818 0.89182
0.99683 0.00317
0.34414 0.65586
0.40309 0.59691
0.37017 0.62983
0.99781 0.00219
0.75024 0.24976
0.64878 0.35122
0.99892 0.00108
0.60873 0.39127
0.71343 0.28657
0.99657 0.00343
0.99896 0.00104
0.58923 0.41077
0.99859 0.00141
0.99554 0.00446
0.84991 0.15009
0.99664 0.00336
0.45162 0.54838
0.50477 0.49523
0.46741 0.53259
0.99664 0.00336
0.99375 0.00625
0.98663 0.01337
0.99375 0.00625
0.98644 0.01356
0.99975 0.00025
0.51565 0.48435
0.42364 0.57636
0.51565 0.48435
0.42204 0.57796
0.67853 0.32147
0.45927 0.54073
0.36885 0.63115
0.45927 0.54073
0.36715 0.63285
0.62741 0.37259
0.99375 0.00625
0.98663 0.01337
0.99375 0.00625
0.98644 0.01356
0.99975 0.00025
0.47563 0.52437
0.38486 0.61514
0.47563 0.52437
0.38291 0.61709
0.64265 0.35735
0.99995 0.00005
0.99921 0.00079
0.99988 0.00012
0.60339 0.39661
0.87331 0.12669
0.96346 0.03654
0.96049 0.03951
0.78682 0.21318
0.78682 0.21318
0.96049 0.03951
0.96419 0.03581
0.96132 0.03868
0.78863 0.21137
0.78863 0.21137
0.96132 0.03868
0.95568 0.04432
0.95262 0.04738
0.76404 0.23596
0.76404 0.23596
0.95262 0.04738
0.41095 0.58905
0.99194 0.00806
0.38378 0.61622
0.38378 0.61622
0.99194 0.00806
0.99218 0.00782
0.91536 0.08464
0.90557 0.09443
0.90557 0.09443
0.91536 0.08464
0.99347 0.00653
0.92814 0.07186
0.42020 0.57980
0.42020 0.57980
0.92814 0.07186
0.99347 0.00653
0.92814 0.07186
0.42020 0.57980
0.42020 0.57980
0.92814 0.07186
0.96122 0.03878
0.16736 0.83264
0.07543 0.92457
0.21323 0.78677
0.13705 0.86295
0.11205 0.88795
0.21810 0.78190
0.37375 0.62625
0.36241 0.63759
0.45878 0.54122
0.47840 0.52160
0.11659 0.88341
0.31034 0.68966
0.26340 0.73660
0.34058 0.65942
0.25477 0.74523
0.12327 0.87673
0.22053 0.77947
0.22358 0.77642
0.21464 0.78536
0.45948 0.54052
0.78410 0.21590
0.98533 0.01467
0.69201 0.30799
0.97515 0.02485
0.78410 0.21590
0.98533 0.01467
0.69201 0.30799
0.97515 0.02485
0.79771 0.20229
0.95142 0.04858
0.79771 0.20229
0.95142 0.04858
0.71425 0.28575
0.92275 0.07725
0.81018 0.18983
0.95142 0.04858
0.96858 0.03142
0.88547 0.11453
0.96858 0.03142
0.88547 0.11453
0.94945 0.05055
0.82704 0.17296
0.68167 0.31833
0.63219 0.36781
0.91224 0.08776
0.68167 0.31833
0.63219 0.36781
0.91224 0.08776
0.59890 0.40110
0.54514 0.45486
0.87433 0.12567
0.98224 0.01776
0.27497 0.72503
0.35522 0.64478
0.52213 0.47787
0.27571 0.72429
0.59490 0.40510
0.29701 0.70299
0.99713 0.00287
0.99719 0.00281
0.30937 0.69063
0.98776 0.01224
0.79220 0.20780
0.99440 0.00560
0.31109 0.68891
0.99878 0.00122
0.98651 0.01349
0.99734 0.00266
0.80352 0.19648
0.97842 0.02158
0.98619 0.01381
0.81458 0.18542
0.61877 0.38123
0.69406 0.30594
0.20048 0.79952
0.12009 0.87991
0.13753 0.86247
0.99279 0.00721
0.99279 0.00721
0.99279 0.00721
0.27826 0.72174
0.32394 0.67606
0.27826 0.72174
0.32394 0.67606
0.27826 0.72174
0.32394 0.67606
0.27826 0.72174
0.32394 0.67606
0.73529 0.26471
0.79883 0.20117
0.73529 0.26471
0.79883 0.20117
0.27826 0.72174
0.32394 0.67606
0.27826 0.72174
0.32394 0.67606
0.42799 0.57201
0.91384 0.08616
0.42799 0.57201
0.20019 0.79981
0.85218 0.14782
0.17261 0.82739
0.19706 0.80294
0.78501 0.21499
0.77447 0.22553
0.25499 0.74501
0.91847 0.08153
0.19384 0.80616
0.73060 0.26940
0.24614 0.75386
0.97568 0.02432
0.99681 0.00319
0.69434 0.30566
0.68515 0.31485
0.21549 0.78451
0.68515 0.31485
0.21549 0.78451
0.82234 0.17766
0.90384 0.09616
0.47132 0.52868
0.50357 0.49643
0.29705 0.70295
0.45845 0.54155
0.49063 0.50937
0.73748 0.26252
0.57131 0.42869
0.39958 0.60042
0.39958 0.60042
0.39958 0.60042
0.39958 0.60042
0.68404 0.31596
0.26227 0.73773
0.37908 0.62092
0.29286 0.70714
0.19168 0.80832
0.17311 0.82689
0.80792 0.19208
0.62391 0.37609
0.21252 0.78748
0.31394 0.68606
0.23947 0.76053
0.58099 0.41901
0.41883 0.58117
0.38302 0.61698
0.20619 0.79381
0.96176 0.03824
0.25542 0.74458
0.30159 0.69841
0.93858 0.06142
0.87710 0.12290
0.24411 0.75589
0.21380 0.78620
0.12019 0.87981
0.50524 0.49476
0.19543 0.80457
0.73099 0.26901
0.66053 0.33947
0.14843 0.85157
0.13179 0.86821
0.61176 0.38824
0.13002 0.86998
0.14662 0.85338
0.57516 0.42484
0.12778 0.87222
0.10000 0.90000
0.48235 0.51765
0.32705 0.67295
0.48235 0.51765
0.32705 0.67295
0.17272 0.82728
0.24896 0.75104
0.40632 0.59368
0.55471 0.44529
0.57483 0.42517
0.55261 0.44739
0.71137 0.28863
0.22175 0.77825
0.41176 0.58824
0.64486 0.35514
0.41176 0.58824
0.64486 0.35514
0.98408 0.01592
0.70820 0.29180
0.98409 0.01591
0.84774 0.15226
0.84672 0.15328
0.52274 0.47726
0.52167 0.47833
0.52274 0.47726
0.52167 0.47833
0.52274 0.47726
0.52274 0.47726
0.92465 0.07535
0.92495 0.07505
0.54097 0.45903
0.98474 0.01526
0.21898 0.78102
0.63646 0.36354
0.51908 0.48092
0.54797 0.45203
0.99638 0.00362
0.32993 0.67007
0.31940 0.68060
0.29388 0.70612
0.24475 0.75525
0.69877 0.30123
0.14132 0.85868
0.15534 0.84466
0.16078 0.83922
0.39550 0.60450
0.19742 0.80258
0.82630 0.17370
0.51711 0.48289
0.60839 0.39161
0.15566 0.84434
0.15566 0.84434
0.15566 0.84434
0.16013 0.83987
0.16013 0.83987
0.16013 0.83987
0.21596 0.78404
0.21596 0.78404
0.21596 0.78404
0.98504 0.01496
0.96002 0.03998
0.98556 0.01444
0.31836 0.68164
0.29480 0.70520
0.99902 0.00098
0.31014 0.68986
0.96152 0.03848
0.92622 0.07378
0.34920 0.65080
0.35362 0.64638
0.99404 0.00596
0.99764 0.00236
0.95848 0.04152
0.99649 0.00351
0.99824 0.00176
0.99987 0.00013
0.92653 0.07347
0.97412 0.02588
0.18928 0.81072
0.45274 0.54726
0.09134 0.90866
0.21776 0.78224
0.25108 0.74892
0.99629 0.00371
0.99725 0.00275
0.10787 0.89213
0.57529 0.42471
0.88108 0.11892
0.99990 0.00010
0.99872 0.00128
0.90978 0.09022
0.17839 0.82161
0.59511 0.40489
0.89364 0.10636
0.14377 0.85623
0.86733 0.13267
0.35636 0.64364
0.33369 0.66631
0.36919 0.63081
0.35151 0.64849
0.37096 0.62904
0.51070 0.48930
0.49358 0.50642
0.51070 0.48930
0.49358 0.50642
0.30087 0.69913
0.99945 0.00055
0.45298 0.54702
0.99941 0.00059
0.32375 0.67625
0.27616 0.72384
0.27616 0.72384
0.32521 0.67479
0.22866 0.77134
0.22499 0.77501
0.69017 0.30983
0.84783 0.15217
0.22751 0.77249
0.31478 0.68522
0.33745 0.66255
0.20087 0.79913
0.51882 0.48118
0.74461 0.25539
0.63219 0.36781
0.85330 0.14670
0.50604 0.49396
0.44072 0.55928
0.46245 0.53755
0.74483 0.25517
0.63176 0.36824
0.93126 0.06874
0.63176 0.36824
0.93123 0.06877
0.17072 0.82928
0.28519 0.71481
0.97277 0.02723
0.28519 0.71481
0.28519 0.71481
0.97267 0.02733
0.28519 0.71481
0.17575 0.82425
0.78189 0.21811
0.24261 0.75739
0.18731 0.81269
0.24674 0.75326
0.21153 0.78847
0.24261 0.75739
0.18731 0.81269
0.24674 0.75326
0.21153 0.78847
0.08599 0.91401
0.51383 0.48617
0.50032 0.49968
0.28406 0.71594
0.66833 0.33167
0.58412 0.41588
0.22268 0.77732
0.22268 0.77732
0.25557 0.74443
0.99848 0.00152
0.76246 0.23754
0.77034 0.22966
0.16822 0.83178
0.76617 0.23383
0.75924 0.24076
0.55842 0.44158
0.99938 0.00062
0.99938 0.00062
0.99995 0.00005
0.99951 0.00049
0.99951 0.00049
0.56184 0.43816
0.99896 0.00104
0.99903 0.00097
0.42839 0.57161
0.42908 0.57092
0.42908 0.57092
0.27139 0.72861
0.27237 0.72763
0.27237 0.72763
0.99706 0.00294
0.35935 0.64065
0.35935 0.64065
0.95829 0.04171
0.76637 0.23363
0.82988 0.17012
0.99531 0.00469
0.16538 0.83462
0.13887 0.86113
0.20207 0.79793
0.20620 0.79380
0.87178 0.12822
0.94942 0.05058
0.99957 0.00043
0.98789 0.01211
0.99513 0.00487
0.33257 0.66743
0.36332 0.63668
0.98376 0.01624
0.38794 0.61206
0.19168 0.80832
0.97509 0.02491
0.99526 0.00474
0.99458 0.00542
0.72995 0.27005
0.72917 0.27083
0.85891 0.14109
0.99168 0.00832
0.79924 0.20076
0.74985 0.25015
0.99033 0.00967
0.74985 0.25015
0.98936 0.01064
0.98936 0.01064
0.98936 0.01064
0.68905 0.31095
0.70632 0.29368
0.84920 0.15080
0.84920 0.15080
0.70500 0.29500
0.82881 0.17119
0.21078 0.78922
0.30663 0.69337
0.29313 0.70687
0.44168 0.55832
0.38624 0.61376
0.95301 0.04699
0.58327 0.41673
0.58327 0.41673
0.95699 0.04301
0.16006 0.83994
0.22242 0.77758
0.80545 0.19455
0.99993 0.00007
0.90613 0.09387
0.35006 0.64994
0.72491 0.27509
0.26838 0.73162
0.99854 0.00146
0.79835 0.20165
0.91453 0.08547
0.99982 0.00018
0.65918 0.34082
0.10508 0.89492
0.54194 0.45806
0.17111 0.82889
0.99880 0.00120
0.99992 0.00008
0.99880 0.00120
0.99992 0.00008
0.99915 0.00085
0.26848 0.73152
0.66824 0.33176
0.75220 0.24780
0.77396 0.22604
0.80719 0.19281
0.85291 0.14709
0.86879 0.13121
0.65965 0.34035
0.73238 0.26762
0.75404 0.24596
0.91100 0.08900
0.19842 0.80158
0.99884 0.00116
0.31210 0.68790
0.79547 0.20453
0.37554 0.62446
0.32571 0.67429
0.37554 0.62446
0.32571 0.67429
0.21747 0.78253
0.17850 0.82150
0.17219 0.82781
0.98437 0.01563
0.78560 0.21440
0.35449 0.64551
0.98437 0.01563
0.78560 0.21440
0.35449 0.64551
0.71600 0.28400
0.25085 0.74915
0.31837 0.68163
0.74156 0.25844
0.31837 0.68163
0.74156 0.25844
0.99351 0.00649
0.63272 0.36728
0.09307 0.90693
0.09572 0.90428
0.08863 0.91137
0.16487 0.83513
0.81334 0.18666
0.97285 0.02715
0.21503 0.78497
0.64053 0.35947
0.83601 0.16399
0.76510 0.23490
0.19543 0.80457
0.69017 0.30983
0.99785 0.00215
0.32316 0.67684
0.16512 0.83488
0.99901 0.00099
0.99958 0.00042
0.84648 0.15352
0.97485 0.02515
0.48414 0.51586
0.97485 0.02515
0.97485 0.02515
0.26703 0.73297
0.98801 0.01199
0.99681 0.00319
0.98801 0.01199
0.98747 0.01253
0.80844 0.19156
0.20994 0.79006
0.85647 0.14353
0.62135 0.37865
0.69956 0.30044
0.64381 0.35619
0.95187 0.04813
0.63867 0.36133
0.35204 0.64796
0.93339 0.06661
0.84584 0.15416
0.93574 0.06426
0.99429 0.00571
0.99851 0.00149
0.85332 0.14668
0.89159 0.10841
0.52422 0.47578
0.88859 0.11141
0.52422 0.47578
0.88859 0.11141
0.99998 0.00002
0.29897 0.70103
0.94962 0.05038
0.46259 0.53741
0.49959 0.50041
0.94747 0.05253
0.99989 0.00011
0.80151 0.19849
0.99955 0.00045
0.84410 0.15590
0.38158 0.61842
0.24249 0.75751
0.41325 0.58675
0.98570 0.01430
0.55422 0.44578
0.99314 0.00686
0.54737 0.45263
0.15212 0.84788
0.63138 0.36862
0.09871 0.90129
0.93474 0.06526
0.95006 0.04994
0.08571 0.91429
0.99366 0.00634
0.99825 0.00175
0.99346 0.00654
0.32336 0.67664
0.34282 0.65718
0.94451 0.05549
0.18616 0.81384
0.47841 0.52159
0.99903 0.00097
0.99116 0.00884
0.99817 0.00183
0.98584 0.01416
0.30132 0.69868
0.85753 0.14247
0.99713 0.00287
0.41617 0.58383
0.99953 0.00047
0.99924 0.00076
0.99979 0.00021
0.99924 0.00076
0.99979 0.00021
0.99955 0.00045
0.96871 0.03129
0.67108 0.32892
0.89416 0.10584
0.59363 0.40637
0.75472 0.24528
0.27469 0.72531
0.93719 0.06281
0.16395 0.83605
0.88024 0.11976
0.87665 0.12335
0.91882 0.08118
0.22209 0.77791
0.86617 0.13383
0.99996 0.00004
0.50916 0.49084
0.74071 0.25929
0.80768 0.19232
0.74071 0.25929
0.74082 0.25918
0.23848 0.76152
0.12160 0.87840
0.21674 0.78326
0.19014 0.80986
0.97856 0.02144
0.15826 0.84174
0.13870 0.86130
0.43486 0.56514
0.34987 0.65013
0.97498 0.02502
0.50293 0.49707
0.98942 0.01058
0.34746 0.65254
0.32067 0.67933
0.28559 0.71441
0.17660 0.82340
0.26833 0.73167
0.26230 0.73770
0.19322 0.80678
0.37852 0.62148
0.16995 0.83005
0.72409 0.27591
0.22822 0.77178
0.99019 0.00981
0.99990 0.00010
0.99557 0.00443
0.90030 0.09970
0.84808 0.15192
0.41363 0.58637
0.20086 0.79914
0.15925 0.84075
0.78859 0.21141
0.15681 0.84319
0.63577 0.36423
0.68435 0.31565
0.45914 0.54086
0.98835 0.01165
0.83154 0.16846
0.99044 0.00956
0.26052 0.73948
0.97720 0.02280
0.16028 0.83972
0.16743 0.83257
0.18906 0.81094
0.16743 0.83257
0.18906 0.81094
0.48293 0.51707
0.48293 0.51707
0.99427 0.00573
0.99892 0.00108
0.96864 0.03136
0.48293 0.51707
0.48293 0.51707
0.48293 0.51707
0.99427 0.00573
0.99892 0.00108
0.96864 0.03136
0.48293 0.51707
0.30748 0.69252
0.99095 0.00905
0.99090 0.00910
0.30748 0.69252
0.30748 0.69252
0.99095 0.00905
0.99090 0.00910
0.30748 0.69252
0.99027 0.00973
0.31295 0.68705
0.39210 0.60790
0.94904 0.05096
0.95370 0.04630
0.15562 0.84438
0.15489 0.84511
0.29223 0.70777
0.81369 0.18631
0.78151 0.21849
0.86268 0.13732
0.79431 0.20569
0.31296 0.68704
0.41722 0.58278
0.39845 0.60155
0.99051 0.00949
0.39845 0.60155
0.41368 0.58632
0.99051 0.00949
0.34067 0.65933
0.34067 0.65933
0.84516 0.15484
0.30843 0.69157
0.67974 0.32026
0.91494 0.08506
0.43428 0.56572
0.48061 0.51939
0.62376 0.37624
0.10784 0.89216
0.19081 0.80919
0.87269 0.12731
0.13134 0.86866
0.30576 0.69424
0.68284 0.31716
0.65369 0.34631
0.99857 0.00143
0.99721 0.00279
0.98647 0.01353
0.99825 0.00175
0.99662 0.00338
0.99596 0.00404
0.98977 0.01023
0.97797 0.02203
0.34462 0.65538
0.30002 0.69998
0.96798 0.03202
0.96798 0.03202
0.93429 0.06571
0.93429 0.06571
0.99281 0.00719
0.98451 0.01549
0.98625 0.01375
0.41961 0.58039
0.35787 0.64213
0.75635 0.24365
0.78676 0.21324
0.66321 0.33679
0.67795 0.32205
0.64414 0.35586
0.15770 0.84230
0.98065 0.01935
0.23608 0.76392
0.99641 0.00359
0.29236 0.70764
0.15114 0.84886
0.08281 0.91719
0.12864 0.87136
0.36946 0.63054
0.18613 0.81387
0.97558 0.02442
0.88967 0.11033
0.89880 0.10120
0.10438 0.89562
0.14011 0.85989
0.74057 0.25943
0.31954 0.68046
0.98297 0.01703
0.99984 0.00016
0.80251 0.19749
0.94476 0.05524
0.28875 0.71125
0.89638 0.10362
0.94774 0.05226
0.59875 0.40125
0.50684 0.49316
0.97785 0.02215
0.99833 0.00167
0.38957 0.61043
0.99714 0.00286
0.10077 0.89923
0.32672 0.67328
0.99259 0.00741
0.99999 0.00001
1.00000 0.00000
0.97811 0.02189
0.99385 0.00615
0.99893 0.00107
0.87170 0.12830
0.08935 0.91065
0.35514 0.64486
0.12120 0.87880
0.97677 0.02323
0.08929 0.91071
0.99833 0.00167
0.99901 0.00099
0.23381 0.76619
0.31525 0.68475
0.99666 0.00334
0.99780 0.00220
0.99799 0.00201
0.93447 0.06553
0.96733 0.03267
0.16254 0.83746
0.15568 0.84432
0.99610 0.00390
0.38773 0.61227
0.92134 0.07866
0.14943 0.85057
0.35379 0.64621
0.98186 0.01814
0.23513 0.76487
0.27927 0.72073
0.57250 0.42750
0.38142 0.61858
0.57079 0.42921
0.50415 0.49585
0.77187 0.22813
0.98879 0.01121
0.93770 0.06230
0.97493 0.02507
0.99253 0.00747
0.97881 0.02119
