0.95208 0.04792
0.80704 0.19296
0.96276 0.03724
0.39239 0.60761
0.39097 0.60903
0.74763 0.25237
0.18203 0.81797
0.20974 0.79026
0.84943 0.15057
0.05480 0.94520
0.08964 0.91036
0.36291 0.63709
0.14970 0.85030
0.58769 0.41231
0.08387 0.91613
0.26962 0.73038
0.89915 0.10085
0.51317 0.48683
0.34709 0.65291
0.50293 0.49707
0.63210 0.36790
0.63164 0.36836
0.08284 0.91716
0.05525 0.94475
0.29673 0.70327
0.40960 0.59040
0.99982 0.00018
0.97718 0.02282
0.99937 0.00063
0.35419 0.64581
0.98355 0.01645
0.55795 0.44205
0.53781 0.46219
0.63190 0.36810
0.99937 0.00063
0.99937 0.00063
0.99937 0.00063
0.94790 0.05210
0.99984 0.00016
0.99979 0.00021
0.99979 0.00021
0.99979 0.00021
0.94790 0.05210
0.99984 0.00016
0.99979 0.00021
0.99979 0.00021
0.99979 0.00021
0.99521 0.00479
0.99903 0.00097
0.99521 0.00479
0.99714 0.00286
0.99966 0.00034
0.99714 0.00286
0.99966 0.00034
0.98579 0.01421
0.68358 0.31642
0.68474 0.31526
0.08349 0.91651
0.86266 0.13734
0.99399 0.00601
0.21523 0.78477
0.71318 0.28682
0.10968 0.89032
0.62829 0.37171
0.19250 0.80750
0.19250 0.80750
0.99894 0.00106
0.99996 0.00004
0.64992 0.35008
0.16449 0.83551
0.16449 0.83551
0.13476 0.86524
0.32573 0.67427
0.80490 0.19510
0.29536 0.70464
0.47423 0.52577
0.88726 0.11274
0.26384 0.73616
0.90806 0.09194
0.43821 0.56179
0.66903 0.33097
0.17604 0.82396
0.69726 0.30274
0.26077 0.73923
0.31227 0.68773
0.26077 0.73923
0.15796 0.84204
0.23902 0.76098
0.12572 0.87428
0.21383 0.78617
0.10668 0.89332
0.41078 0.58922
0.23052 0.76948
0.41078 0.58922
0.23052 0.76948
0.77295 0.22705
0.33787 0.66213
0.81135 0.18865
0.43459 0.56541
0.42376 0.57624
0.58398 0.41602
0.19715 0.80285
0.12826 0.87174
0.17615 0.82385
0.13196 0.86804
0.17908 0.82092
0.38534 0.61466
0.51738 0.48262
0.50175 0.49825
0.49203 0.50797
0.59471 0.40529
0.11738 0.88262
0.99985 0.00015
0.32205 0.67795
0.99996 0.00004
0.99996 0.00004
0.81177 0.18823
0.83828 0.16172
0.59278 0.40722
0.99997 0.00003
0.99998 0.00002
0.99998 0.00002
0.10349 0.89651
0.99943 0.00057
0.99897 0.00103
0.17763 0.82237
0.23882 0.76118
0.14427 0.85573
0.22905 0.77095
0.12699 0.87301
0.11672 0.88328
0.18163 0.81837
0.14333 0.85667
0.14333 0.85667
0.15090 0.84910
0.15090 0.84910
0.15655 0.84345
0.27094 0.72906
0.25218 0.74782
0.25218 0.74782
0.22482 0.77518
0.37539 0.62461
0.37061 0.62939
0.41713 0.58287
0.22667 0.77333
0.23531 0.76469
0.29975 0.70025
0.31615 0.68385
0.40016 0.59984
0.40053 0.59947
0.42314 0.57687
0.25737 0.74263
0.33204 0.66796
0.28174 0.71826
0.93971 0.06029
0.97972 0.02028
0.58204 0.41796
0.12460 0.87540
0.22788 0.77212
0.22164 0.77836
0.22621 0.77379
0.22164 0.77836
0.22621 0.77379
0.34881 0.65119
0.83554 0.16446
0.56445 0.43555
0.16399 0.83601
0.30893 0.69107
0.96201 0.03799
0.29857 0.70143
0.30930 0.69070
0.96201 0.03799
0.96201 0.03799
0.96201 0.03799
0.32436 0.67564
0.88277 0.11723
0.26139 0.73861
0.20857 0.79143
0.89166 0.10834
0.93704 0.06296
0.99986 0.00014
0.67639 0.32361
0.94051 0.05949
0.08315 0.91685
0.99938 0.00062
0.15183 0.84817
0.99286 0.00714
0.99146 0.00854
0.45866 0.54134
0.58904 0.41096
0.71857 0.28143
0.12207 0.87793
0.27514 0.72486
0.64214 0.35786
0.96150 0.03850
0.20908 0.79092
0.99725 0.00275
0.06998 0.93002
0.15630 0.84370
0.92325 0.07675
0.85391 0.14609
0.38752 0.61248
0.35389 0.64611
0.99586 0.00414
0.99586 0.00414
0.99921 0.00079
0.99921 0.00079
0.76132 0.23868
0.76132 0.23868
0.38282 0.61718
0.94440 0.05560
0.99882 0.00118
0.98381 0.01619
0.85531 0.14469
0.53082 0.46918
0.54326 0.45674
0.95165 0.04835
0.99976 0.00024
0.99976 0.00024
0.83120 0.16880
0.83120 0.16880
0.62988 0.37012
0.29840 0.70160
0.08903 0.91097
0.35450 0.64550
0.26182 0.73818
0.17896 0.82104
0.27443 0.72557
0.22265 0.77735
0.62143 0.37857
0.56332 0.43668
0.68854 0.31146
0.99725 0.00275
0.99999 0.00001
0.99999 0.00001
0.99999 0.00001
0.95168 0.04832
0.77683 0.22317
0.47595 0.52405
0.26103 0.73897
0.47595 0.52405
0.47595 0.52405
0.26103 0.73897
0.47595 0.52405
0.46657 0.53343
0.78218 0.21782
0.83059 0.16941
0.16349 0.83651
0.16349 0.83651
0.20632 0.79368
0.79625 0.20375
0.95592 0.04408
0.99609 0.00391
0.69677 0.30323
0.39311 0.60689
0.98631 0.01369
0.16170 0.83830
0.97548 0.02452
0.61235 0.38765
0.98315 0.01685
0.51891 0.48109
0.82378 0.17622
0.96367 0.03633
0.81900 0.18100
0.72663 0.27337
0.80203 0.19797
0.14811 0.85189
0.96624 0.03376
0.07755 0.92245
0.13200 0.86800
0.12329 0.87671
0.34991 0.65009
0.99874 0.00126
0.22953 0.77047
0.99058 0.00942
0.43987 0.56013
0.42653 0.57347
0.98884 0.01116
0.42665 0.57335
0.41387 0.58613
0.90912 0.09088
0.96795 0.03205
0.96607 0.03393
0.99992 0.00008
0.99991 0.00009
0.99980 0.00020
0.99978 0.00022
0.99991 0.00009
0.99990 0.00010
0.90077 0.09923
0.98815 0.01185
0.97473 0.02527
0.07383 0.92617
0.07213 0.92787
0.94699 0.05301
0.94522 0.05478
0.18152 0.81848
0.31629 0.68371
0.92891 0.07109
0.31629 0.68371
0.92891 0.07109
0.35996 0.64004
0.88763 0.11237
0.99857 0.00143
0.12581 0.87419
0.22277 0.77723
0.21796 0.78204
0.20323 0.79677
0.82419 0.17581
0.84421 0.15579
0.44297 0.55703
0.96926 0.03074
0.94487 0.05513
0.90730 0.09270
0.99916 0.00084
0.98368 0.01632
0.91605 0.08395
0.99771 0.00229
0.95275 0.04725
0.82324 0.17676
0.89279 0.10721
0.99961 0.00039
0.95020 0.04980
0.89950 0.10050
0.94425 0.05575
0.99474 0.00526
0.96925 0.03075
0.61704 0.38296
0.94425 0.05575
0.99474 0.00526
0.96925 0.03075
0.61704 0.38296
0.99062 0.00938
0.98052 0.01948
0.99944 0.00056
0.99498 0.00502
0.99979 0.00021
0.99785 0.00215
0.70149 0.29851
0.61244 0.38756
0.75219 0.24781
0.79720 0.20280
0.79720 0.20280
0.77819 0.22181
0.98842 0.01158
0.98322 0.01678
0.98664 0.01336
0.98186 0.01814
0.96529 0.03471
0.31243 0.68757
0.53115 0.46885
0.46481 0.53519
0.53115 0.46885
0.46481 0.53519
0.48719 0.51280
0.82703 0.17297
0.48719 0.51280
0.82703 0.17297
0.75632 0.24368
0.27879 0.72121
0.98657 0.01343
0.46315 0.53685
0.94036 0.05964
0.36208 0.63792
0.24797 0.75203
0.85648 0.14352
0.61237 0.38763
0.42249 0.57751
0.33757 0.66243
0.31068 0.68932
0.33067 0.66933
0.33418 0.66582
0.32514 0.67486
0.89234 0.10766
0.89234 0.10766
0.61985 0.38015
0.61985 0.38015
0.17558 0.82442
0.17558 0.82442
0.14858 0.85142
0.96432 0.03568
0.15770 0.84230
0.96658 0.03342
0.70238 0.29762
0.70238 0.29762
0.70238 0.29762
0.98384 0.01616
0.98384 0.01616
0.98384 0.01616
0.70238 0.29762
0.70238 0.29762
0.70238 0.29762
0.70238 0.29762
0.70238 0.29762
0.70238 0.29762
0.21343 0.78657
0.61952 0.38048
0.66868 0.33132
0.27086 0.72914
0.99564 0.00436
0.34962 0.65038
0.90802 0.09198
0.25546 0.74454
0.15893 0.84107
0.99953 0.00047
0.99916 0.00084
0.99916 0.00084
0.52728 0.47272
0.52728 0.47272
0.81137 0.18863
0.41091 0.58909
0.92790 0.07210
0.59335 0.40665
0.95353 0.04647
0.75051 0.24949
0.75051 0.24949
0.78713 0.21287
0.77004 0.22996
0.78892 0.21108
0.99747 0.00253
0.49838 0.50162
0.54795 0.45205
0.93751 0.06249
0.96542 0.03458
0.99833 0.00167
0.41868 0.58132
0.46451 0.53549
0.99857 0.00143
0.45103 0.54897
0.49737 0.50263
0.38890 0.61110
0.49021 0.50979
0.21986 0.78014
0.38185 0.61815
0.19902 0.80098
0.21300 0.78700
0.98117 0.01883
0.89714 0.10286
0.99812 0.00188
0.97154 0.02846
0.99891 0.00109
0.98423 0.01577
0.98663 0.01337
0.15590 0.84410
0.09621 0.90379
0.15018 0.84982
0.14186 0.85814
0.68708 0.31292
0.99916 0.00084
0.97099 0.02901
0.99852 0.00148
0.18218 0.81782
0.19184 0.80816
0.12793 0.87207
0.13327 0.86673
0.24360 0.75640
0.80249 0.19751
0.24711 0.75289
0.26686 0.73314
0.19257 0.80743
0.19257 0.80743
0.67319 0.32681
0.66528 0.33472
0.71952 0.28048
0.62358 0.37642
0.69109 0.30891
0.68287 0.31713
0.73534 0.26466
0.64221 0.35779
0.99783 0.00217
0.99773 0.00227
0.99729 0.00271
0.99763 0.00237
0.99740 0.00260
0.99758 0.00242
0.99773 0.00227
0.99729 0.00271
0.99763 0.00237
0.99740 0.00260
0.99758 0.00242
0.99497 0.00503
0.99237 0.00763
0.97703 0.02297
0.97424 0.02576
0.51926 0.48074
0.99998 0.00002
0.99998 0.00002
0.92006 0.07994
0.99742 0.00258
0.80706 0.19294
0.99972 0.00028
0.88100 0.11900
0.99780 0.00220
0.90200 0.09800
0.68993 0.31007
0.68993 0.31007
0.68993 0.31007
0.84773 0.15227
0.81591 0.18409
0.98575 0.01425
0.86953 0.13047
0.85771 0.14229
0.99976 0.00024
0.94677 0.05323
0.92994 0.07006
0.06647 0.93353
0.88850 0.11150
0.99987 0.00013
0.93272 0.06728
0.67139 0.32861
0.16950 0.83050
0.95165 0.04835
0.99604 0.00396
0.21848 0.78152
0.13635 0.86365
0.15913 0.84087
0.25302 0.74698
0.07292 0.92708
0.45363 0.54637
0.98131 0.01869
0.93263 0.06737
0.99985 0.00015
0.97841 0.02159
0.97841 0.02159
0.19140 0.80860
0.75752 0.24248
0.99871 0.00129
0.93872 0.06128
0.78253 0.21747
0.98870 0.01130
0.98870 0.01130
0.98919 0.01081
0.98109 0.01891
0.98366 0.01634
0.95551 0.04449
0.12844 0.87156
0.99335 0.00665
0.34963 0.65037
0.96688 0.03312
0.99178 0.00822
0.98685 0.01315
0.72264 0.27736
0.95862 0.04138
0.12994 0.87006
0.95551 0.04449
0.12844 0.87156
0.99335 0.00665
0.34963 0.65037
0.98939 0.01061
0.99759 0.00241
0.99990 0.00010
0.44925 0.55075
0.62934 0.37066
0.67830 0.32170
0.99899 0.00101
0.76096 0.23904
0.99936 0.00064
0.82457 0.17543
0.99963 0.00037
0.68817 0.31183
0.99897 0.00103
0.38011 0.61989
0.38011 0.61989
0.38011 0.61989
0.38011 0.61989
0.99987 0.00013
0.72500 0.27500
0.13076 0.86924
0.63507 0.36493
0.52068 0.47932
0.26375 0.73625
0.95005 0.04995
0.27629 0.72371
0.99964 0.00036
0.19318 0.80682
0.29874 0.70126
0.26454 0.73546
0.90045 0.09955
0.38717 0.61283
0.35458 0.64542
0.30944 0.69056
0.29582 0.70418
0.26370 0.73630
0.26510 0.73490
0.37568 0.62432
0.42661 0.57339
0.39754 0.60246
0.42661 0.57339
0.39754 0.60246
0.99982 0.00018
0.99894 0.00106
0.98965 0.01035
0.99315 0.00685
0.99964 0.00036
0.99964 0.00036
0.92622 0.07378
0.94280 0.05720
0.82330 0.17670
0.82330 0.17670
0.84935 0.15065
0.88027 0.11973
0.87119 0.12881
0.87119 0.12881
0.89111 0.10889
0.99969 0.00031
0.99924 0.00076
0.99924 0.00076
0.86850 0.13150
0.89604 0.10396
0.99979 0.00021
0.99988 0.00012
0.68980 0.31020
0.68980 0.31020
0.99315 0.00685
0.84689 0.15311
0.87736 0.12264
0.99960 0.00040
0.99859 0.00141
0.25819 0.74181
0.85741 0.14259
0.38813 0.61187
0.99918 0.00082
0.33125 0.66875
0.91315 0.08685
0.79680 0.20320
0.59461 0.40539
0.22000 0.78000
0.22000 0.78000
0.48151 0.51849
0.48151 0.51849
0.99821 0.00179
0.99821 0.00179
0.61543 0.38457
0.61543 0.38457
0.87952 0.12048
0.98878 0.01122
0.71311 0.28689
0.13661 0.86339
0.65611 0.34389
0.36909 0.63091
0.87365 0.12635
0.22305 0.77695
0.65611 0.34389
0.36909 0.63091
0.85571 0.14429
0.21216 0.78784
0.65611 0.34389
0.36909 0.63091
0.63694 0.36306
0.99867 0.00133
0.20299 0.79701
0.20299 0.79701
0.17405 0.82595
0.17405 0.82595
0.77256 0.22744
0.77256 0.22744
0.72615 0.27385
0.85579 0.14421
0.81609 0.18391
0.50813 0.49187
0.50813 0.49187
0.30463 0.69537
0.42337 0.57663
0.98292 0.01708
0.99193 0.00807
0.48554 0.51446
0.99374 0.00626
0.99807 0.00193
0.99501 0.00499
0.57705 0.42295
0.39683 0.60317
0.99182 0.00818
0.41003 0.58997
0.60003 0.39997
0.99728 0.00272
0.21042 0.78958
0.32609 0.67391
0.12858 0.87142
0.99943 0.00057
0.08758 0.91242
0.10471 0.89529
0.50160 0.49840
0.27085 0.72915
0.98529 0.01471
0.99063 0.00937
0.56290 0.43710
0.98859 0.01141
0.70063 0.29937
0.56811 0.43189
0.76181 0.23819
0.99926 0.00074
0.99785 0.00215
0.86805 0.13195
0.98643 0.01357
0.99785 0.00215
0.99767 0.00233
0.99785 0.00215
0.75383 0.24617
0.99173 0.00827
0.73357 0.26643
0.99636 0.00364
0.42480 0.57520
0.98638 0.01362
0.99847 0.00153
0.99868 0.00132
0.83805 0.16195
0.59372 0.40628
0.99328 0.00672
0.99790 0.00210
0.99679 0.00321
0.60700 0.39300
0.74965 0.25035
0.48053 0.51947
0.99786 0.00214
0.70411 0.29589
0.09680 0.90320
0.09179 0.90821
0.23638 0.76362
0.10576 0.89424
0.36350 0.63650
0.54171 0.45829
0.29082 0.70918
0.54171 0.45829
0.50045 0.49955
0.12430 0.87570
0.38364 0.61636
0.23314 0.76686
0.61197 0.38803
0.11282 0.88718
0.12682 0.87318
0.45341 0.54659
0.67962 0.32038
0.71070 0.28930
0.10087 0.89913
0.21640 0.78360
0.66258 0.33742
0.99186 0.00814
0.98299 0.01701
0.85065 0.14935
0.84558 0.15442
0.93834 0.06166
0.71704 0.28296
0.99629 0.00371
0.99521 0.00479
0.86904 0.13096
0.90829 0.09171
0.91736 0.08264
0.99996 0.00004
0.94561 0.05439
0.99946 0.00054
0.99946 0.00054
0.99955 0.00045
0.99448 0.00552
0.99448 0.00552
0.99960 0.00040
0.99960 0.00040
0.99960 0.00040
0.99960 0.00040
0.99986 0.00014
0.99986 0.00014
0.99957 0.00043
0.99957 0.00043
0.99993 0.00007
0.57100 0.42900
0.99993 0.00007
0.99976 0.00024
0.05854 0.94146
0.18267 0.81733
0.16206 0.83794
0.17649 0.82351
0.21415 0.78585
0.05926 0.94074
0.06226 0.93774
0.30617 0.69383
0.94430 0.05570
0.39786 0.60214
0.19182 0.80818
0.82671 0.17329
0.20090 0.79910
0.22180 0.77820
0.81644 0.18356
0.99965 0.00035
0.99587 0.00413
0.99950 0.00050
0.56034 0.43966
0.98710 0.01290
0.98922 0.01078
0.99942 0.00058
0.99889 0.00111
0.99889 0.00111
0.99889 0.00111
0.87257 0.12743
0.89636 0.10364
0.99889 0.00111
0.93107 0.06893
0.99888 0.00112
0.92218 0.07782
0.57128 0.42872
0.61693 0.38307
0.58612 0.41388
0.22353 0.77647
0.52405 0.47595
0.66826 0.33174
0.08563 0.91437
0.74085 0.25915
0.13728 0.86272
0.57802 0.42198
0.17471 0.82529
0.78146 0.21854
0.31020 0.68980
0.59983 0.40017
0.86907 0.13093
0.52113 0.47887
0.36434 0.63566
0.65641 0.34359
0.89993 0.10007
0.28382 0.71618
0.67372 0.32628
0.68754 0.31246
0.99986 0.00014
0.99249 0.00751
0.99997 0.00003
0.34280 0.65720
0.69445 0.30555
0.14699 0.85301
0.72586 0.27414
0.99875 0.00125
0.20624 0.79376
0.03319 0.96681
0.06678 0.93322
0.26370 0.73630
0.99963 0.00037
0.08125 0.91875
0.71389 0.28611
0.11389 0.88611
0.11239 0.88761
0.94155 0.05845
0.76513 0.23487
0.96742 0.03258
0.22196 0.77804
0.99369 0.00631
0.89808 0.10192
0.67782 0.32218
0.05916 0.94084
0.12750 0.87250
0.21654 0.78346
0.63735 0.36265
0.56026 0.43974
0.44989 0.55011
0.41284 0.58716
0.84488 0.15512
0.41880 0.58120
0.83668 0.16332
0.52746 0.47254
0.75415 0.24585
0.18851 0.81149
0.75415 0.24585
0.52412 0.47588
0.97561 0.02439
0.99232 0.00768
0.99232 0.00768
0.60657 0.39343
0.94167 0.05833
0.10416 0.89584
0.07169 0.92831
0.64224 0.35776
0.43393 0.56607
0.99999 0.00001
0.34605 0.65395
0.19990 0.80010
0.15535 0.84465
0.42469 0.57531
0.34501 0.65499
0.34179 0.65821
0.25537 0.74463
0.92263 0.07737
0.88217 0.11783
0.82283 0.17717
0.95711 0.04289
0.96534 0.03466
0.81157 0.18843
0.80949 0.19051
0.81157 0.18843
0.80949 0.19051
0.33738 0.66262
0.42177 0.57823
0.94312 0.05688
0.15867 0.84133
0.12041 0.87959
0.28157 0.71843
0.28157 0.71843
0.98662 0.01338
0.97783 0.02217
0.97783 0.02217
0.98618 0.01382
0.97701 0.02299
0.97701 0.02299
0.11871 0.88129
0.08857 0.91143
0.06395 0.93605
0.05687 0.94313
0.21979 0.78021
0.60545 0.39455
0.82781 0.17219
0.34902 0.65098
0.34902 0.65098
0.41226 0.58774
0.76760 0.23240
0.81531 0.18469
0.81531 0.18469
0.99024 0.00976
0.76760 0.23240
0.69991 0.30009
0.44794 0.55206
0.61506 0.38494
0.99964 0.00036
0.90684 0.09316
0.99989 0.00011
0.99750 0.00250
0.70169 0.29831
0.99363 0.00637
0.84661 0.15339
0.17220 0.82780
0.84986 0.15014
0.47464 0.52536
0.94647 0.05353
0.32324 0.67676
0.14472 0.85528
0.16870 0.83130
0.38292 0.61708
0.77903 0.22097
0.96899 0.03101
0.16443 0.83557
0.67080 0.32920
0.61028 0.38972
0.44350 0.55650
0.67080 0.32920
0.61028 0.38972
0.44350 0.55650
0.99687 0.00313
0.99593 0.00407
0.84582 0.15418
0.36380 0.63620
0.15135 0.84865
0.19470 0.80530
0.19470 0.80530
0.45810 0.54190
0.45810 0.54190
0.19470 0.80530
0.19470 0.80530
0.87782 0.12218
0.99494 0.00506
0.98515 0.01485
0.75171 0.24829
0.09711 0.90289
0.74114 0.25886
0.97945 0.02055
0.98381 0.01619
0.95067 0.04933
0.60271 0.39729
0.96922 0.03078
0.93874 0.06126
0.94219 0.05781
0.85759 0.14241
0.38632 0.61368
0.83608 0.16392
0.65132 0.34868
0.18804 0.81196
0.87260 0.12740
0.99841 0.00159
0.19553 0.80447
0.27055 0.72945
0.32434 0.67566
0.32434 0.67566
0.32434 0.67566
0.23636 0.76364
0.37809 0.62191
0.37809 0.62191
0.56442 0.43558
0.93783 0.06217
0.89634 0.10366
0.89900 0.10100
0.38828 0.61172
0.88045 0.11955
0.47730 0.52270
0.43848 0.56152
0.49345 0.50655
0.99818 0.00182
0.19728 0.80272
0.17983 0.82017
0.29609 0.70391
0.10165 0.89835
0.11969 0.88031
0.14043 0.85957
0.16113 0.83887
0.17932 0.82068
0.54115 0.45885
0.60658 0.39342
0.99954 0.00046
0.60658 0.39342
0.60658 0.39342
0.62417 0.37583
0.32787 0.67213
0.35039 0.64961
0.35039 0.64961
0.18387 0.81613
0.74504 0.25496
0.93274 0.06726
0.99967 0.00033
0.22904 0.77096
0.94606 0.05394
0.91965 0.08035
0.77821 0.22179
0.99925 0.00075
0.99943 0.00057
0.98877 0.01123
0.28508 0.71492
0.99920 0.00080
0.20849 0.79151
0.33120 0.66880
0.98226 0.01774
0.96134 0.03866
0.99898 0.00102
0.98645 0.01355
0.99919 0.00081
0.99919 0.00081
0.16842 0.83158
0.16842 0.83158
0.88702 0.11298
0.84532 0.15468
0.76325 0.23675
0.76325 0.23675
0.86797 0.13203
0.80379 0.19621
0.21958 0.78042
0.87433 0.12567
0.62319 0.37681
0.49256 0.50744
0.49256 0.50744
0.90593 0.09407
0.67702 0.32298
0.67702 0.32298
0.90593 0.09407
0.90593 0.09407
0.67702 0.32298
0.68705 0.31295
0.84704 0.15296
0.88059 0.11941
0.83144 0.16856
0.81406 0.18594
0.33585 0.66415
0.18721 0.81279
0.99995 0.00005
0.18721 0.81279
0.99995 0.00005
0.99992 0.00008
0.99992 0.00008
0.99821 0.00179
0.99969 0.00031
1.00000 0.00000
0.39883 0.60117
0.99996 0.00004
0.06106 0.93894
0.22709 0.77291
0.27464 0.72536
0.24952 0.75048
0.11872 0.88128
0.11872 0.88128
0.13417 0.86583
0.13417 0.86583
0.13847 0.86153
0.13847 0.86153
0.12386 0.87614
0.26020 0.73980
0.20069 0.79931
0.71816 0.28184
0.72001 0.27999
0.71816 0.28184
0.72001 0.27999
0.13978 0.86022
0.47077 0.52923
0.99711 0.00289
0.09202 0.90798
0.50742 0.49258
0.49999 0.50001
0.96727 0.03273
0.14884 0.85116
0.90375 0.09625
0.61814 0.38186
0.89555 0.10445
0.88360 0.11640
0.58687 0.41313
0.57513 0.42487
0.67932 0.32068
0.58963 0.41037
0.69326 0.30674
0.99914 0.00086
0.49450 0.50550
0.88360 0.11640
0.58687 0.41313
0.22677 0.77323
0.71260 0.28740
0.81915 0.18085
0.09646 0.90354
0.09646 0.90354
0.19195 0.80805
0.19195 0.80805
0.32348 0.67652
0.32348 0.67652
0.12771 0.87229
0.35977 0.64023
0.80923 0.19077
0.12219 0.87781
0.40372 0.59628
0.49417 0.50583
0.17530 0.82470
0.99487 0.00513
0.35239 0.64761
0.99915 0.00085
0.35233 0.64767
0.99996 0.00004
0.99994 0.00006
0.99935 0.00065
0.99998 0.00002
1.00000 0.00000
0.96684 0.03316
0.98453 0.01547
0.88942 0.11058
0.68971 0.31029
0.19176 0.80824
0.24577 0.75423
0.99916 0.00084
0.35624 0.64376
0.41333 0.58667
0.35694 0.64306
0.41682 0.58318
0.47736 0.52264
0.41982 0.58018
0.89660 0.10340
0.97200 0.02800
0.99186 0.00814
0.84673 0.15327
0.95435 0.04565
0.96247 0.03753
0.93324 0.06676
0.93324 0.06676
0.93693 0.06307
0.93324 0.06676
0.99450 0.00550
0.99349 0.00651
0.98622 0.01378
0.98523 0.01477
0.99999 0.00001
0.68041 0.31959
0.64976 0.35024
0.71430 0.28570
0.99976 0.00024
0.68348 0.31652
0.99976 0.00024
0.66707 0.33293
0.66745 0.33255
0.63983 0.36017
0.98713 0.01286
0.99999 0.00001
0.99999 0.00001
0.38960 0.61040
0.38960 0.61040
0.92828 0.07172
0.92828 0.07172
0.93837 0.06163
0.93837 0.06163
0.52943 0.47057
0.52943 0.47057
0.99223 0.00777
0.99223 0.00777
0.37225 0.62775
0.37225 0.62775
0.72324 0.27676
0.72324 0.27676
0.67704 0.32296
0.67704 0.32296
0.55124 0.44876
0.55124 0.44876
0.93053 0.06947
0.91934 0.08066
0.99989 0.00011
0.99989 0.00011
0.69295 0.30705
0.67986 0.32014
0.45120 0.54880
0.45120 0.54880
0.98954 0.01046
0.56863 0.43137
0.59915 0.40085
0.99995 0.00005
0.99890 0.00110
0.97602 0.02398
0.99679 0.00321
0.99700 0.00300
0.99962 0.00038
0.28074 0.71926
0.24852 0.75148
0.34864 0.65136
0.99973 0.00027
0.99790 0.00210
0.99924 0.00076
0.99673 0.00327
0.12831 0.87169
0.99926 0.00074
0.15262 0.84738
0.96843 0.03157
0.99953 0.00047
0.99604 0.00396
0.99998 0.00002
0.99991 0.00009
0.99990 0.00010
0.99998 0.00002
0.99988 0.00012
0.29230 0.70770
0.49656 0.50344
0.28206 0.71794
0.37804 0.62196
0.59029 0.40971
0.36462 0.63538
0.99990 0.00010
0.99998 0.00002
0.99988 0.00012
0.40409 0.59591
0.37080 0.62920
0.57919 0.42081
0.60261 0.39739
0.24052 0.75948
0.91168 0.08832
0.92389 0.07611
0.76999 0.23001
0.33472 0.66528
0.43022 0.56978
0.34253 0.65747
0.99258 0.00742
0.99622 0.00378
0.99802 0.00198
0.83038 0.16962
0.99828 0.00172
0.26771 0.73229
0.65025 0.34975
0.52678 0.47322
0.17349 0.82651
0.03989 0.96011
0.95333 0.04667
0.32340 0.67660
0.97080 0.02920
0.40168 0.59832
0.97495 0.02505
0.98954 0.01046
0.96016 0.03984
0.98115 0.01885
0.94362 0.05638
0.28848 0.71152
0.48715 0.51285
0.97806 0.02194
0.74742 0.25258
0.61749 0.38251
0.39251 0.60749
0.45310 0.54690
0.69401 0.30599
0.57690 0.42310
0.11062 0.88938
0.43134 0.56866
0.99928 0.00072
0.99720 0.00280
0.97508 0.02492
0.92666 0.07334
0.83229 0.16771
0.83229 0.16771
0.64384 0.35616
0.64384 0.35616
0.63815 0.36185
0.72939 0.27061
0.99635 0.00365
0.99716 0.00284
0.99765 0.00235
0.99453 0.00547
0.46272 0.53728
0.45206 0.54794
0.99938 0.00062
0.96691 0.03309
0.97476 0.02524
0.98583 0.01417
0.24776 0.75224
0.93802 0.06198
0.95351 0.04649
0.92337 0.07663
0.42766 0.57234
0.81359 0.18641
0.99986 0.00014
0.18483 0.81517
0.77985 0.22015
0.99155 0.00845
0.99140 0.00860
0.99999 0.00001
0.40517 0.59483
0.93849 0.06151
0.41284 0.58716
0.88903 0.11097
0.90347 0.09653
0.36524 0.63476
0.56966 0.43034
0.74683 0.25317
0.99518 0.00482
0.85958 0.14042
0.93356 0.06644
0.04214 0.95786
0.93950 0.06050
0.39755 0.60245
0.35522 0.64478
0.39755 0.60245
0.35522 0.64478
0.25933 0.74067
0.23428 0.76572
0.99732 0.00268
0.30427 0.69573
0.30027 0.69973
0.61300 0.38700
0.10817 0.89183
0.94468 0.05532
0.31281 0.68719
0.91764 0.08236
0.10975 0.89025
0.47638 0.52362
0.21841 0.78159
0.21841 0.78159
0.47638 0.52362
0.21841 0.78159
0.29564 0.70436
0.22612 0.77388
0.49641 0.50359
0.72651 0.27349
0.84031 0.15969
0.83863 0.16137
0.99228 0.00772
0.98692 0.01308
0.77131 0.22869
0.98612 0.01388
0.94170 0.05830
0.56752 0.43248
0.52833 0.47167
0.26992 0.73008
0.27106 0.72894
0.69725 0.30275
0.68553 0.31447
0.15770 0.84230
0.12246 0.87754
0.91556 0.08444
0.36856 0.63144
0.95679 0.04321
0.93338 0.06662
0.90132 0.09868
0.47726 0.52273
0.62519 0.37481
0.12215 0.87785
0.30209 0.69791
0.23009 0.76991
0.47839 0.52161
0.31110 0.68890
0.31110 0.68890
0.39850 0.60150
0.39850 0.60150
0.38730 0.61270
0.38730 0.61270
0.24640 0.75360
0.21068 0.78932
0.24640 0.75360
0.25259 0.74741
0.21068 0.78932
0.28382 0.71618
0.28382 0.71618
0.40526 0.59474
0.45927 0.54073
0.54695 0.45305
0.53129 0.46871
0.97852 0.02148
0.97017 0.02983
0.43811 0.56189
0.40055 0.59945
0.90534 0.09466
0.99990 0.00010
0.29589 0.70411
0.19199 0.80801
0.99552 0.00448
0.97176 0.02824
0.31167 0.68833
0.98118 0.01882
0.31167 0.68833
0.98118 0.01882
0.99999 0.00001
0.15939 0.84061
0.17046 0.82954
0.14096 0.85904
0.46290 0.53710
0.42999 0.57001
0.99998 0.00002
0.99854 0.00146
0.90570 0.09430
0.64346 0.35654
0.17019 0.82981
0.21399 0.78601
0.40162 0.59838
0.82890 0.17110
0.46794 0.53206
0.99596 0.00404
0.99446 0.00554
0.98281 0.01719
0.27366 0.72634
0.57724 0.42276
0.32031 0.67969
0.98764 0.01236
0.27592 0.72408
0.99641 0.00359
0.19951 0.80049
0.22404 0.77596
0.19478 0.80522
0.96040 0.03960
0.24130 0.75870
0.22000 0.78000
0.98373 0.01627
0.97563 0.02437
0.98462 0.01538
0.97694 0.02306
0.18416 0.81584
0.25672 0.74328
0.89248 0.10752
0.24975 0.75025
0.26773 0.73227
0.55554 0.44446
0.57880 0.42120
0.04493 0.95507
0.94929 0.05071
0.21151 0.78849
0.99323 0.00677
0.21030 0.78970
0.18511 0.81489
0.17871 0.82129
0.20931 0.79069
0.20264 0.79736
0.26009 0.73991
0.99289 0.00711
0.23559 0.76441
0.99859 0.00141
0.99910 0.00090
0.04526 0.95474
0.50068 0.49932
0.16289 0.83711
0.87464 0.12536
0.36539 0.63461
0.90729 0.09271
0.92824 0.07176
0.94930 0.05070
0.31762 0.68238
0.89753 0.10247
0.93933 0.06067
0.99992 0.00008
0.93933 0.06067
0.99992 0.00008
0.99972 0.00028
0.57744 0.42256
0.99052 0.00948
0.99052 0.00948
0.98254 0.01746
0.58857 0.41143
0.27045 0.72955
0.61006 0.38994
0.18304 0.81696
0.54658 0.45342
0.99798 0.00202
0.99935 0.00065
0.99848 0.00152
0.80067 0.19933
0.99917 0.00083
0.99728 0.00272
0.52098 0.47902
0.31721 0.68279
0.95560 0.04440
0.91787 0.08213
0.99999 0.00001
0.35637 0.64363
0.23295 0.76705
0.53246 0.46754
0.41988 0.58012
0.30435 0.69565
0.60161 0.39839
0.83768 0.16232
0.76493 0.23507
0.69351 0.30649
0.20211 0.79789
0.65194 0.34806
0.84799 0.15201
0.08587 0.91413
0.94272 0.05728
0.99248 0.00752
0.32030 0.67970
0.42038 0.57962
0.89499 0.10501
0.99507 0.00493
0.47265 0.52735
0.99186 0.00814
0.99999 0.00001
0.99996 0.00004
0.99998 0.00002
0.52143 0.47857
0.99999 0.00001
0.99993 0.00007
0.99999 0.00001
0.53816 0.46184
0.99999 0.00001
0.99990 0.00010
0.99997 0.00003
0.43920 0.56080
0.63678 0.36322
0.99971 0.00029
0.96444 0.03556
0.44098 0.55902
0.63855 0.36145
0.99727 0.00273
0.98306 0.01694
0.65148 0.34852
0.89403 0.10597
0.50558 0.49442
0.99630 0.00370
0.97506 0.02494
0.73041 0.26959
0.88048 0.11952
0.88159 0.11841
0.98906 0.01094
0.77139 0.22861
0.30280 0.69720
0.93578 0.06422
0.95700 0.04300
0.98966 0.01034
0.81486 0.18514
0.21662 0.78338
0.99952 0.00048
0.08070 0.91930
0.15484 0.84516
0.17316 0.82684
0.15207 0.84793
0.54767 0.45233
0.54888 0.45112
0.54767 0.45233
0.54767 0.45233
0.68907 0.31093
0.07898 0.92102
0.08551 0.91449
0.63849 0.36151
0.99807 0.00193
0.99952 0.00048
0.99807 0.00193
0.99952 0.00048
0.33619 0.66381
0.39728 0.60272
0.99359 0.00641
0.33016 0.66984
0.23479 0.76521
0.79316 0.20684
0.11375 0.88625
0.96798 0.03202
0.37114 0.62886
0.60437 0.39563
0.06101 0.93899
0.57460 0.42540
0.58935 0.41065
0.57460 0.42540
0.33412 0.66588
0.48746 0.51254
0.78486 0.21514
0.65050 0.34950
0.96646 0.03354
0.58056 0.41944
0.94947 0.05053
0.99987 0.00013
0.99733 0.00267
0.99818 0.00182
0.57407 0.42593
0.99974 0.00025
0.44550 0.55450
0.73063 0.26937
0.99966 0.00034
0.60264 0.39736
0.99996 0.00004
0.99955 0.00045
0.99998 0.00002
0.03107 0.96893
0.78035 0.21965
0.96862 0.03138
0.07420 0.92580
0.71674 0.28326
0.99943 0.00057
0.88816 0.11184
0.40376 0.59624
0.99962 0.00038
0.63333 0.36667
0.42435 0.57565
0.99967 0.00033
0.65449 0.34551
0.99201 0.00799
0.93695 0.06305
0.99963 0.00037
0.95842 0.04158
0.89105 0.10895
1.00000 0.00000
0.96389 0.03611
1.00000 0.00000
0.35220 0.64780
0.64311 0.35689
0.99516 0.00484
0.98086 0.01914
0.99516 0.00484
0.98086 0.01914
0.99286 0.00714
0.99794 0.00206
0.76967 0.23033
0.99963 0.00037
0.88676 0.11324
0.99984 0.00016
0.88676 0.11324
0.99984 0.00016
0.38327 0.61673
0.69370 0.30630
0.99997 0.00003
0.99810 0.00190
0.10589 0.89411
0.49978 0.50022
0.09850 0.90150
0.40488 0.59512
0.99995 0.00005
0.15428 0.84572
0.10780 0.89220
0.99737 0.00263
0.14010 0.85990
0.07133 0.92867
0.93920 0.06080
0.21810 0.78190
0.93486 0.06514
0.94722 0.05278
0.80424 0.19576
0.82062 0.17938
0.99884 0.00116
0.99856 0.00144
0.99501 0.00499
0.97727 0.02273
0.11599 0.88401
0.04035 0.95965
0.10400 0.89600
0.09710 0.90290
0.16215 0.83785
0.85994 0.14006
0.16215 0.83785
0.85994 0.14006
0.23889 0.76111
0.16423 0.83577
0.18039 0.81961
0.10485 0.89515
0.99999 0.00001
0.92213 0.07787
0.92606 0.07394
0.97095 0.02905
0.83595 0.16405
0.99994 0.00006
0.65200 0.34800
0.76092 0.23908
0.84140 0.15860
0.65700 0.34300
0.66108 0.33892
0.97095 0.02905
0.83595 0.16405
0.99994 0.00006
0.65200 0.34800
0.75457 0.24543
0.85517 0.14483
0.65700 0.34300
0.66108 0.33892
0.71205 0.28795
0.32963 0.67037
0.99862 0.00138
0.15150 0.84850
0.94917 0.05083
0.12621 0.87379
0.86584 0.13416
0.60057 0.39943
0.60057 0.39943
0.31895 0.68105
0.30554 0.69446
0.99174 0.00826
0.32476 0.67524
0.37949 0.62051
0.28777 0.71223
0.37419 0.62581
0.70410 0.29590
0.19676 0.80324
0.25890 0.74110
0.96251 0.03749
0.28576 0.71424
0.48188 0.51812
0.58553 0.41447
0.89506 0.10494
0.17796 0.82204
0.97570 0.02430
0.16194 0.83806
0.25932 0.74068
0.63299 0.36701
0.78010 0.21990
0.24206 0.75794
0.68034 0.31966
0.56609 0.43391
0.71044 0.28956
0.27481 0.72519
0.56805 0.43195
0.68555 0.31445
0.68555 0.31445
0.91059 0.08941
0.68555 0.31445
0.58185 0.41815
0.68560 0.31440
0.68560 0.31440
0.90961 0.09039
0.68560 0.31440
0.56283 0.43717
0.68086 0.31914
0.68086 0.31914
0.90318 0.09682
0.68086 0.31914
0.65768 0.34232
0.65768 0.34232
0.86562 0.13438
0.63320 0.36680
0.39395 0.60605
0.99878 0.00122
0.27984 0.72016
0.19373 0.80627
0.56187 0.43813
0.99907 0.00093
0.60473 0.39527
0.99833 0.00167
0.99932 0.00068
0.99175 0.00825
0.89252 0.10748
0.99606 0.00394
0.99441 0.00559
0.90124 0.09876
0.90124 0.09876
0.90124 0.09876
0.90124 0.09876
0.62000 0.38000
0.62000 0.38000
0.91009 0.08991
0.62000 0.38000
0.62000 0.38000
0.91009 0.08991
0.86513 0.13487
0.78015 0.21985
0.56870 0.43130
0.86513 0.13487
0.78015 0.21985
0.56870 0.43130
0.89137 0.10863
0.10974 0.89026
0.31099 0.68901
0.98242 0.01758
0.99976 0.00024
0.99965 0.00035
0.06781 0.93219
0.10584 0.89416
0.40668 0.59332
0.40668 0.59332
0.60467 0.39533
0.37374 0.62626
0.99948 0.00052
0.99794 0.00206
0.55016 0.44984
0.70206 0.29794
0.56346 0.43654
0.70206 0.29794
0.26545 0.73455
0.95904 0.04096
0.99960 0.00040
0.64303 0.35697
0.08871 0.91129
0.15851 0.84149
0.23008 0.76992
0.34143 0.65857
0.19633 0.80367
0.12101 0.87899
0.37284 0.62716
0.22692 0.77308
0.64082 0.35918
0.45624 0.54376
0.64520 0.35480
0.99962 0.00038
0.35220 0.64780
0.22818 0.77182
0.98879 0.01121
0.98482 0.01518
0.90381 0.09619
0.93845 0.06155
0.97483 0.02517
0.53840 0.46160
0.99839 0.00161
0.99728 0.00272
0.99894 0.00106
0.99969 0.00031
0.44951 0.55049
0.99754 0.00246
1.00000 0.00000
1.00000 0.00000
0.98935 0.01065
0.10194 0.89806
0.99863 0.00137
0.99863 0.00137
0.12215 0.87785
0.12215 0.87785
0.99766 0.00234
0.99746 0.00254
0.96583 0.03417
0.38801 0.61199
0.48535 0.51465
0.96466 0.03534
0.81774 0.18226
0.21322 0.78678
0.57462 0.42538
0.89445 0.10555
0.54741 0.45259
0.57075 0.42925
0.18056 0.81944
0.07234 0.92766
0.09179 0.90821
0.07885 0.92115
0.98949 0.01051
0.78991 0.21009
0.92970 0.07030
0.22345 0.77655
0.41320 0.58680
0.99287 0.00713
0.99481 0.00519
0.99481 0.00519
0.96733 0.03267
0.96455 0.03545
0.90117 0.09883
0.99826 0.00174
0.99750 0.00250
0.99692 0.00308
0.99648 0.00352
0.79751 0.20249
0.99981 0.00019
0.76553 0.23447
0.21555 0.78445
0.83376 0.16624
0.75272 0.24728
0.38859 0.61141
0.38859 0.61141
0.40030 0.59970
0.40030 0.59970
0.22042 0.77958
0.06809 0.93191
0.22889 0.77111
0.93717 0.06283
0.70175 0.29825
0.28139 0.71861
0.28139 0.71861
0.04125 0.95875
0.19253 0.80747
0.92677 0.07323
0.28140 0.71860
0.46798 0.53202
0.41626 0.58374
0.13046 0.86954
0.33508 0.66492
0.33070 0.66930
0.18383 0.81617
0.33070 0.66930
0.18383 0.81617
0.85722 0.14278
0.86218 0.13782
0.57179 0.42821
0.57179 0.42821
0.85509 0.14491
0.57179 0.42821
0.77431 0.22569
0.43982 0.56018
0.89843 0.10157
0.66712 0.33288
0.10038 0.89962
0.39883 0.60117
0.22288 0.77712
0.06109 0.93891
0.98268 0.01732
0.26354 0.73646
0.95841 0.04159
0.11209 0.88791
0.84998 0.15002
0.87055 0.12945
0.09677 0.90323
0.99701 0.00299
0.57702 0.42298
0.99753 0.00247
0.63680 0.36320
0.96776 0.03224
0.99596 0.00404
0.97641 0.02359
0.77993 0.22007
0.55124 0.44876
0.34656 0.65344
0.46209 0.53791
0.46209 0.53791
0.88814 0.11186
0.65774 0.34226
0.56862 0.43138
0.99771 0.00229
0.11396 0.88604
0.99998 0.00002
0.19165 0.80835
0.23748 0.76252
0.99787 0.00213
0.38123 0.61877
0.23917 0.76083
0.21412 0.78588
0.36915 0.63085
0.36212 0.63788
0.38049 0.61951
0.37311 0.62689
0.27864 0.72136
0.99997 0.00003
0.99970 0.00030
0.99981 0.00019
0.51148 0.48852
0.42958 0.57042
0.52109 0.47891
0.97411 0.02589
0.07690 0.92310
0.99753 0.00247
0.90827 0.09173
0.98366 0.01634
0.96009 0.03991
0.38933 0.61067
0.94212 0.05788
0.98057 0.01943
0.98140 0.01860
0.97115 0.02885
0.98918 0.01082
0.98669 0.01331
0.99058 0.00942
0.22393 0.77607
0.41877 0.58123
0.57771 0.42229
0.59124 0.40876
0.99483 0.00517
0.79189 0.20811
0.79341 0.20659
0.74040 0.25960
0.99880 0.00120
0.74448 0.25552
0.30543 0.69457
0.55469 0.44531
0.66397 0.33603
0.75227 0.24773
0.15792 0.84208
0.15193 0.84807
0.16465 0.83535
0.10282 0.89718
0.10017 0.89983
0.17659 0.82341
0.13308 0.86692
0.13308 0.86692
0.13308 0.86692
0.12083 0.87917
0.23381 0.76619
0.29261 0.70739
0.31146 0.68854
0.99567 0.00433
0.12007 0.87993
0.92185 0.07815
0.99864 0.00136
0.99949 0.00051
0.40195 0.59805
0.20867 0.79133
0.22747 0.77253
0.39330 0.60670
0.74307 0.25693
0.15081 0.84919
0.39712 0.60288
0.23474 0.76526
0.24168 0.75832
0.24909 0.75091
0.33535 0.66465
0.99494 0.00506
0.35133 0.64867
0.35133 0.64867
0.35133 0.64867
0.34169 0.65831
0.99649 0.00351
0.99902 0.00098
0.99912 0.00088
0.99904 0.00096
0.52326 0.47674
0.99665 0.00335
0.53210 0.46790
0.48995 0.51005
0.99876 0.00124
0.99932 0.00068
0.99282 0.00718
0.99402 0.00598
0.40461 0.59539
0.25625 0.74375
0.09151 0.90849
0.37240 0.62760
0.38297 0.61703
0.80110 0.19890
0.94765 0.05235
0.86277 0.13723
0.57416 0.42584
0.98302 0.01698
0.48651 0.51349
0.53966 0.46034
0.29464 0.70536
0.80992 0.19008
0.80071 0.19929
0.50759 0.49241
0.78515 0.21485
0.14793 0.85207
0.57950 0.42050
0.44572 0.55428
0.43371 0.56629
0.99981 0.00019
0.99987 0.00013
0.99994 0.00006
0.99975 0.00025
0.85164 0.14836
0.99979 0.00021
0.99985 0.00015
0.99993 0.00007
0.99971 0.00029
0.83504 0.16496
0.99999 0.00001
0.28074 0.71926
0.99999 0.00001
0.30305 0.69695
0.09757 0.90243
0.10330 0.89670
0.96415 0.03585
0.39453 0.60547
0.31740 0.68260
0.21646 0.78354
0.25699 0.74301
0.31680 0.68320
0.23617 0.76383
0.19665 0.80335
0.21075 0.78925
0.43649 0.56351
0.44769 0.55231
0.99999 0.00001
0.99999 0.00001
0.97757 0.02243
1.00000 0.00000
0.99998 0.00002
0.94935 0.05065
0.20206 0.79794
0.14308 0.85692
0.13034 0.86966
0.38092 0.61908
0.29095 0.70905
0.28067 0.71933
0.20648 0.79352
0.25919 0.74081
0.18919 0.81081
0.99960 0.00040
0.50511 0.49489
0.74786 0.25214
0.39363 0.60637
0.99990 0.00010
0.36877 0.63123
0.74786 0.25214
0.39363 0.60637
0.99990 0.00010
0.36877 0.63123
0.99960 0.00040
0.50511 0.49489
0.97799 0.02201
0.98630 0.01370
0.95483 0.04517
0.56865 0.43135
0.54410 0.45590
0.31443 0.68557
0.32777 0.67223
1.00000 0.00000
0.99981 0.00019
0.96754 0.03246
0.99962 0.00038
0.39331 0.60669
0.99966 0.00034
0.88200 0.11800
0.88520 0.11480
0.87914 0.12086
0.96901 0.03099
0.79095 0.20905
0.73108 0.26892
0.79095 0.20905
0.76341 0.23659
0.98377 0.01623
0.95718 0.04282
0.99822 0.00178
0.85706 0.14294
0.89228 0.10772
0.89228 0.10772
0.60281 0.39719
0.40978 0.59022
0.64069 0.35931
0.50462 0.49538
0.82565 0.17435
0.32458 0.67542
0.67424 0.32576
0.92267 0.07733
0.92267 0.07733
0.85801 0.14199
0.85801 0.14199
0.79374 0.20626
0.97794 0.02206
0.62876 0.37124
0.94510 0.05490
0.94988 0.05012
0.98919 0.01081
0.98932 0.01068
0.75555 0.24445
0.31715 0.68285
0.69003 0.30997
0.71192 0.28808
0.76115 0.23885
0.93837 0.06163
0.94337 0.05663
0.84337 0.15663
0.82630 0.17370
0.83662 0.16338
0.99997 0.00003
0.99998 0.00002
0.88876 0.11124
0.26644 0.73356
0.75260 0.24740
0.13981 0.86019
0.08022 0.91978
0.59125 0.40875
0.93077 0.06923
0.27585 0.72415
0.44391 0.55609
0.52226 0.47774
0.90028 0.09972
0.54880 0.45120
0.97434 0.02566
0.98753 0.01247
0.96421 0.03579
0.67158 0.32842
0.97142 0.02858
0.77398 0.22602
0.39468 0.60532
0.98991 0.01009
0.99666 0.00334
0.99859 0.00141
0.35653 0.64347
0.44626 0.55374
0.99840 0.00160
0.84444 0.15556
0.91532 0.08468
0.99900 0.00100
0.18665 0.81335
0.24555 0.75445
0.99300 0.00700
0.74100 0.25900
0.84870 0.15130
0.99562 0.00438
0.95020 0.04980
0.98232 0.01768
0.99105 0.00895
0.97788 0.02212
0.99373 0.00627
0.99733 0.00267
0.40797 0.59203
0.53064 0.46936
0.99679 0.00321
0.86701 0.13299
0.93549 0.06451
0.99807 0.00193
0.90695 0.09305
0.27574 0.72426
0.71134 0.28866
0.85735 0.14265
0.27134 0.72866
0.77542 0.22458
0.91450 0.08550
0.41702 0.58298
0.96381 0.03619
0.89475 0.10525
0.93219 0.06781
0.15218 0.84782
0.11617 0.88383
0.10722 0.89278
0.11086 0.88914
0.55895 0.44105
0.62626 0.37374
0.98087 0.01913
0.62101 0.37899
0.72619 0.27381
0.07910 0.92090
0.11540 0.88460
0.56763 0.43237
0.51520 0.48480
0.65262 0.34738
0.99790 0.00210
0.99790 0.00210
0.83749 0.16251
0.83749 0.16251
0.55189 0.44811
0.55189 0.44811
0.73998 0.26002
0.91686 0.08314
0.11949 0.88051
0.09729 0.90271
0.98614 0.01386
0.97377 0.02623
0.98194 0.01806
0.52783 0.47217
0.95219 0.04781
0.99977 0.00023
0.25421 0.74579
1.00000 0.00000
0.48088 0.51912
0.57389 0.42611
0.57389 0.42611
0.98163 0.01837
0.55703 0.44297
0.98101 0.01899
1.00000 0.00000
1.00000 0.00000
0.51195 0.48805
0.99999 0.00001
0.66418 0.33582
0.98062 0.01938
0.53704 0.46296
0.93638 0.06362
0.99031 0.00969
0.87129 0.12871
0.95209 0.04791
0.64488 0.35512
0.11412 0.88588
0.47478 0.52522
0.50405 0.49595
0.15337 0.84663
0.14475 0.85525
0.14475 0.85525
0.99975 0.00025
0.26320 0.73680
0.81407 0.18593
0.17622 0.82378
0.31925 0.68075
0.86336 0.13664
0.99985 0.00015
0.86336 0.13664
0.86336 0.13664
0.71925 0.28075
0.48705 0.51295
0.66242 0.33758
0.07766 0.92234
0.16841 0.83159
0.84595 0.15405
0.89830 0.10170
0.90538 0.09462
0.97207 0.02793
0.99973 0.00027
0.08085 0.91914
0.98615 0.01385
0.16322 0.83678
0.14350 0.85650
0.89980 0.10020
0.99611 0.00389
0.09253 0.90747
0.10333 0.89667
0.12854 0.87146
0.79652 0.20348
0.10634 0.89366
0.96626 0.03374
0.43025 0.56975
0.04434 0.95566
0.73817 0.26183
0.18675 0.81325
0.78224 0.21776
0.76017 0.23983
0.10712 0.89288
0.27316 0.72684
0.14043 0.85957
0.99999 0.00001
0.28306 0.71694
0.99957 0.00043
0.90607 0.09393
0.90607 0.09393
0.99738 0.00262
0.99753 0.00247
0.35389 0.64611
0.22652 0.77348
0.16949 0.83051
0.26138 0.73862
0.24839 0.75161
0.20785 0.79215
0.61878 0.38122
0.57084 0.42916
0.64183 0.35817
0.20990 0.79010
0.07251 0.92749
0.18910 0.81090
0.39619 0.60381
1.00000 0.00000
0.99986 0.00014
0.84471 0.15529
0.84471 0.15529
0.15938 0.84062
0.17844 0.82156
0.98359 0.01641
0.15870 0.84130
0.68984 0.31016
0.41779 0.58221
0.72294 0.27706
0.57178 0.42822
0.88738 0.11262
0.99805 0.00195
0.98757 0.01243
0.45968 0.54032
0.72896 0.27104
0.18544 0.81456
0.98205 0.01795
0.35938 0.64062
0.20258 0.79742
0.43963 0.56037
0.91519 0.08481
0.15245 0.84755
0.29264 0.70736
0.85434 0.14566
0.25860 0.74140
0.12363 0.87637
0.76350 0.23650
0.24540 0.75460
0.31464 0.68536
0.71073 0.28927
0.29203 0.70797
0.21395 0.78605
0.92875 0.07125
0.44036 0.55964
0.52649 0.47351
0.90016 0.09984
0.51488 0.48512
0.39769 0.60231
0.43656 0.56344
0.48605 0.51395
0.45605 0.54395
0.44344 0.55656
0.43656 0.56344
0.78760 0.21240
0.23611 0.76389
0.27107 0.72893
0.73351 0.26649
0.23719 0.76281
0.20519 0.79481
0.17051 0.82949
0.17330 0.82670
0.95626 0.04374
0.99281 0.00719
0.37768 0.62232
0.70798 0.29202
0.70798 0.29202
0.70798 0.29202
0.70798 0.29202
0.44581 0.55419
0.50547 0.49453
0.28272 0.71728
0.90010 0.09990
0.59380 0.40620
0.59380 0.40620
0.86527 0.13473
0.81414 0.18586
0.81414 0.18586
0.74384 0.25616
0.74384 0.25616
0.84264 0.15736
0.65806 0.34194
0.73702 0.26298
0.79150 0.20850
0.10094 0.89906
0.11073 0.88927
0.10883 0.89117
0.08951 0.91049
0.09107 0.90893
0.08674 0.91326
0.82641 0.17359
0.62391 0.37609
0.19463 0.80537
0.83789 0.16211
0.18726 0.81274
0.83789 0.16211
0.40693 0.59307
0.89497 0.10503
0.38297 0.61703
0.93744 0.06256
0.93638 0.06362
0.99418 0.00582
0.99413 0.00587
0.46798 0.53202
0.45368 0.54632
0.46798 0.53202
0.45368 0.54632
0.94376 0.05624
0.34956 0.65044
0.27229 0.72771
0.98085 0.01915
0.79767 0.20233
0.98085 0.01915
0.94175 0.05825
0.54553 0.45447
0.47085 0.52915
0.47085 0.52915
0.93886 0.06114
0.53213 0.46787
0.53660 0.46340
0.43561 0.56439
0.36869 0.63131
0.89651 0.10349
0.86879 0.13121
0.88596 0.11404
0.50705 0.49295
0.68281 0.31719
0.40493 0.59507
0.40103 0.59897
0.97390 0.02610
0.97112 0.02888
0.93521 0.06479
0.93061 0.06939
0.75523 0.24477
0.75523 0.24477
0.34504 0.65496
0.34504 0.65496
0.86899 0.13101
0.86899 0.13101
0.85212 0.14788
0.85212 0.14788
0.93907 0.06093
0.99200 0.00800
0.82641 0.17359
0.07090 0.92910
0.81170 0.18830
0.56388 0.43612
0.17650 0.82350
0.88007 0.11993
0.89555 0.10445
0.45544 0.54456
0.70691 0.29309
0.83829 0.16171
0.37285 0.62715
0.22346 0.77654
0.23808 0.76192
0.58643 0.41357
0.95001 0.04999
0.58695 0.41305
0.64532 0.35468
0.66396 0.33604
0.77392 0.22608
0.63367 0.36633
0.79266 0.20734
0.52667 0.47333
0.99872 0.00128
0.42148 0.57852
0.70795 0.29205
0.70795 0.29205
0.65771 0.34229
0.70370 0.29630
0.41753 0.58247
0.82710 0.17290
0.82105 0.17895
0.99994 0.00006
0.99983 0.00017
0.33037 0.66963
0.90469 0.09531
0.99996 0.00004
0.95449 0.04551
0.94551 0.05449
0.82659 0.17341
0.99920 0.00080
0.17303 0.82697
0.90095 0.09905
0.14154 0.85846
0.07437 0.92563
0.09784 0.90216
0.98327 0.01673
0.12653 0.87347
0.64886 0.35114
0.99277 0.00723
0.49827 0.50173
0.47173 0.52827
0.50024 0.49976
0.99301 0.00699
0.82198 0.17802
0.99239 0.00761
0.75827 0.24173
0.79730 0.20270
0.79730 0.20270
0.20669 0.79331
0.68993 0.31007
0.16452 0.83548
0.97320 0.02680
0.74458 0.25542
0.28301 0.71699
0.99951 0.00049
0.73857 0.26143
0.57206 0.42794
0.93948 0.06052
0.24020 0.75980
0.99994 0.00006
0.94568 0.05432
0.94568 0.05432
0.99841 0.00159
0.58654 0.41346
0.68316 0.31684
0.94597 0.05403
0.89445 0.10555
0.99981 0.00019
0.19781 0.80219
0.92967 0.07033
0.55872 0.44128
0.36939 0.63061
0.40389 0.59611
0.56100 0.43900
0.59719 0.40281
0.79733 0.20267
0.82182 0.17818
0.50863 0.49137
0.46923 0.53077
0.67280 0.32720
0.72443 0.27557
0.58610 0.41390
0.43237 0.56763
0.41179 0.58821
0.81480 0.18520
0.81480 0.18520
0.84579 0.15421
0.84579 0.15421
0.95563 0.04437
0.95600 0.04400
0.91557 0.08443
0.91708 0.08292
0.92514 0.07486
0.88494 0.11506
0.96834 0.03166
0.88381 0.11619
0.90301 0.09699
0.86194 0.13806
0.87489 0.12511
0.91994 0.08006
0.96911 0.03089
0.06702 0.93298
0.95637 0.04363
0.96714 0.03286
0.98378 0.01622
0.22150 0.77850
0.91550 0.08450
0.22150 0.77850
0.91550 0.08450
0.99921 0.00079
0.21978 0.78022
0.99921 0.00079
0.99984 0.00016
0.99997 0.00003
0.99984 0.00016
0.15064 0.84936
0.99618 0.00382
0.15885 0.84115
0.99950 0.00050
0.56738 0.43262
0.61749 0.38251
0.10871 0.89129
0.60804 0.39196
0.60804 0.39196
0.16597 0.83403
0.18146 0.81854
0.65021 0.34979
0.23019 0.76981
0.13331 0.86669
0.13331 0.86669
0.23476 0.76524
0.33558 0.66442
0.99635 0.00365
0.12050 0.87950
0.90492 0.09508
0.96710 0.03290
0.35306 0.64694
0.90915 0.09085
0.72755 0.27245
0.16667 0.83333
0.83187 0.16813
0.67909 0.32091
0.14474 0.85526
0.79834 0.20166
0.30775 0.69225
0.91978 0.08022
0.79995 0.20005
1.00000 0.00000
0.91192 0.08808
0.65813 0.34187
0.65813 0.34187
0.89184 0.10816
0.87989 0.12011
0.78045 0.21955
0.44647 0.55353
0.40674 0.59326
0.58389 0.41611
0.40325 0.59675
0.63863 0.36137
0.66301 0.33699
0.44036 0.55964
0.97785 0.02215
0.59560 0.40440
0.75996 0.24004
0.41204 0.58796
0.99930 0.00070
0.96122 0.03878
0.45701 0.54299
0.22009 0.77991
0.22009 0.77991
0.53048 0.46952
0.51721 0.48279
0.53158 0.46842
0.52442 0.47558
0.45176 0.54824
0.99720 0.00280
0.37937 0.62063
0.94892 0.05108
0.51429 0.48571
0.97655 0.02345
0.43217 0.56783
0.41190 0.58810
0.97220 0.02780
0.37869 0.62131
0.36054 0.63946
0.15674 0.84326
0.15674 0.84326
0.20461 0.79539
0.14863 0.85137
0.23879 0.76121
0.16632 0.83368
0.26133 0.73867
0.40010 0.59990
0.57382 0.42618
0.91747 0.08253
0.14098 0.85902
0.37224 0.62776
0.82039 0.17961
0.65728 0.34273
0.10595 0.89405
0.23646 0.76354
0.65670 0.34330
0.99766 0.00234
0.18094 0.81906
0.12859 0.87141
0.96755 0.03245
0.95364 0.04636
0.95364 0.04636
0.95364 0.04636
0.95364 0.04636
0.93963 0.06037
0.19177 0.80823
0.27536 0.72464
0.28776 0.71224
0.98865 0.01135
0.28855 0.71145
0.28591 0.71409
0.99937 0.00063
0.99798 0.00202
0.32050 0.67950
0.25114 0.74886
0.46024 0.53976
0.15390 0.84610
0.34155 0.65845
0.46390 0.53610
0.35860 0.64140
0.35686 0.64314
0.11454 0.88546
0.14487 0.85513
0.11001 0.88999
0.11001 0.88999
0.14487 0.85513
0.11001 0.88999
0.83062 0.16938
0.89200 0.10800
0.89200 0.10800
0.33357 0.66643
0.48395 0.51605
0.83481 0.16519
0.83935 0.16065
0.84489 0.15511
0.78951 0.21049
0.85027 0.14973
0.86054 0.13946
0.74226 0.25774
0.98571 0.01429
0.99704 0.00296
0.99815 0.00185
0.99845 0.00155
0.90039 0.09961
0.95184 0.04816
0.91228 0.08772
0.53317 0.46683
0.78970 0.21030
0.87099 0.12901
0.87096 0.12904
0.87096 0.12904
0.99984 0.00016
0.87096 0.12904
0.99983 0.00017
0.99983 0.00017
0.28799 0.71201
0.35286 0.64714
0.37945 0.62055
0.35286 0.64714
0.37945 0.62055
0.11292 0.88708
0.19471 0.80529
0.52651 0.47349
0.99500 0.00500
0.52081 0.47919
0.99505 0.00495
0.99252 0.00748
0.99434 0.00566
0.48160 0.51840
0.65858 0.34142
0.99963 0.00037
0.86606 0.13394
0.99873 0.00127
0.92973 0.07027
0.99992 0.00008
0.99992 0.00008
0.92910 0.07090
0.99991 0.00009
0.99989 0.00011
0.99989 0.00011
0.99991 0.00009
0.64477 0.35523
0.99996 0.00004
0.99996 0.00004
0.64104 0.35896
0.49571 0.50429
0.99991 0.00009
0.99991 0.00009
0.49171 0.50829
0.41426 0.58574
0.55803 0.44197
0.98546 0.01454
0.10435 0.89565
0.16849 0.83151
0.16620 0.83380
0.24204 0.75796
0.16715 0.83285
0.23730 0.76270
0.17415 0.82585
0.11906 0.88094
0.26559 0.73441
0.99328 0.00672
0.26559 0.73441
0.24403 0.75597
0.32077 0.67923
0.24298 0.75702
0.21515 0.78485
0.28839 0.71161
0.99993 0.00007
0.99993 0.00007
0.99827 0.00173
0.99827 0.00173
0.68238 0.31762
0.68238 0.31762
0.73202 0.26798
0.73202 0.26798
0.72343 0.27657
0.72343 0.27657
0.68238 0.31762
0.68238 0.31762
0.68200 0.31800
0.81771 0.18229
0.98419 0.01581
0.99901 0.00099
0.68200 0.31800
0.81771 0.18229
0.68200 0.31800
0.81771 0.18229
0.72352 0.27648
0.84750 0.15250
0.11694 0.88306
0.99738 0.00262
0.15635 0.84365
0.97797 0.02203
0.15897 0.84103
0.97777 0.02223
0.08260 0.91740
0.60111 0.39889
0.69198 0.30802
0.99597 0.00403
0.70395 0.29605
0.94431 0.05569
0.78916 0.21084
0.08254 0.91746
0.97783 0.02217
0.48830 0.51170
0.22132 0.77868
0.25158 0.74842
0.99983 0.00017
0.07746 0.92254
0.68582 0.31418
0.28705 0.71295
0.79919 0.20081
0.98713 0.01287
0.94418 0.05582
0.79648 0.20352
0.17591 0.82409
0.76293 0.23707
0.76293 0.23707
0.09853 0.90147
0.58385 0.41615
0.59379 0.40621
0.79849 0.20151
0.87880 0.12120
0.87880 0.12120
0.07092 0.92908
0.29956 0.70044
0.11443 0.88557
0.29662 0.70338
0.08283 0.91717
0.08477 0.91523
0.17454 0.82546
0.55122 0.44878
0.94538 0.05462
0.22335 0.77665
0.98290 0.01710
0.58836 0.41164
0.98290 0.01710
0.58836 0.41164
0.08827 0.91173
0.51698 0.48302
0.61829 0.38171
0.93998 0.06002
0.50568 0.49432
0.96085 0.03915
0.60241 0.39759
0.86757 0.13243
0.86771 0.13229
0.80638 0.19362
0.81910 0.18090
0.15544 0.84456
0.10676 0.89324
0.85743 0.14257
0.35602 0.64398
0.31614 0.68386
0.39060 0.60940
0.23141 0.76859
0.08389 0.91611
0.13701 0.86299
0.15274 0.84726
0.19429 0.80571
0.72864 0.27136
0.07975 0.92025
0.15990 0.84010
0.51342 0.48658
0.31787 0.68213
0.11437 0.88563
0.03383 0.96617
0.07562 0.92438
0.42574 0.57426
0.45338 0.54662
0.12334 0.87666
0.12211 0.87789
0.98645 0.01355
0.99821 0.00179
0.97843 0.02157
0.99482 0.00518
0.99810 0.00190
0.98645 0.01355
0.99821 0.00179
0.97843 0.02157
0.99482 0.00518
0.99810 0.00190
0.17114 0.82886
0.77507 0.22493
0.17362 0.82638
0.75900 0.24100
0.29544 0.70456
0.13229 0.86771
0.98155 0.01845
0.81386 0.18614
0.67448 0.32552
0.71545 0.28455
0.92260 0.07740
0.90478 0.09522
0.99941 0.00059
0.94275 0.05725
0.99968 0.00032
0.79834 0.20166
0.99992 0.00008
0.74851 0.25149
0.99992 0.00008
0.84690 0.15310
0.91689 0.08311
0.87987 0.12013
0.58544 0.41456
0.78661 0.21339
0.53892 0.46108
0.87822 0.12178
0.99053 0.00947
0.83994 0.16006
0.99024 0.00976
0.99992 0.00008
0.98602 0.01398
0.93232 0.06768
0.98826 0.01174
0.99989 0.00011
0.76272 0.23728
0.93058 0.06942
0.20825 0.79175
0.11030 0.88970
0.12549 0.87451
0.41763 0.58237
0.15518 0.84482
0.66437 0.33563
0.93471 0.06529
0.26764 0.73236
0.78514 0.21486
0.99506 0.00494
0.99835 0.00165
0.60411 0.39589
0.26550 0.73450
0.41195 0.58805
0.93906 0.06094
0.93906 0.06094
0.96921 0.03079
0.74277 0.25723
0.74277 0.25723
0.98860 0.01140
0.70207 0.29793
0.70207 0.29793
0.98593 0.01407
0.49980 0.50020
0.49713 0.50287
0.98999 0.01001
0.93906 0.06094
0.93906 0.06094
0.96921 0.03079
0.70207 0.29793
0.70207 0.29793
0.98593 0.01407
0.93906 0.06094
0.93906 0.06094
0.96921 0.03079
0.99051 0.00949
0.99051 0.00949
0.67663 0.32337
0.67663 0.32337
0.98607 0.01393
0.42159 0.57841
0.66033 0.33967
0.41279 0.58721
0.91420 0.08580
0.95222 0.04778
0.95538 0.04462
0.99998 0.00002
0.40981 0.59019
0.41641 0.58359
0.17609 0.82391
0.25842 0.74158
0.26391 0.73609
0.78355 0.21645
0.36129 0.63871
0.36806 0.63194
0.99757 0.00243
0.99813 0.00187
0.95866 0.04134
0.99996 0.00004
0.99995 0.00005
0.99973 0.00027
0.99978 0.00022
0.81191 0.18809
0.82991 0.17009
0.86609 0.13391
0.73147 0.26853
0.90264 0.09736
0.20967 0.79033
0.99947 0.00053
0.99979 0.00021
0.87133 0.12867
0.94437 0.05563
0.35560 0.64440
0.96530 0.03470
0.88367 0.11633
0.53051 0.46949
0.72957 0.27043
0.81294 0.18706
0.52386 0.47614
0.64850 0.35150
0.92354 0.07646
0.99838 0.00162
0.99938 0.00062
0.79130 0.20870
0.99928 0.00072
0.99970 0.00030
0.58530 0.41470
0.99999 0.00001
1.00000 0.00000
0.89618 0.10382
0.64302 0.35698
1.00000 0.00000
1.00000 0.00000
1.00000 0.00000
0.88267 0.11733
0.78822 0.21178
0.92045 0.07955
0.96965 0.03035
0.23184 0.76816
0.97961 0.02039
0.98991 0.01009
0.96560 0.03440
0.83869 0.16131
0.90756 0.09244
0.08441 0.91559
0.31182 0.68818
0.96277 0.03723
0.98003 0.01997
0.34955 0.65045
0.60828 0.39172
0.74149 0.25851
0.38135 0.61865
0.93076 0.06924
0.93076 0.06924
0.89251 0.10749
0.32722 0.67278
0.55197 0.44803
0.09946 0.90054
0.30517 0.69483
0.97254 0.02746
0.68223 0.31777
0.59878 0.40122
0.56475 0.43525
0.17205 0.82795
0.22070 0.77930
0.24390 0.75610
0.11124 0.88876
0.34621 0.65379
0.72295 0.27705
0.84810 0.15190
0.68415 0.31585
0.16745 0.83255
0.28137 0.71863
0.58058 0.41942
0.73728 0.26272
0.62243 0.37757
0.28137 0.71863
0.58058 0.41942
0.64190 0.35810
0.99714 0.00286
0.62575 0.37425
0.99631 0.00369
0.99871 0.00129
0.78429 0.21571
0.28330 0.71670
0.56808 0.43192
0.88380 0.11620
0.89804 0.10196
0.43050 0.56950
0.45441 0.54559
0.76816 0.23184
0.78913 0.21087
0.22419 0.77581
0.36698 0.63301
0.22419 0.77581
0.36698 0.63301
0.73842 0.26158
0.54541 0.45459
0.95906 0.04094
0.90616 0.09384
0.66917 0.33083
0.99512 0.00488
0.25527 0.74473
0.31094 0.68906
0.99883 0.00117
0.99885 0.00115
0.99404 0.00596
0.99404 0.00596
0.37392 0.62608
0.45290 0.54710
0.45290 0.54710
0.34654 0.65346
0.65055 0.34945
0.65055 0.34945
0.62444 0.37556
0.43675 0.56325
0.95148 0.04852
0.62444 0.37556
0.43675 0.56325
0.95148 0.04852
0.62444 0.37556
0.43675 0.56325
0.95148 0.04852
0.07677 0.92323
0.07778 0.92222
0.09839 0.90161
0.08408 0.91592
0.12247 0.87753
0.36597 0.63403
0.15880 0.84120
0.51784 0.48216
0.61020 0.38980
0.73207 0.26793
0.67140 0.32860
0.99703 0.00297
0.58841 0.41159
0.24704 0.75296
0.74862 0.25138
0.87181 0.12819
0.86804 0.13196
0.99519 0.00481
0.99925 0.00075
0.99999 0.00001
0.87427 0.12573
0.99990 0.00010
0.86680 0.13320
0.99990 0.00010
0.86090 0.13910
0.99180 0.00820
0.98244 0.01756
0.91256 0.08744
0.98244 0.01756
0.60085 0.39915
0.30839 0.69161
0.15798 0.84202
0.59532 0.40468
0.98477 0.01523
0.99792 0.00208
0.99001 0.00999
0.59532 0.40468
0.98477 0.01523
0.23882 0.76118
0.18121 0.81879
0.22260 0.77740
0.57017 0.42983
0.49402 0.50598
0.25658 0.74342
0.99996 0.00004
0.99989 0.00011
0.36730 0.63270
0.48023 0.51977
0.38707 0.61293
1.00000 0.00000
1.00000 0.00000
0.99998 0.00002
0.99999 0.00001
0.34987 0.65013
0.98892 0.01108
0.97766 0.02234
0.36874 0.63126
0.99971 0.00029
0.25385 0.74615
0.94206 0.05794
0.99865 0.00135
0.99996 0.00004
0.99967 0.00033
0.97325 0.02675
0.99992 0.00008
0.99997 0.00003
0.97480 0.02520
0.98177 0.01823
0.99990 0.00010
0.38607 0.61393
0.84818 0.15182
0.94681 0.05319
0.86412 0.13588
0.90996 0.09004
0.92363 0.07637
0.93013 0.06987
0.86316 0.13684
0.88494 0.11506
0.76598 0.23402
0.98169 0.01831
0.98968 0.01032
0.85506 0.14494
0.99268 0.00732
0.67670 0.32330
0.26602 0.73398
0.77841 0.22159
0.98695 0.01305
0.07836 0.92164
0.52792 0.47208
0.80658 0.19342
0.20623 0.79377
0.30587 0.69413
0.79907 0.20093
0.19177 0.80823
0.27079 0.72921
0.99998 0.00002
0.12731 0.87269
0.19016 0.80984
0.15506 0.84494
0.74650 0.25350
0.26188 0.73812
0.61447 0.38553
0.99958 0.00042
0.37579 0.62421
0.90294 0.09706
0.94306 0.05694
0.99998 0.00002
0.99923 0.00077
0.80887 0.19113
0.25847 0.74153
0.59392 0.40608
0.65784 0.34216
0.73795 0.26205
0.59302 0.40698
0.06543 0.93457
0.17721 0.82279
0.15878 0.84122
0.76545 0.23455
0.98733 0.01267
0.97827 0.02173
0.74025 0.25975
0.58021 0.41979
0.99999 0.00001
0.07257 0.92743
0.13052 0.86948
0.16179 0.83821
0.32803 0.67197
0.08821 0.91179
0.07267 0.92733
0.99866 0.00134
0.03707 0.96293
0.11035 0.88965
0.90763 0.09237
0.09660 0.90340
0.08879 0.91121
0.95483 0.04517
1.00000 0.00000
0.94982 0.05018
0.97840 0.02160
0.98841 0.01159
0.96897 0.03103
0.95588 0.04412
0.89822 0.10178
0.99988 0.00012
0.90414 0.09586
0.95588 0.04412
0.89822 0.10178
0.56984 0.43016
0.46963 0.53037
0.48142 0.51858
0.23421 0.76579
0.99181 0.00819
0.24352 0.75648
0.99668 0.00332
0.32690 0.67310
0.34256 0.65744
0.98805 0.01195
0.53833 0.46167
0.36901 0.63099
0.44309 0.55691
0.37929 0.62071
0.47944 0.52056
0.37929 0.62071
0.45395 0.54605
0.21017 0.78983
0.99996 0.00004
0.39786 0.60214
0.43727 0.56273
0.99693 0.00307
0.98223 0.01777
0.41557 0.58443
0.48351 0.51649
0.81447 0.18553
0.46817 0.53183
0.30701 0.69299
0.23042 0.76958
0.86221 0.13779
0.89511 0.10489
0.79394 0.20606
0.42054 0.57946
0.87932 0.12068
0.16275 0.83725
0.78523 0.21477
0.19361 0.80639
0.61865 0.38135
0.61865 0.38135
0.24421 0.75579
0.63050 0.36950
0.62105 0.37895
0.97313 0.02687
0.89827 0.10173
0.81645 0.18355
0.97313 0.02687
0.28428 0.71572
0.79536 0.20464
0.74929 0.25071
0.92618 0.07382
0.43532 0.56468
0.50389 0.49611
0.50116 0.49884
0.59548 0.40452
0.59548 0.40452
0.41298 0.58702
0.41298 0.58702
0.49529 0.50471
0.49529 0.50471
0.48763 0.51237
0.48763 0.51237
0.61312 0.38688
0.70243 0.29757
0.43486 0.56514
0.53663 0.46337
0.51414 0.48586
0.49530 0.50470
0.58817 0.41183
0.57741 0.42259
0.44172 0.55828
0.44172 0.55828
0.99005 0.00995
0.75648 0.24352
0.81815 0.18185
0.67129 0.32871
0.44272 0.55728
0.54088 0.45912
0.11810 0.88190
0.31120 0.68880
0.13384 0.86616
0.13384 0.86616
0.72597 0.27403
0.72597 0.27403
0.15181 0.84819
0.15181 0.84819
0.20156 0.79844
0.66750 0.33250
0.44666 0.55334
0.85054 0.14946
0.85054 0.14946
0.97816 0.02184
0.94360 0.05640
0.52433 0.47567
0.36821 0.63179
0.78332 0.21668
0.76604 0.23396
0.34037 0.65963
0.18510 0.81490
0.90255 0.09745
0.38703 0.61297
0.90808 0.09192
0.99983 0.00017
0.96366 0.03634
0.38212 0.61788
0.95041 0.04959
0.43059 0.56941
0.94032 0.05968
0.99992 0.00008
0.97866 0.02134
0.39537 0.60463
0.35542 0.64458
0.30949 0.69051
0.31762 0.68238
0.95909 0.04091
0.87378 0.12622
0.87378 0.12622
0.87378 0.12622
0.87378 0.12622
0.87475 0.12525
0.91115 0.08885
0.87475 0.12525
0.91115 0.08885
0.06183 0.93817
0.98447 0.01553
0.99951 0.00049
0.42841 0.57159
0.83009 0.16991
0.79549 0.20451
0.60111 0.39889
0.62486 0.37514
0.59215 0.40785
0.62486 0.37514
0.74944 0.25056
0.58893 0.41107
0.58893 0.41107
0.63032 0.36968
0.63032 0.36968
0.76479 0.23521
0.74179 0.25821
0.76479 0.23521
0.74179 0.25821
0.10036 0.89964
0.60430 0.39570
0.55775 0.44225
0.38776 0.61224
0.29660 0.70340
0.11463 0.88537
0.11397 0.88603
0.87573 0.12427
0.91109 0.08891
0.19371 0.80629
0.98647 0.01353
0.56696 0.43304
0.34018 0.65982
0.49325 0.50675
0.27379 0.72621
0.22355 0.77645
0.14186 0.85814
0.20796 0.79204
0.20087 0.79913
0.99945 0.00055
0.99918 0.00082
0.83221 0.16779
0.96873 0.03127
0.99417 0.00583
0.99417 0.00583
0.99390 0.00610
0.99390 0.00610
0.14619 0.85381
0.33398 0.66602
0.89921 0.10079
0.92501 0.07499
0.71489 0.28511
0.44683 0.55317
0.89439 0.10561
0.77760 0.22240
0.89439 0.10561
0.29766 0.70234
0.17680 0.82320
0.64840 0.35160
0.40401 0.59599
0.99086 0.00914
0.15918 0.84082
0.19128 0.80872
0.21773 0.78227
0.42483 0.57517
0.49170 0.50830
0.53117 0.46883
0.61774 0.38226
0.69571 0.30429
0.77361 0.22639
0.98831 0.01169
0.96259 0.03741
0.61204 0.38796
0.33230 0.66770
0.87998 0.12002
0.79559 0.20441
0.49414 0.50586
0.94367 0.05633
0.22935 0.77065
0.81594 0.18406
0.62380 0.37620
0.84309 0.15691
0.97335 0.02665
0.97335 0.02665
0.56669 0.43331
0.37985 0.62015
0.81323 0.18677
0.56669 0.43331
0.81323 0.18677
0.99381 0.00619
0.99888 0.00112
0.51014 0.48986
0.99381 0.00619
0.51014 0.48986
0.51597 0.48403
0.99958 0.00042
0.97514 0.02486
0.99970 0.00030
0.97512 0.02488
0.93630 0.06370
0.99928 0.00072
0.87886 0.12114
0.76923 0.23077
0.99828 0.00172
0.76869 0.23131
0.79240 0.20760
0.63066 0.36934
0.90239 0.09761
0.90239 0.09761
0.87331 0.12669
0.92818 0.07182
0.94409 0.05591
0.18567 0.81433
0.95587 0.04413
0.95177 0.04823
0.98487 0.01513
0.99934 0.00066
0.97563 0.02437
0.88098 0.11902
0.99996 0.00004
0.19706 0.80294
0.92419 0.07581
0.16778 0.83222
0.99228 0.00772
0.94746 0.05254
0.52753 0.47247
0.96453 0.03547
0.99829 0.00171
0.96330 0.03670
0.99825 0.00175
0.99829 0.00171
0.96330 0.03670
0.99825 0.00175
0.99960 0.00040
0.95461 0.04539
0.99959 0.00041
0.99960 0.00040
0.95461 0.04539
0.99959 0.00041
0.99177 0.00823
0.20390 0.79610
0.91074 0.08926
0.94785 0.05215
0.08276 0.91724
0.99638 0.00362
0.99732 0.00268
0.99522 0.00478
0.99511 0.00489
0.79489 0.20511
0.99445 0.00555
0.32154 0.67846
0.99670 0.00330
0.92748 0.07252
0.99968 0.00032
0.93298 0.06702
0.93298 0.06702
0.63212 0.36788
0.63600 0.36400
0.14156 0.85844
0.95732 0.04268
0.99882 0.00118
0.90341 0.09659
0.10565 0.89435
0.10428 0.89572
0.86464 0.13536
0.12068 0.87932
0.13177 0.86823
0.11917 0.88083
0.05154 0.94846
0.18506 0.81494
0.18328 0.81672
0.86780 0.13220
0.34360 0.65640
0.99991 0.00009
0.99990 0.00010
0.99990 0.00010
0.99990 0.00010
0.99892 0.00108
0.86232 0.13768
0.97899 0.02101
0.98514 0.01486
0.91505 0.08495
0.51642 0.48358
0.32781 0.67219
0.28149 0.71851
0.30353 0.69647
0.18578 0.81422
0.21025 0.78975
0.57107 0.42893
0.75618 0.24382
0.23656 0.76344
0.53213 0.46787
0.99747 0.00253
0.99756 0.00244
0.99987 0.00013
0.99987 0.00013
0.99988 0.00012
0.99988 0.00012
0.99992 0.00008
0.99992 0.00008
0.99992 0.00008
0.91586 0.08414
0.47058 0.52942
0.99991 0.00009
0.63695 0.36305
0.99991 0.00009
0.99797 0.00203
0.99803 0.00197
0.99803 0.00197
0.12146 0.87854
0.21127 0.78873
0.24958 0.75042
0.15576 0.84424
0.75252 0.24748
0.53394 0.46606
0.94051 0.05949
0.19170 0.80830
0.70391 0.29609
0.36259 0.63741
0.98988 0.01012
0.99294 0.00706
0.50441 0.49559
0.23331 0.76669
0.25067 0.74933
0.99925 0.00075
0.90368 0.09632
0.11970 0.88030
0.99080 0.00920
0.11039 0.88961
0.19957 0.80043
0.30683 0.69317
0.23831 0.76169
0.40737 0.59263
0.94443 0.05557
0.26029 0.73971
0.74012 0.25988
0.51586 0.48414
0.97831 0.02169
0.98885 0.01115
0.97501 0.02499
0.99387 0.00613
0.98694 0.01306
0.99742 0.00258
0.19508 0.80492
0.99644 0.00356
0.99644 0.00356
0.99644 0.00356
0.99472 0.00528
0.99472 0.00528
0.99472 0.00528
0.25544 0.74456
0.37984 0.62016
0.99978 0.00022
0.98305 0.01695
0.99935 0.00065
0.99138 0.00862
0.90047 0.09953
0.98520 0.01480
0.99935 0.00065
0.99138 0.00862
0.93394 0.06606
0.79905 0.20095
0.17207 0.82793
0.99682 0.00318
0.99915 0.00085
0.99270 0.00730
0.99904 0.00096
0.17247 0.82753
0.38604 0.61396
0.60423 0.39577
0.88974 0.11026
0.91710 0.08290
0.39064 0.60936
0.24843 0.75157
0.33341 0.66659
0.41506 0.58494
0.41506 0.58494
0.44875 0.55125
0.44875 0.55125
0.46018 0.53982
0.99163 0.00837
0.99089 0.00911
0.64749 0.35251
0.91838 0.08162
0.98478 0.01522
0.20217 0.79783
0.80164 0.19836
0.99978 0.00022
0.99999 0.00001
0.88091 0.11909
0.99164 0.00836
0.99164 0.00836
0.99164 0.00836
0.92437 0.07563
0.92437 0.07563
0.92437 0.07563
0.99164 0.00836
0.99164 0.00836
0.99164 0.00836
0.99164 0.00836
0.99164 0.00836
0.99164 0.00836
0.98067 0.01933
0.99886 0.00114
0.72049 0.27951
0.99980 0.00020
0.99778 0.00222
0.72999 0.27001
0.70658 0.29342
0.89694 0.10306
0.77826 0.22174
0.99996 0.00004
0.64233 0.35767
0.99996 0.00004
0.12365 0.87635
0.99593 0.00407
0.99375 0.00625
0.51409 0.48591
0.51464 0.48536
0.51623 0.48377
0.14674 0.85326
0.24393 0.75607
0.36696 0.63304
0.29098 0.70902
0.36421 0.63579
0.03272 0.96728
0.82207 0.17793
0.93103 0.06897
0.09914 0.90086
0.24303 0.75697
0.99986 0.00014
0.99092 0.00908
0.99651 0.00349
0.89530 0.10470
0.99841 0.00159
0.99927 0.00073
0.99978 0.00022
0.54581 0.45419
0.28659 0.71341
0.11957 0.88043
0.11957 0.88043
0.13622 0.86378
0.31741 0.68259
0.27294 0.72706
0.47435 0.52565
0.47435 0.52565
0.98662 0.01338
0.95705 0.04295
0.95924 0.04075
0.94540 0.05460
0.94854 0.05146
0.96336 0.03664
0.96575 0.03425
0.23647 0.76353
0.23647 0.76353
0.15882 0.84118
0.98358 0.01642
0.99748 0.00252
0.32914 0.67086
0.58319 0.41681
0.12084 0.87916
0.11421 0.88579
0.12084 0.87916
0.11421 0.88579
0.12908 0.87092
0.23390 0.76610
0.06962 0.93038
0.16215 0.83785
0.15255 0.84745
0.16881 0.83119
0.21539 0.78461
0.21539 0.78461
0.35862 0.64138
0.34883 0.65117
0.99741 0.00259
0.86258 0.13742
0.59728 0.40272
0.86515 0.13485
0.61998 0.38002
0.61998 0.38002
0.87289 0.12711
0.63471 0.36529
0.63471 0.36529
0.17977 0.82023
0.43968 0.56032
0.45495 0.54505
0.34056 0.65944
0.51439 0.48561
0.39554 0.60446
0.39554 0.60446
0.28043 0.71957
0.59614 0.40386
0.25695 0.74305
0.17543 0.82457
0.05136 0.94864
0.09295 0.90705
0.98634 0.01366
0.99265 0.00735
0.27591 0.72409
0.89763 0.10237
0.13258 0.86742
0.99732 0.00268
0.99986 0.00014
0.99991 0.00009
1.00000 0.00000
0.99994 0.00006
0.05884 0.94116
0.31905 0.68095
0.11610 0.88390
0.81297 0.18703
0.24404 0.75596
0.50506 0.49494
0.98417 0.01583
0.99819 0.00181
0.99840 0.00160
0.99840 0.00160
0.02522 0.97478
0.47594 0.52406
0.79948 0.20052
0.39949 0.60051
0.99994 0.00006
0.89100 0.10900
0.90537 0.09463
0.99998 0.00002
0.99998 0.00002
0.99999 0.00001
0.49125 0.50875
0.99991 0.00009
0.42369 0.57631
0.99988 0.00012
0.49558 0.50442
0.99991 0.00009
0.49808 0.50192
0.99992 0.00008
0.51908 0.48092
0.77505 0.22495
0.27182 0.72818
0.94509 0.05491
0.89834 0.10166
0.90926 0.09074
0.94079 0.05921
0.93955 0.06045
0.93021 0.06979
0.97820 0.02180
0.97867 0.02133
0.97514 0.02486
0.98742 0.01258
0.98608 0.01392
0.98608 0.01392
0.96461 0.03539
0.96142 0.03858
0.96142 0.03858
0.11298 0.88702
0.93599 0.06401
0.45812 0.54188
0.97128 0.02872
0.37801 0.62199
0.99544 0.00456
0.95488 0.04512
0.98722 0.01278
0.98246 0.01754
0.22514 0.77486
0.33718 0.66282
0.84701 0.15299
0.97103 0.02897
0.88981 0.11019
0.07968 0.92032
0.07628 0.92372
0.08168 0.91832
0.07968 0.92032
0.07628 0.92372
0.08168 0.91832
0.99939 0.00061
0.35210 0.64790
0.44850 0.55150
0.40520 0.59480
0.99924 0.00076
0.83801 0.16199
0.74468 0.25532
0.99986 0.00014
0.69917 0.30083
0.82679 0.17321
0.99878 0.00122
0.99974 0.00026
0.66114 0.33886
0.99980 0.00020
0.99939 0.00061
0.94710 0.05290
0.99863 0.00137
0.46122 0.53878
0.54443 0.45557
0.49602 0.50398
0.99863 0.00137
0.99891 0.00109
0.99698 0.00302
0.99891 0.00109
0.99695 0.00305
0.99996 0.00004
0.59737 0.40263
0.46849 0.53151
0.59737 0.40263
0.46840 0.53160
0.79250 0.20750
0.50789 0.49211
0.37886 0.62114
0.50789 0.49211
0.37847 0.62153
0.72653 0.27347
0.99891 0.00109
0.99698 0.00302
0.99891 0.00109
0.99695 0.00305
0.99996 0.00004
0.54555 0.45445
0.41616 0.58384
0.54555 0.45445
0.41537 0.58463
0.75552 0.24448
0.99999 0.00001
0.99982 0.00018
0.99997 0.00003
0.68668 0.31332
0.94567 0.05433
0.98534 0.01466
0.98473 0.01527
0.83942 0.16058
0.83942 0.16058
0.98473 0.01527
0.98591 0.01409
0.98535 0.01465
0.84308 0.15692
0.84308 0.15692
0.98535 0.01465
0.98212 0.01788
0.98162 0.01838
0.82163 0.17837
0.82163 0.17837
0.98162 0.01838
0.41301 0.58699
0.99620 0.00380
0.38085 0.61915
0.38085 0.61915
0.99620 0.00380
0.99568 0.00432
0.95508 0.04492
0.94801 0.05199
0.94801 0.05199
0.95508 0.04492
0.99683 0.00317
0.96642 0.03358
0.42466 0.57534
0.42466 0.57534
0.96642 0.03358
0.99683 0.00317
0.96642 0.03358
0.42466 0.57534
0.42466 0.57534
0.96642 0.03358
0.98647 0.01353
0.13680 0.86320
0.05984 0.94016
0.18771 0.81229
0.12200 0.87800
0.08877 0.91123
0.19453 0.80547
0.39826 0.60174
0.38328 0.61672
0.54901 0.45099
0.54277 0.45723
0.09546 0.90454
0.29790 0.70210
0.28430 0.71570
0.40310 0.59690
0.27194 0.72806
0.10989 0.89011
0.20692 0.79308
0.21764 0.78236
0.20900 0.79100
0.46990 0.53010
0.89024 0.10976
0.99558 0.00442
0.79632 0.20368
0.99016 0.00984
0.89024 0.10976
0.99558 0.00442
0.79632 0.20368
0.99016 0.00984
0.87567 0.12433
0.97898 0.02102
0.87567 0.12433
0.97898 0.02102
0.78526 0.21474
0.95791 0.04209
0.88320 0.11680
0.97898 0.02102
0.98676 0.01324
0.93905 0.06095
0.98676 0.01324
0.93905 0.06095
0.97432 0.02568
0.88653 0.11347
0.77844 0.22156
0.72726 0.27274
0.95373 0.04627
0.77844 0.22156
0.72726 0.27274
0.95373 0.04627
0.67175 0.32825
0.60834 0.39166
0.91870 0.08130
0.99165 0.00835
0.29992 0.70008
0.33127 0.66873
0.54182 0.45818
0.26649 0.73351
0.62019 0.37981
0.28642 0.71358
0.99906 0.00094
0.99908 0.00092
0.36503 0.63497
0.99725 0.00275
0.87548 0.12452
0.99866 0.00134
0.36274 0.63726
0.99969 0.00031
0.99640 0.00360
0.99926 0.00074
0.90227 0.09773
0.99490 0.00510
0.99723 0.00277
0.91659 0.08341
0.72137 0.27863
0.80297 0.19703
0.27042 0.72958
0.12064 0.87936
0.15245 0.84755
0.99816 0.00184
0.99816 0.00184
0.99816 0.00184
0.30615 0.69385
0.37083 0.62917
0.30615 0.69385
0.37083 0.62917
0.30615 0.69385
0.37083 0.62917
0.30615 0.69385
0.37083 0.62917
0.81490 0.18510
0.87672 0.12328
0.81490 0.18510
0.87672 0.12328
0.30615 0.69385
0.37083 0.62917
0.30615 0.69385
0.37083 0.62917
0.61284 0.38716
0.97277 0.02723
0.61284 0.38716
0.19459 0.80541
0.91821 0.08179
0.15610 0.84390
0.20973 0.79027
0.82524 0.17476
0.82755 0.17245
0.23959 0.76041
0.96011 0.03989
0.16217 0.83783
0.79544 0.20456
0.24700 0.75300
0.99160 0.00840
0.99889 0.00111
0.77154 0.22846
0.73457 0.26543
0.21023 0.78977
0.73457 0.26543
0.21023 0.78977
0.88201 0.11799
0.95936 0.04064
0.51260 0.48740
0.57687 0.42313
0.31420 0.68580
0.52212 0.47788
0.58615 0.41385
0.86960 0.13040
0.61203 0.38797
0.44590 0.55410
0.44590 0.55410
0.44590 0.55410
0.44590 0.55410
0.77300 0.22700
0.26007 0.73993
0.43846 0.56154
0.30401 0.69599
0.23660 0.76340
0.18065 0.81935
0.90789 0.09211
0.71132 0.28868
0.20141 0.79859
0.34966 0.65034
0.23885 0.76115
0.70477 0.29523
0.46819 0.53181
0.43257 0.56743
0.22464 0.77536
0.97555 0.02445
0.30521 0.69479
0.36205 0.63795
0.97029 0.02971
0.93022 0.06978
0.32965 0.67035
0.27406 0.72594
0.10463 0.89537
0.56137 0.43863
0.18794 0.81206
0.84770 0.15230
0.77681 0.22319
0.13752 0.86248
0.13764 0.86236
0.71079 0.28921
0.11412 0.88588
0.12670 0.87330
0.73914 0.26086
0.12031 0.87969
0.11480 0.88520
0.53335 0.46665
0.35725 0.64275
0.53335 0.46665
0.35725 0.64275
0.17980 0.82020
0.26052 0.73948
0.42370 0.57630
0.57455 0.42545
0.65430 0.34570
0.56564 0.43436
0.72905 0.27095
0.25233 0.74767
0.45545 0.54455
0.72111 0.27889
0.45545 0.54455
0.72111 0.27889
0.99664 0.00336
0.82740 0.17260
0.99660 0.00340
0.90841 0.09159
0.90700 0.09300
0.55021 0.44979
0.54966 0.45034
0.55021 0.44979
0.54966 0.45034
0.55021 0.44979
0.55021 0.44979
0.98177 0.01823
0.98175 0.01825
0.56772 0.43228
0.99052 0.00948
0.23526 0.76474
0.76041 0.23959
0.61420 0.38580
0.65383 0.34617
0.99968 0.00032
0.29970 0.70030
0.29223 0.70777
0.36356 0.63644
0.27337 0.72663
0.89808 0.10192
0.11698 0.88302
0.12854 0.87146
0.13552 0.86448
0.39775 0.60225
0.20333 0.79667
0.90622 0.09378
0.62381 0.37619
0.67943 0.32057
0.14937 0.85063
0.14937 0.85063
0.14937 0.85063
0.14053 0.85947
0.14053 0.85947
0.14053 0.85947
0.25803 0.74197
0.25803 0.74197
0.25803 0.74197
0.99386 0.00614
0.98043 0.01957
0.99479 0.00521
0.32335 0.67665
0.28370 0.71630
0.99965 0.00035
0.33476 0.66524
0.98556 0.01444
0.96630 0.03370
0.38696 0.61304
0.39576 0.60424
0.99783 0.00217
0.99929 0.00071
0.98557 0.01443
0.99886 0.00114
0.99956 0.00044
0.99997 0.00003
0.94528 0.05472
0.97918 0.02082
0.15339 0.84661
0.50933 0.49067
0.06937 0.93063
0.18495 0.81505
0.23700 0.76300
0.99839 0.00161
0.99908 0.00092
0.09037 0.90963
0.72601 0.27399
0.93838 0.06162
0.99998 0.00002
0.99984 0.00016
0.95790 0.04210
0.15573 0.84427
0.63169 0.36831
0.93274 0.06726
0.12102 0.87898
0.91119 0.08881
0.35715 0.64285
0.32550 0.67450
0.35633 0.64367
0.33844 0.66156
0.35823 0.64177
0.54481 0.45519
0.50109 0.49891
0.54481 0.45519
0.50109 0.49891
0.33736 0.66264
0.99983 0.00017
0.54662 0.45338
0.99981 0.00019
0.36867 0.63133
0.29211 0.70789
0.29211 0.70789
0.33773 0.66227
0.21894 0.78106
0.25386 0.74614
0.89157 0.10843
0.88390 0.11610
0.18413 0.81587
0.35408 0.64592
0.40947 0.59053
0.26418 0.73582
0.53672 0.46328
0.83889 0.16111
0.68947 0.31053
0.94507 0.05493
0.57053 0.42947
0.48313 0.51687
0.59279 0.40721
0.83400 0.16600
0.71604 0.28396
0.97280 0.02720
0.71604 0.28396
0.97055 0.02945
0.16185 0.83815
0.28944 0.71056
0.98788 0.01212
0.28944 0.71056
0.28944 0.71056
0.98750 0.01250
0.28944 0.71056
0.15332 0.84668
0.88547 0.11453
0.29682 0.70318
0.18638 0.81362
0.30112 0.69888
0.24349 0.75651
0.29682 0.70318
0.18638 0.81362
0.30112 0.69888
0.24349 0.75651
0.09834 0.90166
0.63933 0.36067
0.62437 0.37563
0.30686 0.69314
0.74617 0.25383
0.63954 0.36046
0.26136 0.73864
0.26136 0.73864
0.32519 0.67481
0.99980 0.00020
0.79641 0.20359
0.80402 0.19598
0.13653 0.86347
0.85779 0.14221
0.84235 0.15765
0.64684 0.35316
0.99994 0.00006
0.99994 0.00006
0.99999 0.00001
0.99996 0.00004
0.99996 0.00004
0.64050 0.35950
0.99987 0.00013
0.99988 0.00012
0.48458 0.51542
0.48036 0.51964
0.48036 0.51964
0.25909 0.74091
0.25651 0.74349
0.25651 0.74349
0.99869 0.00131
0.37999 0.62001
0.37999 0.62001
0.98299 0.01701
0.86101 0.13899
0.90557 0.09443
0.99920 0.00080
0.16438 0.83562
0.13187 0.86813
0.19561 0.80439
0.18525 0.81475
0.92251 0.07749
0.97674 0.02326
0.99993 0.00007
0.99636 0.00364
0.99897 0.00103
0.38141 0.61859
0.43720 0.56280
0.99557 0.00443
0.42899 0.57101
0.19811 0.80189
0.99357 0.00643
0.99831 0.00169
0.99958 0.00042
0.78624 0.21376
0.78188 0.21812
0.91080 0.08920
0.99792 0.00208
0.91043 0.08957
0.83848 0.16152
0.99773 0.00227
0.83848 0.16152
0.99775 0.00225
0.99775 0.00225
0.99775 0.00225
0.80162 0.19838
0.79140 0.20860
0.92909 0.07091
0.92909 0.07091
0.79351 0.20649
0.90325 0.09675
0.22155 0.77845
0.30871 0.69129
0.36262 0.63738
0.60982 0.39018
0.44588 0.55412
0.98928 0.01072
0.67503 0.32497
0.67503 0.32497
0.99244 0.00756
0.20036 0.79964
0.25794 0.74206
0.91218 0.08782
0.99998 0.00002
0.96892 0.03108
0.50352 0.49648
0.76523 0.23477
0.27245 0.72755
0.99973 0.00027
0.89983 0.10017
0.96578 0.03422
0.99997 0.00003
0.78408 0.21592
0.08651 0.91349
0.59211 0.40789
0.15614 0.84386
0.99989 0.00011
0.99999 0.00001
0.99989 0.00011
0.99999 0.00001
0.99970 0.00030
0.27842 0.72158
0.67562 0.32438
0.76621 0.23379
0.79558 0.20442
0.86141 0.13859
0.89707 0.10293
0.91403 0.08597
0.68923 0.31077
0.76298 0.23702
0.79243 0.20757
0.94368 0.05632
0.17758 0.82242
0.99965 0.00035
0.33046 0.66954
0.84916 0.15084
0.40004 0.59996
0.34014 0.65986
0.40004 0.59996
0.34014 0.65986
0.26738 0.73262
0.20685 0.79315
0.19847 0.80153
0.99246 0.00754
0.82529 0.17471
0.37709 0.62291
0.99246 0.00754
0.82529 0.17471
0.37709 0.62291
0.74491 0.25509
0.20737 0.79263
0.28059 0.71941
0.76737 0.23263
0.28059 0.71941
0.76737 0.23263
0.99635 0.00365
0.68217 0.31783
0.07323 0.92677
0.08613 0.91387
0.07209 0.92791
0.17767 0.82233
0.88641 0.11359
0.99157 0.00843
0.23835 0.76165
0.75877 0.24123
0.91335 0.08665
0.82970 0.17030
0.19488 0.80512
0.75691 0.24309
0.99983 0.00017
0.41228 0.58772
0.16784 0.83216
0.99993 0.00007
0.99994 0.00006
0.94100 0.05900
0.98905 0.01095
0.56756 0.43244
0.98905 0.01095
0.98905 0.01095
0.28483 0.71517
0.99598 0.00402
0.99897 0.00103
0.99598 0.00402
0.99549 0.00451
0.86836 0.13164
0.22485 0.77515
0.89691 0.10309
0.70055 0.29945
0.88698 0.11302
0.64752 0.35248
0.97373 0.02627
0.68112 0.31888
0.35083 0.64917
0.96063 0.03937
0.91099 0.08901
0.96465 0.03536
0.99771 0.00229
0.99943 0.00057
0.89428 0.10572
0.91938 0.08062
0.54011 0.45989
0.91603 0.08397
0.54011 0.45989
0.91603 0.08397
1.00000 0.00000
0.31636 0.68364
0.96076 0.03924
0.47720 0.52280
0.53872 0.46128
0.96912 0.03088
0.99998 0.00002
0.84602 0.15398
0.99993 0.00007
0.91602 0.08398
0.44547 0.55453
0.28269 0.71731
0.45305 0.54695
0.99355 0.00645
0.63785 0.36215
0.99824 0.00176
0.57373 0.42627
0.12896 0.87104
0.70144 0.29856
0.07209 0.92791
0.96685 0.03315
0.97666 0.02334
0.06430 0.93570
0.99857 0.00143
0.99975 0.00025
0.99862 0.00138
0.31589 0.68411
0.39785 0.60215
0.97475 0.02525
0.22649 0.77351
0.59392 0.40608
0.99969 0.00031
0.99832 0.00168
0.99930 0.00070
0.99676 0.00324
0.37604 0.62396
0.95407 0.04593
0.99959 0.00041
0.46799 0.53201
0.99985 0.00015
0.99971 0.00029
0.99994 0.00006
0.99971 0.00029
0.99994 0.00006
0.99985 0.00015
0.98306 0.01694
0.78256 0.21744
0.94662 0.05338
0.70660 0.29340
0.86579 0.13421
0.25749 0.74251
0.97810 0.02190
0.12775 0.87225
0.91738 0.08262
0.95839 0.04161
0.97694 0.02306
0.24996 0.75004
0.94620 0.05380
1.00000 0.00000
0.70019 0.29981
0.80491 0.19509
0.86728 0.13272
0.80491 0.19509
0.81144 0.18856
0.22979 0.77021
0.09654 0.90346
0.18234 0.81766
0.16420 0.83580
0.98468 0.01532
0.14784 0.85216
0.12153 0.87847
0.43806 0.56194
0.35117 0.64883
0.99207 0.00793
0.58122 0.41878
0.99687 0.00313
0.33423 0.66577
0.30529 0.69471
0.25725 0.74275
0.21116 0.78884
0.38535 0.61465
0.36856 0.63144
0.19404 0.80596
0.52982 0.47018
0.15091 0.84909
0.79483 0.20517
0.22631 0.77369
0.99697 0.00303
0.99998 0.00002
0.99935 0.00065
0.95165 0.04835
0.91415 0.08585
0.49800 0.50200
0.23363 0.76637
0.20103 0.79897
0.89837 0.10163
0.18608 0.81392
0.77953 0.22047
0.79835 0.20165
0.71899 0.28101
0.99703 0.00297
0.91166 0.08834
0.99715 0.00285
0.45507 0.54493
0.99726 0.00274
0.15130 0.84870
0.13981 0.86019
0.16973 0.83027
0.13981 0.86019
0.16973 0.83027
0.50926 0.49074
0.50926 0.49074
0.99863 0.00137
0.99959 0.00041
0.98651 0.01349
0.50926 0.49074
0.50926 0.49074
0.50926 0.49074
0.99863 0.00137
0.99959 0.00041
0.98651 0.01349
0.50926 0.49074
0.33572 0.66428
0.99818 0.00182
0.99547 0.00453
0.33572 0.66428
0.33572 0.66428
0.99818 0.00182
0.99547 0.00453
0.33572 0.66428
0.99746 0.00254
0.27856 0.72144
0.38076 0.61924
0.95480 0.04520
0.97557 0.02443
0.13673 0.86327
0.14949 0.85051
0.33494 0.66506
0.92492 0.07508
0.83998 0.16002
0.93429 0.06571
0.81005 0.18995
0.31543 0.68457
0.50335 0.49665
0.48592 0.51408
0.99634 0.00366
0.48592 0.51408
0.49619 0.50381
0.99634 0.00366
0.39460 0.60540
0.39460 0.60540
0.90647 0.09353
0.35353 0.64647
0.73606 0.26394
0.95245 0.04755
0.41741 0.58259
0.48779 0.51221
0.69265 0.30735
0.08695 0.91305
0.16861 0.83139
0.92938 0.07062
0.10089 0.89911
0.45380 0.54620
0.74430 0.25570
0.70345 0.29655
0.99970 0.00030
0.99930 0.00070
0.99644 0.00356
0.99941 0.00059
0.99851 0.00149
0.99818 0.00182
0.99760 0.00240
0.99441 0.00559
0.41610 0.58390
0.34411 0.65589
0.98409 0.01591
0.98409 0.01591
0.95807 0.04193
0.95807 0.04193
0.99813 0.00187
0.99490 0.00510
0.99627 0.00373
0.52957 0.47043
0.43817 0.56183
0.82571 0.17429
0.86310 0.13690
0.68956 0.31044
0.73212 0.26788
0.68404 0.31596
0.16932 0.83068
0.99470 0.00530
0.29901 0.70099
0.99832 0.00168
0.28448 0.71552
0.17480 0.82520
0.06040 0.93960
0.10707 0.89293
0.38828 0.61172
0.18204 0.81796
0.99532 0.00468
0.96659 0.03341
0.97168 0.02832
0.07734 0.92266
0.12202 0.87798
0.86451 0.13549
0.47161 0.52839
0.99568 0.00432
0.99998 0.00002
0.87899 0.12101
0.98534 0.01466
0.35023 0.64977
0.96227 0.03773
0.97925 0.02075
0.74582 0.25418
0.58609 0.41391
0.99315 0.00685
0.99969 0.00031
0.49421 0.50579
0.99972 0.00028
0.11166 0.88834
0.37053 0.62947
0.99791 0.00209
1.00000 0.00000
1.00000 0.00000
0.99546 0.00454
0.99788 0.00212
0.99975 0.00025
0.93375 0.06625
0.06961 0.93039
0.33839 0.66161
0.09720 0.90280
0.98925 0.01075
0.07184 0.92816
0.99975 0.00025
0.99987 0.00013
0.24675 0.75325
0.36972 0.63028
0.99902 0.00098
0.99940 0.00060
0.99966 0.00034
0.96586 0.03414
0.98906 0.01094
0.14770 0.85230
0.13533 0.86467
0.99909 0.00091
0.46225 0.53775
0.96483 0.03517
0.13650 0.86350
0.44375 0.55625
0.99301 0.00699
0.25588 0.74412
0.31081 0.68919
0.63711 0.36289
0.56802 0.43198
0.80779 0.19221
0.58819 0.41181
0.88761 0.11239
0.99819 0.00181
0.97894 0.02106
0.99399 0.00601
0.99896 0.00104
0.99549 0.00451
