0.55624 0.44376
0.57076 0.42924
0.56781 0.43219
0.57170 0.42830
0.57687 0.42313
0.55732 0.44268
0.56022 0.43978
0.56616 0.43384
0.56571 0.43429
0.56564 0.43436
0.55709 0.44291
0.56341 0.43659
0.56020 0.43980
0.55955 0.44045
0.57527 0.42473
0.55716 0.44284
0.55795 0.44205
0.55782 0.44218
0.55473 0.44527
0.57199 0.42801
0.57259 0.42741
0.57285 0.42715
0.57332 0.42668
0.57396 0.42604
0.55881 0.44119
0.56362 0.43638
0.56125 0.43875
0.56367 0.43633
0.56099 0.43901
0.56333 0.43667
0.56226 0.43774
0.56207 0.43793
0.56710 0.43290
0.56959 0.43041
0.56918 0.43082
0.56918 0.43082
0.56918 0.43082
0.56808 0.43192
0.57061 0.42939
0.57006 0.42994
0.57006 0.42994
0.57006 0.42994
0.56808 0.43192
0.57061 0.42939
0.57006 0.42994
0.57006 0.42994
0.57006 0.42994
0.56344 0.43656
0.56439 0.43561
0.56344 0.43656
0.56414 0.43586
0.56581 0.43419
0.56414 0.43586
0.56581 0.43419
0.57758 0.42242
0.57470 0.42530
0.56053 0.43947
0.56493 0.43507
0.56821 0.43179
0.57123 0.42877
0.56800 0.43200
0.55504 0.44496
0.55568 0.44432
0.57035 0.42965
0.57006 0.42994
0.57006 0.42994
0.56838 0.43162
0.56942 0.43058
0.56683 0.43317
0.56655 0.43345
0.56655 0.43345
0.56442 0.43558
0.56703 0.43297
0.57001 0.42999
0.56440 0.43560
0.56493 0.43507
0.55834 0.44166
0.55481 0.44519
0.55622 0.44378
0.56058 0.43942
0.56879 0.43121
0.56872 0.43128
0.55373 0.44627
0.56861 0.43139
0.56997 0.43003
0.56861 0.43139
0.56863 0.43137
0.56040 0.43960
0.55214 0.44786
0.57677 0.42323
0.56698 0.43302
0.55288 0.44712
0.55599 0.44401
0.55288 0.44712
0.55599 0.44401
0.55621 0.44379
0.56340 0.43660
0.56502 0.43498
0.56652 0.43348
0.56589 0.43411
0.55493 0.44507
0.55803 0.44197
0.55415 0.44585
0.56824 0.43176
0.56149 0.43851
0.56200 0.43800
0.56056 0.43944
0.56584 0.43416
0.56778 0.43222
0.56790 0.43210
0.56831 0.43169
0.55991 0.44009
0.56240 0.43760
0.56015 0.43985
0.57218 0.42782
0.57182 0.42818
0.56937 0.43063
0.56989 0.43011
0.56994 0.43006
0.57179 0.42821
0.57673 0.42327
0.57764 0.42236
0.56576 0.43424
0.56574 0.43426
0.58262 0.41738
0.58025 0.41975
0.57345 0.42655
0.56295 0.43705
0.57124 0.42876
0.56843 0.43157
0.55844 0.44156
0.56071 0.43929
0.57597 0.42403
0.57597 0.42403
0.57550 0.42450
0.57550 0.42450
0.55612 0.44388
0.55680 0.44320
0.57397 0.42603
0.57397 0.42603
0.56249 0.43751
0.55661 0.44339
0.56573 0.43427
0.56229 0.43771
0.57210 0.42790
0.56614 0.43386
0.56596 0.43404
0.57111 0.42889
0.56206 0.43794
0.56202 0.43798
0.56266 0.43734
0.55941 0.44059
0.55720 0.44280
0.55113 0.44887
0.54887 0.45113
0.55611 0.44389
0.55550 0.44450
0.55942 0.44058
0.55861 0.44139
0.55548 0.44452
0.55625 0.44375
0.55548 0.44452
0.55625 0.44375
0.56628 0.43372
0.56698 0.43302
0.56487 0.43513
0.58276 0.41724
0.56483 0.43517
0.55425 0.44575
0.56483 0.43517
0.56486 0.43514
0.55425 0.44575
0.55425 0.44575
0.55425 0.44575
0.55599 0.44401
0.56127 0.43873
0.56358 0.43642
0.55998 0.44002
0.55878 0.44122
0.55737 0.44263
0.57099 0.42901
0.56795 0.43205
0.56697 0.43303
0.56195 0.43805
0.56207 0.43793
0.56102 0.43898
0.56101 0.43899
0.56558 0.43442
0.56411 0.43589
0.56707 0.43293
0.56982 0.43018
0.57064 0.42936
0.56196 0.43804
0.56029 0.43971
0.55254 0.44746
0.57993 0.42007
0.58001 0.41999
0.57684 0.42316
0.56461 0.43539
0.57665 0.42335
0.57823 0.42177
0.56839 0.43161
0.56876 0.43124
0.56188 0.43812
0.56188 0.43812
0.56189 0.43811
0.56189 0.43811
0.56807 0.43193
0.56807 0.43193
0.56604 0.43396
0.56066 0.43934
0.56427 0.43573
0.56625 0.43375
0.57168 0.42832
0.57378 0.42622
0.57162 0.42838
0.57763 0.42237
0.55464 0.44536
0.55464 0.44536
0.56235 0.43765
0.56235 0.43765
0.56775 0.43225
0.56590 0.43410
0.57158 0.42842
0.56190 0.43810
0.56118 0.43882
0.55957 0.44043
0.56175 0.43825
0.57067 0.42933
0.56792 0.43208
0.56778 0.43222
0.56389 0.43611
0.55640 0.44360
0.57397 0.42603
0.57611 0.42389
0.57251 0.42749
0.57023 0.42977
0.55684 0.44316
0.55482 0.44518
0.55194 0.44806
0.55482 0.44518
0.55482 0.44518
0.55194 0.44806
0.55482 0.44518
0.56814 0.43186
0.55292 0.44708
0.55988 0.44012
0.55788 0.44212
0.55788 0.44212
0.57170 0.42830
0.56642 0.43358
0.57018 0.42982
0.56062 0.43938
0.56515 0.43485
0.55874 0.44126
0.56787 0.43213
0.57401 0.42599
0.57173 0.42827
0.56951 0.43049
0.56550 0.43450
0.56700 0.43300
0.56005 0.43995
0.58743 0.41257
0.56627 0.43373
0.56823 0.43177
0.56700 0.43300
0.57002 0.42998
0.57176 0.42824
0.56607 0.43393
0.56801 0.43199
0.57043 0.42957
0.55888 0.44112
0.56164 0.43836
0.57077 0.42923
0.57296 0.42704
0.57405 0.42595
0.57558 0.42442
0.57406 0.42594
0.57518 0.42482
0.57668 0.42332
0.55371 0.44629
0.55985 0.44015
0.55977 0.44023
0.56332 0.43668
0.56212 0.43788
0.56078 0.43922
0.56069 0.43931
0.56424 0.43576
0.56301 0.43699
0.56182 0.43818
0.56213 0.43787
0.56162 0.43838
0.56510 0.43490
0.56461 0.43539
0.57145 0.42855
0.57218 0.42782
0.56843 0.43157
0.55627 0.44373
0.55860 0.44140
0.55627 0.44373
0.55860 0.44140
0.55585 0.44415
0.55813 0.44187
0.56162 0.43838
0.55768 0.44232
0.56964 0.43036
0.57020 0.42980
0.56299 0.43702
0.57209 0.42791
0.56757 0.43243
0.56426 0.43574
0.57586 0.42414
0.56341 0.43659
0.55750 0.44250
0.56411 0.43588
0.57209 0.42791
0.56291 0.43709
0.56380 0.43620
0.56242 0.43758
0.55586 0.44414
0.55487 0.44513
0.55605 0.44395
0.57731 0.42269
0.57550 0.42450
0.56059 0.43941
0.55432 0.44568
0.56180 0.43820
0.55545 0.44455
0.56059 0.43941
0.55432 0.44568
0.56180 0.43820
0.55545 0.44455
0.57070 0.42930
0.56930 0.43070
0.56638 0.43362
0.55462 0.44538
0.55825 0.44175
0.56092 0.43908
0.57195 0.42805
0.56984 0.43016
0.57296 0.42704
0.56579 0.43421
0.56579 0.43421
0.56715 0.43285
0.57583 0.42417
0.57653 0.42347
0.56166 0.43834
0.56223 0.43777
0.55862 0.44138
0.55912 0.44088
0.57034 0.42966
0.56957 0.43043
0.57034 0.42966
0.56957 0.43043
0.57097 0.42903
0.57029 0.42971
0.57097 0.42903
0.57029 0.42971
0.55356 0.44644
0.55402 0.44598
0.56720 0.43280
0.57529 0.42471
0.57618 0.42382
0.57011 0.42989
0.56142 0.43858
0.57101 0.42899
0.57951 0.42049
0.57043 0.42957
0.56984 0.43016
0.56751 0.43249
0.56296 0.43704
0.56750 0.43250
0.56268 0.43732
0.57059 0.42941
0.57059 0.42941
0.57071 0.42929
0.57071 0.42929
0.57049 0.42951
0.57049 0.42951
0.56814 0.43186
0.56344 0.43656
0.56814 0.43186
0.56364 0.43636
0.56919 0.43081
0.56919 0.43081
0.56919 0.43081
0.57042 0.42958
0.57042 0.42958
0.57042 0.42958
0.56919 0.43081
0.56919 0.43081
0.56919 0.43081
0.56919 0.43081
0.56919 0.43081
0.56919 0.43081
0.55748 0.44252
0.56438 0.43562
0.56546 0.43454
0.55877 0.44123
0.56571 0.43429
0.56643 0.43357
0.57959 0.42041
0.57738 0.42262
0.56878 0.43122
0.57172 0.42828
0.57283 0.42717
0.57283 0.42717
0.57536 0.42464
0.57536 0.42464
0.56134 0.43866
0.56378 0.43622
0.57031 0.42969
0.56847 0.43153
0.56665 0.43335
0.56279 0.43721
0.56279 0.43721
0.56457 0.43543
0.55767 0.44233
0.55927 0.44073
0.55958 0.44042
0.56478 0.43522
0.56661 0.43339
0.56417 0.43583
0.55950 0.44050
0.56659 0.43341
0.56317 0.43683
0.56445 0.43555
0.56750 0.43250
0.56408 0.43592
0.56536 0.43464
0.56562 0.43438
0.56239 0.43761
0.56355 0.43645
0.56609 0.43391
0.56272 0.43728
0.56399 0.43601
0.54793 0.45207
0.55250 0.44750
0.55475 0.44525
0.56021 0.43979
0.57501 0.42499
0.55630 0.44370
0.56116 0.43884
0.56110 0.43890
0.56070 0.43930
0.57708 0.42292
0.57786 0.42214
0.57750 0.42250
0.57681 0.42319
0.57752 0.42248
0.57709 0.42291
0.55879 0.44121
0.55909 0.44091
0.55841 0.44159
0.55871 0.44129
0.55767 0.44233
0.55677 0.44323
0.55622 0.44378
0.55665 0.44335
0.55512 0.44488
0.55512 0.44488
0.56267 0.43733
0.56250 0.43750
0.56317 0.43683
0.56171 0.43829
0.56269 0.43731
0.56251 0.43749
0.56319 0.43681
0.56173 0.43827
0.56943 0.43057
0.56290 0.43710
0.56159 0.43841
0.56299 0.43701
0.56124 0.43876
0.56291 0.43709
0.56290 0.43710
0.56159 0.43841
0.56299 0.43701
0.56124 0.43876
0.56291 0.43709
0.56262 0.43738
0.55947 0.44053
0.58186 0.41814
0.57900 0.42100
0.55231 0.44769
0.57972 0.42028
0.58053 0.41947
0.57452 0.42548
0.57528 0.42472
0.56409 0.43591
0.57401 0.42599
0.57387 0.42613
0.57063 0.42937
0.57047 0.42953
0.55925 0.44075
0.55925 0.44075
0.55925 0.44075
0.56201 0.43799
0.56483 0.43517
0.56592 0.43408
0.56692 0.43308
0.56387 0.43613
0.56764 0.43236
0.56700 0.43300
0.56564 0.43436
0.56213 0.43787
0.55553 0.44447
0.55451 0.44549
0.55818 0.44182
0.55842 0.44158
0.54561 0.45439
0.56511 0.43489
0.55795 0.44205
0.55063 0.44937
0.55611 0.44389
0.55787 0.44213
0.55533 0.44467
0.55581 0.44419
0.56470 0.43530
0.56483 0.43517
0.56420 0.43580
0.56427 0.43573
0.56389 0.43611
0.56389 0.43611
0.56441 0.43559
0.56176 0.43824
0.56153 0.43847
0.56262 0.43738
0.56151 0.43849
0.56518 0.43482
0.56518 0.43482
0.56512 0.43488
0.56258 0.43742
0.56463 0.43537
0.55860 0.44140
0.56338 0.43662
0.55923 0.44077
0.56400 0.43600
0.55868 0.44132
0.56413 0.43587
0.56026 0.43974
0.56519 0.43481
0.55944 0.44056
0.56422 0.43578
0.55860 0.44140
0.56338 0.43662
0.55923 0.44077
0.56400 0.43600
0.56032 0.43968
0.56531 0.43469
0.57153 0.42847
0.56756 0.43244
0.56213 0.43787
0.57863 0.42137
0.57337 0.42663
0.57906 0.42094
0.57382 0.42618
0.57957 0.42043
0.57434 0.42566
0.57832 0.42168
0.57308 0.42692
0.57683 0.42317
0.57683 0.42317
0.57683 0.42317
0.57683 0.42317
0.57201 0.42799
0.57715 0.42285
0.56247 0.43753
0.55453 0.44547
0.55370 0.44630
0.56186 0.43814
0.56209 0.43791
0.56195 0.43805
0.56455 0.43545
0.55174 0.44826
0.56715 0.43285
0.56168 0.43832
0.55391 0.44609
0.56878 0.43122
0.56820 0.43180
0.56806 0.43194
0.56222 0.43778
0.56199 0.43801
0.56204 0.43796
0.56481 0.43519
0.55992 0.44008
0.56426 0.43574
0.55992 0.44008
0.56426 0.43574
0.56889 0.43111
0.56502 0.43498
0.56748 0.43252
0.56780 0.43220
0.56355 0.43645
0.56355 0.43645
0.56465 0.43535
0.56458 0.43542
0.56364 0.43636
0.56364 0.43636
0.56478 0.43522
0.56471 0.43529
0.56452 0.43548
0.56452 0.43548
0.56567 0.43433
0.56564 0.43436
0.56378 0.43622
0.56378 0.43622
0.56488 0.43512
0.56481 0.43519
0.58212 0.41788
0.56531 0.43469
0.56325 0.43675
0.56325 0.43675
0.55934 0.44066
0.56038 0.43962
0.56036 0.43964
0.57452 0.42548
0.56845 0.43155
0.57841 0.42159
0.57906 0.42094
0.58024 0.41976
0.58117 0.41883
0.57302 0.42698
0.56569 0.43431
0.57215 0.42785
0.56408 0.43592
0.57084 0.42916
0.57084 0.42916
0.57292 0.42708
0.57292 0.42708
0.56987 0.43013
0.56987 0.43013
0.57303 0.42697
0.57303 0.42697
0.56343 0.43657
0.56209 0.43791
0.56715 0.43285
0.56560 0.43440
0.56801 0.43199
0.56658 0.43342
0.56432 0.43568
0.56279 0.43721
0.56801 0.43199
0.56658 0.43342
0.56427 0.43573
0.56274 0.43726
0.56801 0.43199
0.56658 0.43342
0.56014 0.43986
0.55454 0.44546
0.57598 0.42402
0.57598 0.42402
0.57303 0.42697
0.57303 0.42697
0.57496 0.42504
0.57496 0.42504
0.55574 0.44426
0.56333 0.43667
0.56309 0.43691
0.57426 0.42574
0.57426 0.42574
0.56437 0.43563
0.56333 0.43667
0.56457 0.43543
0.56159 0.43841
0.56988 0.43012
0.57009 0.42991
0.57033 0.42967
0.57253 0.42747
0.57116 0.42884
0.57230 0.42770
0.57100 0.42900
0.57078 0.42922
0.56924 0.43076
0.56946 0.43054
0.55638 0.44362
0.56491 0.43509
0.56134 0.43866
0.57311 0.42689
0.55775 0.44225
0.55938 0.44062
0.56073 0.43927
0.55711 0.44289
0.57343 0.42657
0.55259 0.44741
0.55303 0.44697
0.56751 0.43249
0.56896 0.43104
0.56832 0.43168
0.57455 0.42545
0.57425 0.42575
0.57388 0.42612
0.57435 0.42565
0.57010 0.42990
0.57388 0.42612
0.57289 0.42711
0.57388 0.42612
0.57149 0.42851
0.56809 0.43191
0.57248 0.42752
0.56766 0.43234
0.56793 0.43207
0.55630 0.44370
0.55890 0.44110
0.57460 0.42540
0.56242 0.43758
0.56555 0.43445
0.56392 0.43608
0.56843 0.43157
0.56627 0.43373
0.57061 0.42939
0.56397 0.43603
0.56715 0.43285
0.56464 0.43536
0.55255 0.44745
0.55056 0.44944
0.55209 0.44791
0.54956 0.45044
0.56596 0.43404
0.56474 0.43526
0.57142 0.42858
0.57282 0.42718
0.57142 0.42858
0.56461 0.43539
0.56747 0.43253
0.56618 0.43382
0.56776 0.43224
0.56653 0.43347
0.55948 0.44052
0.55985 0.44015
0.55627 0.44373
0.55065 0.44935
0.57213 0.42787
0.57411 0.42589
0.57692 0.42308
0.55969 0.44031
0.55662 0.44338
0.56075 0.43925
0.55754 0.44246
0.55992 0.44008
0.56422 0.43578
0.56314 0.43686
0.55997 0.44003
0.56433 0.43567
0.56091 0.43909
0.56483 0.43517
0.56804 0.43196
0.56836 0.43164
0.56969 0.43031
0.56393 0.43607
0.56393 0.43607
0.56306 0.43694
0.56385 0.43615
0.56385 0.43615
0.56515 0.43485
0.56515 0.43485
0.56477 0.43523
0.56477 0.43523
0.56548 0.43452
0.56548 0.43452
0.56450 0.43550
0.56450 0.43550
0.56171 0.43829
0.55854 0.44146
0.56231 0.43769
0.55921 0.44079
0.56089 0.43911
0.56312 0.43688
0.56467 0.43533
0.56246 0.43754
0.56592 0.43408
0.56538 0.43462
0.56850 0.43150
0.55215 0.44785
0.57125 0.42875
0.56319 0.43681
0.56057 0.43943
0.55959 0.44041
0.55859 0.44141
0.56352 0.43648
0.56360 0.43640
0.56749 0.43251
0.56722 0.43278
0.56737 0.43263
0.56420 0.43580
0.56231 0.43769
0.56188 0.43812
0.57278 0.42722
0.57178 0.42822
0.57178 0.42822
0.57178 0.42822
0.57097 0.42903
0.57105 0.42895
0.57178 0.42822
0.55824 0.44176
0.55827 0.44173
0.56288 0.43712
0.56187 0.43813
0.55998 0.44002
0.56144 0.43856
0.55899 0.44101
0.56054 0.43946
0.55312 0.44688
0.55386 0.44614
0.57299 0.42701
0.57392 0.42608
0.56040 0.43960
0.56201 0.43799
0.56529 0.43471
0.56618 0.43382
0.56989 0.43011
0.56624 0.43376
0.56612 0.43388
0.56718 0.43282
0.57088 0.42912
0.56724 0.43276
0.56287 0.43713
0.55571 0.44429
0.55540 0.44460
0.57317 0.42683
0.57684 0.42316
0.57094 0.42906
0.57174 0.42826
0.56961 0.43039
0.57042 0.42958
0.56575 0.43425
0.56884 0.43116
0.56654 0.43346
0.55387 0.44613
0.55090 0.44910
0.55933 0.44067
0.56053 0.43947
0.55599 0.44401
0.55863 0.44137
0.56039 0.43961
0.56311 0.43689
0.56245 0.43755
0.54719 0.45281
0.55226 0.44774
0.55341 0.44659
0.55767 0.44233
0.56069 0.43931
0.56044 0.43956
0.56052 0.43948
0.56477 0.43523
0.56414 0.43586
0.55247 0.44753
0.56282 0.43718
0.56086 0.43914
0.55582 0.44418
0.56313 0.43687
0.55589 0.44411
0.56024 0.43976
0.56181 0.43819
0.57044 0.42956
0.57208 0.42792
0.57044 0.42956
0.56983 0.43017
0.56192 0.43808
0.56748 0.43252
0.56748 0.43252
0.56519 0.43481
0.55780 0.44220
0.56817 0.43183
0.56949 0.43051
0.56570 0.43430
0.56354 0.43646
0.56708 0.43292
0.56473 0.43527
0.56275 0.43725
0.56394 0.43606
0.54912 0.45088
0.55004 0.44996
0.56308 0.43692
0.56427 0.43573
0.56333 0.43667
0.56739 0.43261
0.56890 0.43110
0.56881 0.43119
0.55908 0.44092
0.56058 0.43942
0.56059 0.43941
0.56058 0.43942
0.56059 0.43941
0.57258 0.42742
0.57150 0.42850
0.57021 0.42979
0.56109 0.43891
0.56450 0.43550
0.54908 0.45092
0.54908 0.45092
0.55063 0.44937
0.55433 0.44567
0.55433 0.44567
0.55034 0.44966
0.55404 0.44596
0.55404 0.44596
0.55691 0.44309
0.55754 0.44246
0.56542 0.43458
0.56617 0.43383
0.56171 0.43829
0.56101 0.43899
0.56336 0.43664
0.56106 0.43894
0.56106 0.43894
0.56106 0.43894
0.56658 0.43342
0.56659 0.43341
0.56659 0.43341
0.56928 0.43072
0.56658 0.43342
0.55847 0.44153
0.55825 0.44175
0.57327 0.42673
0.56635 0.43365
0.57830 0.42170
0.57617 0.42383
0.56465 0.43535
0.57068 0.42932
0.55915 0.44085
0.56938 0.43062
0.57228 0.42772
0.57148 0.42852
0.56954 0.43046
0.57037 0.42963
0.55810 0.44190
0.55597 0.44403
0.56463 0.43537
0.56710 0.43290
0.57297 0.42703
0.57223 0.42777
0.57083 0.42917
0.57547 0.42453
0.57476 0.42524
0.57346 0.42654
0.57547 0.42453
0.57476 0.42524
0.57346 0.42654
0.57334 0.42666
0.57264 0.42736
0.57138 0.42862
0.55978 0.44022
0.56166 0.43834
0.56683 0.43317
0.56683 0.43317
0.56932 0.43068
0.56932 0.43068
0.56683 0.43317
0.56683 0.43317
0.55739 0.44261
0.55627 0.44373
0.56980 0.43020
0.56641 0.43359
0.56550 0.43450
0.55661 0.44339
0.55901 0.44099
0.56454 0.43546
0.55748 0.44252
0.56515 0.43485
0.56189 0.43811
0.56222 0.43778
0.56186 0.43814
0.55489 0.44511
0.56258 0.43742
0.55920 0.44080
0.55969 0.44031
0.57247 0.42753
0.56309 0.43691
0.56581 0.43419
0.56842 0.43158
0.56786 0.43214
0.56176 0.43824
0.56176 0.43824
0.56176 0.43824
0.57418 0.42582
0.56770 0.43230
0.56770 0.43230
0.55659 0.44341
0.55642 0.44358
0.57098 0.42902
0.56366 0.43634
0.56751 0.43249
0.54665 0.45335
0.56442 0.43558
0.57781 0.42219
0.57864 0.42136
0.56851 0.43149
0.55087 0.44913
0.55388 0.44612
0.56968 0.43032
0.55238 0.44762
0.55215 0.44785
0.55302 0.44698
0.55344 0.44656
0.55215 0.44785
0.56402 0.43598
0.56967 0.43033
0.56838 0.43162
0.56967 0.43033
0.56967 0.43033
0.56921 0.43079
0.56991 0.43009
0.57019 0.42981
0.57019 0.42981
0.54405 0.45595
0.55069 0.44931
0.55413 0.44587
0.56522 0.43478
0.55787 0.44213
0.55411 0.44589
0.54992 0.45008
0.55461 0.44539
0.56638 0.43362
0.56970 0.43030
0.56528 0.43472
0.56641 0.43359
0.56458 0.43542
0.56555 0.43445
0.54958 0.45042
0.54950 0.45050
0.54921 0.45079
0.56203 0.43797
0.55365 0.44635
0.57108 0.42892
0.57108 0.42892
0.55594 0.44406
0.55594 0.44406
0.56520 0.43480
0.56643 0.43357
0.56787 0.43213
0.56787 0.43213
0.57067 0.42933
0.56365 0.43635
0.56490 0.43510
0.57543 0.42457
0.57305 0.42695
0.56649 0.43351
0.56649 0.43351
0.57430 0.42570
0.57193 0.42807
0.57193 0.42807
0.57430 0.42570
0.57430 0.42570
0.57193 0.42807
0.55434 0.44566
0.55493 0.44507
0.55324 0.44676
0.56694 0.43306
0.56565 0.43435
0.55432 0.44568
0.56579 0.43421
0.56721 0.43279
0.56579 0.43421
0.56721 0.43279
0.57003 0.42997
0.57003 0.42997
0.57116 0.42884
0.56745 0.43255
0.57602 0.42398
0.56130 0.43870
0.57213 0.42787
0.58097 0.41903
0.57665 0.42335
0.55449 0.44551
0.56789 0.43211
0.56920 0.43080
0.56920 0.43080
0.57040 0.42960
0.57040 0.42960
0.57060 0.42940
0.57060 0.42940
0.56689 0.43311
0.56680 0.43320
0.56729 0.43271
0.55776 0.44224
0.55840 0.44160
0.55776 0.44224
0.55840 0.44160
0.55588 0.44412
0.56927 0.43073
0.56993 0.43007
0.57386 0.42614
0.56482 0.43518
0.56280 0.43720
0.56782 0.43218
0.55043 0.44957
0.57027 0.42973
0.55768 0.44232
0.56680 0.43320
0.56729 0.43271
0.56798 0.43202
0.57003 0.42997
0.57082 0.42918
0.57094 0.42906
0.57174 0.42826
0.56831 0.43169
0.56895 0.43105
0.56729 0.43271
0.56798 0.43202
0.56351 0.43649
0.55991 0.44009
0.56535 0.43465
0.56860 0.43140
0.56860 0.43140
0.56362 0.43638
0.56362 0.43638
0.56576 0.43424
0.56576 0.43424
0.55616 0.44384
0.55757 0.44243
0.55289 0.44711
0.57170 0.42830
0.57252 0.42748
0.57697 0.42303
0.56516 0.43484
0.56983 0.43017
0.56297 0.43703
0.56294 0.43706
0.56068 0.43932
0.57115 0.42885
0.57031 0.42969
0.56784 0.43216
0.57096 0.42904
0.57835 0.42165
0.57354 0.42646
0.55782 0.44218
0.55367 0.44633
0.54803 0.45197
0.56233 0.43767
0.56352 0.43648
0.56223 0.43777
0.56003 0.43997
0.56414 0.43586
0.56244 0.43756
0.55802 0.44198
0.56206 0.43794
0.56034 0.43966
0.56461 0.43539
0.56288 0.43712
0.56573 0.43427
0.56403 0.43597
0.56723 0.43277
0.57127 0.42873
0.56898 0.43102
0.56898 0.43102
0.56905 0.43095
0.56898 0.43102
0.57892 0.42108
0.57977 0.42023
0.56000 0.44000
0.56028 0.43972
0.56171 0.43829
0.56115 0.43885
0.56184 0.43816
0.56876 0.43124
0.57102 0.42898
0.56960 0.43040
0.57102 0.42898
0.56327 0.43673
0.56117 0.43883
0.56191 0.43809
0.55522 0.44478
0.57338 0.42662
0.57338 0.42662
0.57118 0.42882
0.57118 0.42882
0.57289 0.42711
0.57289 0.42711
0.57366 0.42634
0.57366 0.42634
0.57293 0.42707
0.57293 0.42707
0.57572 0.42428
0.57572 0.42428
0.57348 0.42652
0.57348 0.42652
0.57600 0.42400
0.57600 0.42400
0.57522 0.42478
0.57522 0.42478
0.57527 0.42473
0.57527 0.42473
0.57140 0.42860
0.57317 0.42683
0.57316 0.42684
0.57316 0.42684
0.56269 0.43731
0.56698 0.43302
0.56271 0.43729
0.56271 0.43729
0.57424 0.42576
0.57737 0.42263
0.57775 0.42225
0.57958 0.42042
0.57988 0.42012
0.55224 0.44776
0.55347 0.44653
0.56353 0.43647
0.56527 0.43473
0.56236 0.43764
0.56059 0.43941
0.56281 0.43719
0.56411 0.43589
0.56228 0.43772
0.56450 0.43550
0.56201 0.43799
0.56835 0.43165
0.57034 0.42966
0.56629 0.43371
0.56464 0.43536
0.56816 0.43184
0.56637 0.43363
0.56237 0.43763
0.56079 0.43921
0.57824 0.42176
0.57821 0.42179
0.57733 0.42267
0.57777 0.42223
0.57775 0.42225
0.57687 0.42313
0.57637 0.42363
0.57637 0.42363
0.57549 0.42451
0.57824 0.42176
0.57821 0.42179
0.57733 0.42267
0.56782 0.43218
0.56832 0.43168
0.55404 0.44596
0.55483 0.44517
0.55306 0.44694
0.55415 0.44585
0.55493 0.44507
0.55381 0.44619
0.57652 0.42348
0.57395 0.42605
0.57498 0.42502
0.57456 0.42544
0.57789 0.42211
0.57471 0.42529
0.56327 0.43673
0.56370 0.43630
0.56224 0.43776
0.56353 0.43647
0.55479 0.44521
0.55294 0.44706
0.55381 0.44619
0.57170 0.42830
0.56313 0.43687
0.57185 0.42815
0.56337 0.43663
0.57102 0.42898
0.56251 0.43749
0.57058 0.42942
0.56205 0.43795
0.57186 0.42814
0.56330 0.43670
0.54433 0.45567
0.55094 0.44906
0.56544 0.43456
0.56440 0.43560
0.56390 0.43610
0.56462 0.43538
0.56597 0.43403
0.56490 0.43510
0.56424 0.43576
0.56507 0.43493
0.57530 0.42470
0.57497 0.42503
0.56755 0.43245
0.56726 0.43274
0.56570 0.43430
0.56570 0.43430
0.56541 0.43459
0.56541 0.43459
0.56935 0.43065
0.56426 0.43574
0.56507 0.43493
0.56574 0.43426
0.56921 0.43079
0.56405 0.43595
0.56470 0.43530
0.56536 0.43464
0.55966 0.44034
0.57063 0.42937
0.57193 0.42807
0.56790 0.43210
0.57498 0.42502
0.56462 0.43538
0.56591 0.43409
0.56469 0.43531
0.56589 0.43411
0.56185 0.43815
0.58924 0.41076
0.57285 0.42715
0.54356 0.45644
0.56714 0.43286
0.56807 0.43193
0.56251 0.43749
0.55482 0.44518
0.55707 0.44293
0.56622 0.43378
0.55541 0.44459
0.55414 0.44586
0.56742 0.43258
0.56443 0.43557
0.55673 0.44327
0.56398 0.43602
0.55276 0.44724
0.56191 0.43809
0.57709 0.42291
0.56550 0.43450
0.56827 0.43173
0.56514 0.43486
0.56827 0.43173
0.56514 0.43486
0.56332 0.43668
0.56368 0.43632
0.56262 0.43738
0.56492 0.43508
0.56233 0.43767
0.57532 0.42468
0.57610 0.42390
0.55779 0.44221
0.56179 0.43821
0.55859 0.44141
0.56243 0.43757
0.56252 0.43748
0.56325 0.43675
0.56325 0.43675
0.56252 0.43748
0.56325 0.43675
0.57359 0.42641
0.57455 0.42545
0.57572 0.42428
0.57262 0.42738
0.57253 0.42747
0.56304 0.43696
0.55854 0.44146
0.55184 0.44816
0.56168 0.43832
0.55727 0.44273
0.55058 0.44942
0.55881 0.44119
0.55968 0.44032
0.56094 0.43906
0.56685 0.43315
0.55758 0.44242
0.55845 0.44155
0.56372 0.43628
0.56235 0.43765
0.55961 0.44039
0.56256 0.43744
0.56177 0.43823
0.57211 0.42789
0.57152 0.42848
0.57275 0.42725
0.57466 0.42534
0.57292 0.42708
0.56955 0.43045
0.55747 0.44253
0.55490 0.44510
0.57151 0.42849
0.57151 0.42849
0.57267 0.42733
0.57267 0.42733
0.57173 0.42827
0.57173 0.42827
0.56545 0.43455
0.56440 0.43560
0.56545 0.43455
0.56461 0.43539
0.56440 0.43560
0.55586 0.44414
0.55586 0.44414
0.55618 0.44382
0.55806 0.44194
0.55832 0.44168
0.55823 0.44177
0.56180 0.43820
0.56271 0.43729
0.56114 0.43886
0.56313 0.43687
0.56310 0.43690
0.56548 0.43452
0.56168 0.43832
0.55701 0.44299
0.56883 0.43117
0.56594 0.43406
0.57312 0.42688
0.57224 0.42776
0.57312 0.42688
0.57224 0.42776
0.58100 0.41900
0.57435 0.42565
0.57249 0.42751
0.57155 0.42845
0.56334 0.43666
0.56161 0.43839
0.57845 0.42155
0.57260 0.42740
0.57122 0.42878
0.57071 0.42929
0.55729 0.44271
0.55934 0.44066
0.55603 0.44397
0.55678 0.44322
0.56726 0.43274
0.56950 0.43050
0.57125 0.42875
0.56599 0.43401
0.55464 0.44536
0.57382 0.42618
0.57773 0.42227
0.55396 0.44604
0.55403 0.44597
0.57280 0.42720
0.57118 0.42882
0.56986 0.43014
0.56816 0.43184
0.57172 0.42828
0.56783 0.43217
0.56507 0.43493
0.57529 0.42471
0.57719 0.42281
0.57158 0.42842
0.57377 0.42623
0.55310 0.44690
0.55920 0.44080
0.55988 0.44012
0.56161 0.43839
0.55583 0.44417
0.56786 0.43214
0.56181 0.43819
0.56301 0.43699
0.55790 0.44210
0.57953 0.42047
0.56145 0.43855
0.56249 0.43751
0.55419 0.44581
0.55022 0.44978
0.56051 0.43949
0.55695 0.44305
0.56073 0.43927
0.55923 0.44077
0.56257 0.43743
0.57365 0.42635
0.57070 0.42930
0.57377 0.42623
0.57570 0.42430
0.55786 0.44214
0.55602 0.44398
0.56207 0.43793
0.56355 0.43645
0.56669 0.43331
0.56690 0.43310
0.56775 0.43225
0.56185 0.43815
0.57072 0.42928
0.57317 0.42683
0.57072 0.42928
0.57317 0.42683
0.56872 0.43128
0.56811 0.43189
0.55797 0.44203
0.55797 0.44203
0.54854 0.45146
0.54757 0.45243
0.54784 0.45216
0.54248 0.45752
0.54275 0.45725
0.56350 0.43650
0.56492 0.43508
0.56315 0.43685
0.56254 0.43746
0.55751 0.44249
0.55880 0.44120
0.56052 0.43948
0.55125 0.44875
0.55159 0.44841
0.55228 0.44772
0.55987 0.44013
0.56252 0.43748
0.56085 0.43915
0.56880 0.43120
0.56874 0.43126
0.56883 0.43117
0.56821 0.43179
0.56719 0.43281
0.56429 0.43571
0.56405 0.43595
0.56032 0.43968
0.55433 0.44567
0.56463 0.43537
0.56538 0.43462
0.56156 0.43844
0.57658 0.42342
0.60014 0.39986
0.54438 0.45562
0.56623 0.43377
0.56693 0.43307
0.55754 0.44246
0.55509 0.44491
0.56859 0.43141
0.57483 0.42517
0.57374 0.42626
0.57481 0.42519
0.57352 0.42648
0.57525 0.42475
0.57417 0.42583
0.57574 0.42426
0.57443 0.42557
0.57447 0.42553
0.57339 0.42661
0.57210 0.42790
0.57082 0.42918
0.57167 0.42833
0.57078 0.42922
0.57291 0.42709
0.57169 0.42831
0.56133 0.43867
0.56241 0.43759
0.55612 0.44388
0.55498 0.44502
0.56578 0.43422
0.56602 0.43398
0.55360 0.44640
0.57099 0.42901
0.54995 0.45005
0.55675 0.44325
0.56414 0.43586
0.57234 0.42766
0.57155 0.42845
0.55370 0.44630
0.55866 0.44134
0.55661 0.44339
0.57204 0.42796
0.55454 0.44546
0.54925 0.45075
0.56311 0.43689
0.57192 0.42808
0.57178 0.42822
0.57091 0.42909
0.55778 0.44222
0.56934 0.43066
0.56888 0.43112
0.56934 0.43066
0.56934 0.43066
0.57844 0.42156
0.55578 0.44422
0.56257 0.43743
0.55083 0.44917
0.55888 0.44112
0.56331 0.43669
0.55888 0.44112
0.56331 0.43669
0.56069 0.43931
0.56442 0.43558
0.55742 0.44258
0.56503 0.43497
0.55834 0.44166
0.56568 0.43432
0.56463 0.43537
0.56464 0.43536
0.56367 0.43633
0.58045 0.41955
0.57919 0.42081
0.56683 0.43317
0.56732 0.43268
0.56683 0.43317
0.57450 0.42550
0.56686 0.43314
0.56228 0.43772
0.56744 0.43256
0.56283 0.43717
0.56718 0.43282
0.56258 0.43742
0.57102 0.42898
0.56823 0.43177
0.56714 0.43286
0.56437 0.43563
0.56883 0.43117
0.56597 0.43403
0.56761 0.43239
0.57049 0.42951
0.56928 0.43072
0.57223 0.42777
0.57158 0.42842
0.57446 0.42554
0.56194 0.43806
0.55451 0.44549
0.56677 0.43323
0.56355 0.43645
0.56512 0.43488
0.56754 0.43246
0.56787 0.43213
0.56574 0.43426
0.56831 0.43169
0.56851 0.43149
0.56565 0.43435
0.56820 0.43180
0.56841 0.43159
0.56879 0.43121
0.56723 0.43277
0.58335 0.41665
0.58136 0.41864
0.56547 0.43453
0.56850 0.43150
0.56720 0.43280
0.57024 0.42976
0.56555 0.43445
0.56854 0.43146
0.55690 0.44310
0.55361 0.44639
0.55690 0.44310
0.55361 0.44639
0.55673 0.44327
0.55343 0.44657
0.55377 0.44623
0.55639 0.44361
0.55519 0.44481
0.55781 0.44219
0.55519 0.44481
0.55781 0.44219
0.55387 0.44613
0.55646 0.44354
0.57510 0.42490
0.56929 0.43071
0.57768 0.42232
0.58181 0.41819
0.56033 0.43967
0.56108 0.43892
0.57156 0.42844
0.57392 0.42608
0.57352 0.42648
0.57386 0.42614
0.56531 0.43469
0.57344 0.42656
0.57423 0.42577
0.56884 0.43116
0.56952 0.43048
0.57063 0.42937
0.56985 0.43015
0.56996 0.43004
0.57108 0.42892
0.57049 0.42951
0.57052 0.42948
0.56906 0.43094
0.56832 0.43168
0.57726 0.42274
0.56186 0.43814
0.57570 0.42430
0.56836 0.43164
0.57326 0.42674
0.56836 0.43164
0.57326 0.42674
0.57191 0.42809
0.55628 0.44372
0.57022 0.42978
0.54993 0.45007
0.57389 0.42611
0.57101 0.42899
0.57439 0.42561
0.56507 0.43493
0.56576 0.43424
0.56162 0.43838
0.56247 0.43753
0.56755 0.43245
0.56891 0.43109
0.56470 0.43530
0.56562 0.43438
0.56507 0.43493
0.56576 0.43424
0.56162 0.43838
0.56247 0.43753
0.56810 0.43190
0.56833 0.43167
0.56470 0.43530
0.56562 0.43438
0.56514 0.43486
0.57052 0.42948
0.56687 0.43313
0.56134 0.43866
0.55085 0.44915
0.56630 0.43370
0.57903 0.42097
0.57649 0.42351
0.57649 0.42351
0.55507 0.44493
0.55729 0.44271
0.56252 0.43748
0.56224 0.43776
0.56736 0.43264
0.56594 0.43406
0.56632 0.43368
0.56868 0.43132
0.55327 0.44673
0.56624 0.43376
0.56768 0.43232
0.56698 0.43302
0.56723 0.43277
0.56855 0.43145
0.56808 0.43192
0.56486 0.43514
0.56528 0.43472
0.56507 0.43493
0.56615 0.43385
0.56688 0.43312
0.56667 0.43333
0.56714 0.43286
0.56764 0.43236
0.56680 0.43320
0.56678 0.43322
0.56704 0.43296
0.56363 0.43637
0.56439 0.43561
0.56439 0.43561
0.56338 0.43662
0.56439 0.43561
0.56331 0.43669
0.56437 0.43563
0.56437 0.43563
0.56336 0.43664
0.56437 0.43563
0.56373 0.43627
0.56449 0.43551
0.56449 0.43551
0.56349 0.43651
0.56449 0.43551
0.56637 0.43363
0.56637 0.43363
0.56848 0.43152
0.57056 0.42944
0.57001 0.42999
0.57002 0.42998
0.56918 0.43082
0.56731 0.43269
0.56391 0.43609
0.56323 0.43677
0.56512 0.43487
0.56353 0.43647
0.57660 0.42340
0.56047 0.43953
0.56269 0.43731
0.56303 0.43697
0.56136 0.43864
0.56386 0.43614
0.56386 0.43614
0.56386 0.43614
0.56386 0.43614
0.56893 0.43107
0.56893 0.43107
0.56645 0.43355
0.56893 0.43107
0.56893 0.43107
0.56645 0.43355
0.56339 0.43661
0.56073 0.43927
0.56411 0.43589
0.56339 0.43661
0.56073 0.43927
0.56411 0.43589
0.55291 0.44709
0.55087 0.44913
0.56205 0.43795
0.55797 0.44203
0.55955 0.44045
0.55581 0.44419
0.56739 0.43261
0.55581 0.44419
0.56762 0.43238
0.56762 0.43238
0.57258 0.42742
0.57013 0.42987
0.57484 0.42516
0.57240 0.42760
0.55604 0.44396
0.55779 0.44221
0.55489 0.44511
0.55779 0.44221
0.57250 0.42750
0.56261 0.43739
0.56459 0.43541
0.57195 0.42805
0.55916 0.44084
0.56056 0.43944
0.55965 0.44035
0.56104 0.43896
0.56495 0.43505
0.56348 0.43652
0.56990 0.43010
0.56831 0.43169
0.56603 0.43397
0.56447 0.43553
0.57640 0.42360
0.57838 0.42162
0.56889 0.43111
0.56977 0.43023
0.56896 0.43104
0.56989 0.43011
0.55658 0.44342
0.55809 0.44191
0.55375 0.44625
0.55338 0.44662
0.55415 0.44585
0.55561 0.44439
0.55711 0.44289
0.55278 0.44722
0.55240 0.44760
0.55316 0.44684
0.56828 0.43172
0.56682 0.43318
0.56152 0.43848
0.56148 0.43852
0.56429 0.43571
0.56429 0.43571
0.56933 0.43067
0.56933 0.43067
0.57213 0.42787
0.57243 0.42757
0.55682 0.44318
0.55685 0.44315
0.54902 0.45098
0.56548 0.43452
0.56079 0.43921
0.57343 0.42657
0.56133 0.43867
0.56980 0.43020
0.56947 0.43053
0.56935 0.43065
0.55445 0.44555
0.54930 0.45070
0.55816 0.44184
0.55452 0.44548
0.56409 0.43591
0.56410 0.43590
0.56059 0.43941
0.56015 0.43985
0.55596 0.44404
0.55838 0.44162
0.56851 0.43149
0.56851 0.43149
0.56701 0.43299
0.56768 0.43232
0.57656 0.42344
0.57595 0.42405
0.57454 0.42546
0.57351 0.42649
0.57273 0.42727
0.57386 0.42614
0.57441 0.42559
0.56686 0.43314
0.55244 0.44756
0.54935 0.45065
0.54375 0.45625
0.56192 0.43808
0.56192 0.43808
0.56347 0.43653
0.56347 0.43653
0.55902 0.44098
0.58714 0.41286
0.56067 0.43933
0.56097 0.43903
0.55723 0.44277
0.57226 0.42774
0.57226 0.42774
0.56554 0.43446
0.56292 0.43708
0.55766 0.44234
0.57543 0.42457
0.58016 0.41984
0.56726 0.43274
0.56041 0.43959
0.56126 0.43874
0.56836 0.43164
0.56633 0.43367
0.56836 0.43164
0.56633 0.43367
0.57604 0.42396
0.57605 0.42395
0.57357 0.42643
0.57357 0.42643
0.57600 0.42400
0.57357 0.42643
0.57501 0.42499
0.57263 0.42737
0.56692 0.43308
0.56495 0.43505
0.55706 0.44294
0.55537 0.44463
0.54966 0.45034
0.55674 0.44326
0.57093 0.42907
0.56995 0.43005
0.56010 0.43990
0.55242 0.44758
0.55804 0.44196
0.55944 0.44056
0.56438 0.43562
0.57650 0.42350
0.57546 0.42454
0.57474 0.42526
0.57377 0.42623
0.56641 0.43359
0.56173 0.43827
0.56472 0.43528
0.56383 0.43617
0.56207 0.43793
0.56970 0.43030
0.56836 0.43164
0.56836 0.43164
0.57605 0.42395
0.56162 0.43838
0.56855 0.43145
0.56935 0.43065
0.57594 0.42406
0.57015 0.42985
0.55819 0.44181
0.56403 0.43597
0.55706 0.44294
0.55631 0.44369
0.56000 0.44000
0.57829 0.42171
0.57284 0.42716
0.57283 0.42717
0.57225 0.42775
0.57223 0.42777
0.58323 0.41677
0.58088 0.41912
0.58146 0.41854
0.57682 0.42318
0.55358 0.44642
0.55052 0.44948
0.55360 0.44640
0.54577 0.45423
0.55449 0.44551
0.57010 0.42990
0.56284 0.43716
0.56022 0.43978
0.56603 0.43397
0.55870 0.44130
0.55627 0.44373
0.56585 0.43415
0.55857 0.44143
0.55606 0.44394
0.56652 0.43348
0.55974 0.44026
0.56358 0.43642
0.56630 0.43370
0.56257 0.43743
0.56316 0.43684
0.56890 0.43110
0.57230 0.42770
0.56151 0.43849
0.56277 0.43723
0.56248 0.43752
0.56204 0.43796
0.55815 0.44185
0.57473 0.42527
0.56803 0.43197
0.56920 0.43080
0.57276 0.42724
0.56290 0.43710
0.56541 0.43459
0.56519 0.43481
0.58249 0.41751
0.58184 0.41816
0.56356 0.43644
0.57525 0.42475
0.57525 0.42475
0.57525 0.42475
0.56147 0.43853
0.56532 0.43468
0.56198 0.43802
0.55614 0.44386
0.55764 0.44236
0.55693 0.44307
0.56965 0.43035
0.56960 0.43040
0.57227 0.42773
0.57177 0.42823
0.57200 0.42800
0.56941 0.43059
0.57109 0.42891
0.57246 0.42754
0.57863 0.42137
0.58007 0.41993
0.56829 0.43171
0.57160 0.42840
0.57251 0.42749
0.56987 0.43013
0.56385 0.43615
0.57022 0.42978
0.57022 0.42978
0.57022 0.42978
0.56948 0.43052
0.56840 0.43160
0.56538 0.43462
0.55544 0.44456
0.56468 0.43532
0.56735 0.43265
0.55750 0.44250
0.56663 0.43337
0.56605 0.43395
0.56601 0.43399
0.56402 0.43598
0.56060 0.43940
0.56399 0.43601
0.56830 0.43170
0.57312 0.42688
0.56965 0.43035
0.56484 0.43516
0.56673 0.43327
0.55947 0.44053
0.56043 0.43957
0.56240 0.43760
0.57248 0.42752
0.57086 0.42914
0.55478 0.44522
0.56903 0.43097
0.56461 0.43539
0.57450 0.42550
0.57316 0.42684
0.55957 0.44043
0.56314 0.43686
0.56424 0.43576
0.57323 0.42677
0.56700 0.43300
0.56577 0.43423
0.57403 0.42597
0.57512 0.42488
0.57670 0.42330
0.57330 0.42670
0.57416 0.42584
0.57330 0.42670
0.57439 0.42561
0.57597 0.42403
0.57257 0.42743
0.57343 0.42657
0.57793 0.42207
0.56999 0.43001
0.57867 0.42133
0.57073 0.42927
0.55238 0.44762
0.55127 0.44873
0.55992 0.44008
0.57029 0.42971
0.56712 0.43288
0.56350 0.43650
0.56580 0.43420
0.56382 0.43618
0.56262 0.43738
0.55950 0.44050
0.55934 0.44066
0.57080 0.42920
0.57406 0.42594
0.59550 0.40450
0.59471 0.40529
0.59439 0.40561
0.59705 0.40295
0.59625 0.40375
0.59590 0.40410
0.57356 0.42644
0.57338 0.42662
0.57414 0.42586
0.57752 0.42248
0.57493 0.42507
0.57734 0.42266
0.57475 0.42525
0.57812 0.42188
0.57553 0.42447
0.57089 0.42911
0.56688 0.43312
0.57064 0.42936
0.56674 0.43326
0.57149 0.42851
0.56741 0.43259
0.57064 0.42936
0.56674 0.43326
0.57149 0.42851
0.56741 0.43259
0.57089 0.42911
0.56688 0.43312
0.55537 0.44463
0.55815 0.44185
0.55345 0.44655
0.55692 0.44308
0.55522 0.44478
0.55582 0.44418
0.55689 0.44311
0.57332 0.42668
0.56327 0.43673
0.56495 0.43505
0.57331 0.42669
0.56121 0.43879
0.56324 0.43676
0.56238 0.43762
0.56316 0.43684
0.56348 0.43652
0.56596 0.43404
0.56440 0.43560
0.56140 0.43860
0.56440 0.43560
0.56482 0.43518
0.56916 0.43084
0.57780 0.42220
0.57769 0.42231
0.57288 0.42712
0.56100 0.43900
0.56100 0.43900
0.55884 0.44116
0.55793 0.44207
0.55385 0.44615
0.56352 0.43648
0.56426 0.43574
0.56243 0.43757
0.56317 0.43683
0.56187 0.43813
0.56187 0.43813
0.56068 0.43932
0.56068 0.43932
0.56462 0.43538
0.56268 0.43732
0.56334 0.43666
0.56141 0.43859
0.57480 0.42520
0.57347 0.42653
0.57318 0.42682
0.55792 0.44208
0.55590 0.44410
0.56207 0.43793
0.56214 0.43786
0.57054 0.42946
0.56457 0.43543
0.56409 0.43591
0.56721 0.43279
0.57288 0.42712
0.57235 0.42765
0.56898 0.43102
0.56905 0.43095
0.56510 0.43490
0.56707 0.43293
0.56123 0.43877
0.56789 0.43211
0.56848 0.43152
0.55517 0.44483
0.56913 0.43087
0.56603 0.43397
0.55916 0.44084
0.55997 0.44003
0.55074 0.44926
0.56881 0.43119
0.55402 0.44598
0.57152 0.42848
0.55886 0.44114
0.56394 0.43606
0.56432 0.43568
0.56081 0.43919
0.56668 0.43332
0.56302 0.43698
0.57028 0.42972
0.57171 0.42829
0.56340 0.43660
0.57058 0.42942
0.57209 0.42791
0.56337 0.43663
0.57058 0.42942
0.57195 0.42805
0.55749 0.44251
0.56406 0.43594
0.56525 0.43475
0.55750 0.44250
0.56410 0.43590
0.56512 0.43488
0.55746 0.44254
0.56419 0.43581
0.56537 0.43463
0.55631 0.44369
0.56299 0.43701
0.56413 0.43587
0.55651 0.44349
0.56309 0.43691
0.56422 0.43578
0.55647 0.44353
0.56307 0.43693
0.56410 0.43590
0.56359 0.43641
0.56209 0.43791
0.56738 0.43262
0.56902 0.43098
0.56606 0.43394
0.56531 0.43469
0.56915 0.43085
0.56158 0.43842
0.55293 0.44707
0.56189 0.43811
0.56359 0.43641
0.56208 0.43792
0.54717 0.45283
0.55405 0.44595
0.55276 0.44724
0.55766 0.44234
0.55799 0.44201
0.55702 0.44298
0.56559 0.43441
0.56600 0.43400
0.56452 0.43548
0.55749 0.44251
0.56762 0.43238
0.56579 0.43421
0.56846 0.43154
0.56732 0.43268
0.56732 0.43268
0.57155 0.42845
0.57155 0.42845
0.57042 0.42958
0.57042 0.42958
0.56912 0.43088
0.57637 0.42363
0.57887 0.42113
0.57099 0.42901
0.57690 0.42310
0.57741 0.42259
0.58079 0.41921
0.57666 0.42334
0.56677 0.43323
0.56955 0.43045
0.57095 0.42905
0.57012 0.42988
0.57129 0.42871
0.56645 0.43355
0.56645 0.43355
0.56169 0.43831
0.56302 0.43698
0.56876 0.43124
0.56832 0.43168
0.56920 0.43080
0.57016 0.42984
0.56986 0.43014
0.57056 0.42944
0.56680 0.43320
0.55160 0.44840
0.55808 0.44192
0.55936 0.44064
0.55348 0.44652
0.56242 0.43758
0.55961 0.44039
0.56593 0.43407
0.56792 0.43208
0.56542 0.43458
0.57029 0.42971
0.56682 0.43318
0.56682 0.43318
0.57650 0.42350
0.57726 0.42274
0.57094 0.42906
0.56957 0.43043
0.57193 0.42807
0.57844 0.42156
0.57927 0.42073
0.57844 0.42156
0.57844 0.42156
0.56387 0.43613
0.56265 0.43735
0.56481 0.43519
0.55653 0.44347
0.55990 0.44010
0.56519 0.43481
0.55891 0.44109
0.57213 0.42787
0.57276 0.42724
0.56562 0.43438
0.56373 0.43627
0.56367 0.43633
0.55294 0.44706
0.56447 0.43553
0.56345 0.43655
0.57715 0.42285
0.57726 0.42274
0.56805 0.43195
0.56735 0.43265
0.56969 0.43031
0.57448 0.42552
0.57437 0.42563
0.56781 0.43219
0.57250 0.42750
0.57784 0.42216
0.58173 0.41827
0.58087 0.41913
0.58086 0.41914
0.55648 0.44352
0.55286 0.44714
0.55730 0.44270
0.57238 0.42762
0.56908 0.43092
0.56244 0.43756
0.56108 0.43892
0.56108 0.43892
0.55621 0.44379
0.55365 0.44635
0.57315 0.42685
0.56088 0.43912
0.56030 0.43970
0.57913 0.42087
0.58152 0.41848
0.57645 0.42355
0.55321 0.44679
0.55199 0.44801
0.55490 0.44510
0.56332 0.43668
0.56674 0.43326
0.55595 0.44405
0.55734 0.44266
0.58502 0.41498
0.58644 0.41356
0.56515 0.43485
0.56515 0.43485
0.55214 0.44786
0.55540 0.44460
0.55807 0.44193
0.56112 0.43888
0.55918 0.44082
0.56323 0.43677
0.56791 0.43209
0.56954 0.43046
0.56856 0.43144
0.56613 0.43387
0.55788 0.44212
0.56105 0.43895
0.55150 0.44850
0.55355 0.44645
0.56475 0.43525
0.56346 0.43654
0.55319 0.44681
0.55570 0.44430
0.57087 0.42913
0.57093 0.42907
0.56927 0.43073
0.56947 0.43053
0.57082 0.42918
0.57097 0.42903
0.57232 0.42768
0.57208 0.42792
0.57069 0.42931
0.57060 0.42940
0.57227 0.42773
0.57212 0.42788
0.57162 0.42838
0.57145 0.42855
0.57002 0.42998
0.56998 0.43002
0.57160 0.42840
0.57150 0.42850
0.57086 0.42914
0.57070 0.42930
0.57058 0.42942
0.57051 0.42949
0.57086 0.42914
0.56461 0.43539
0.56453 0.43547
0.56310 0.43690
0.56324 0.43676
0.56452 0.43548
0.56456 0.43544
0.57305 0.42695
0.57270 0.42730
0.56438 0.43562
0.55925 0.44075
0.56647 0.43353
0.56266 0.43734
0.56266 0.43734
0.56266 0.43734
0.56266 0.43734
0.56422 0.43578
0.56316 0.43684
0.56363 0.43637
0.56377 0.43623
0.56045 0.43955
0.56045 0.43955
0.56798 0.43202
0.56074 0.43926
0.56074 0.43926
0.55977 0.44023
0.55977 0.44023
0.58157 0.41843
0.55800 0.44200
0.55504 0.44496
0.55591 0.44409
0.57220 0.42780
0.57300 0.42700
0.57151 0.42849
0.57004 0.42996
0.57080 0.42920
0.56938 0.43062
0.56601 0.43399
0.57845 0.42155
0.55451 0.44549
0.55933 0.44067
0.55455 0.44545
0.55933 0.44067
0.56123 0.43877
0.56478 0.43522
0.56308 0.43692
0.56970 0.43030
0.57039 0.42961
0.56740 0.43260
0.56806 0.43194
0.56590 0.43410
0.56650 0.43350
0.56590 0.43410
0.56650 0.43350
0.57411 0.42589
0.57292 0.42708
0.57410 0.42590
0.55703 0.44297
0.55417 0.44583
0.55703 0.44297
0.55802 0.44198
0.57027 0.42973
0.57076 0.42924
0.57076 0.42924
0.57368 0.42632
0.57074 0.42926
0.57090 0.42910
0.56369 0.43631
0.56413 0.43587
0.56556 0.43444
0.56409 0.43591
0.56202 0.43798
0.56025 0.43975
0.55932 0.44068
0.57422 0.42578
0.57306 0.42694
0.58004 0.41996
0.57878 0.42122
0.57547 0.42453
0.57430 0.42570
0.57079 0.42921
0.57079 0.42921
0.56965 0.43035
0.56965 0.43035
0.57515 0.42485
0.57515 0.42485
0.57245 0.42755
0.57245 0.42755
0.55847 0.44153
0.56049 0.43951
0.56001 0.43999
0.56799 0.43201
0.56975 0.43025
0.56770 0.43230
0.56223 0.43777
0.57411 0.42589
0.57442 0.42558
0.55602 0.44398
0.55815 0.44185
0.56157 0.43843
0.56463 0.43537
0.56038 0.43962
0.55906 0.44094
0.55742 0.44258
0.55427 0.44573
0.57405 0.42595
0.55796 0.44204
0.55724 0.44276
0.55979 0.44021
0.56231 0.43769
0.56428 0.43572
0.56882 0.43118
0.55269 0.44731
0.55754 0.44246
0.55954 0.44046
0.55954 0.44046
0.56123 0.43877
0.55304 0.44696
0.54795 0.45205
0.55721 0.44279
0.55990 0.44010
0.56564 0.43436
0.56856 0.43144
0.57117 0.42883
0.56550 0.43450
0.57466 0.42534
0.57637 0.42363
0.57398 0.42602
0.57485 0.42515
0.56996 0.43004
0.56453 0.43547
0.56479 0.43521
0.56901 0.43099
0.56080 0.43920
0.56461 0.43539
0.55199 0.44801
0.56905 0.43095
0.56098 0.43902
0.55528 0.44472
0.55600 0.44400
0.55016 0.44984
0.56137 0.43863
0.55586 0.44414
0.56117 0.43883
0.55556 0.44444
0.55679 0.44321
0.57176 0.42824
0.57176 0.42824
0.56621 0.43379
0.55746 0.44254
0.55745 0.44255
0.56080 0.43920
0.56419 0.43581
0.56298 0.43702
0.56370 0.43630
0.56516 0.43484
0.55875 0.44125
0.57433 0.42567
0.56939 0.43061
0.56758 0.43242
0.56859 0.43141
0.56859 0.43141
0.56233 0.43767
0.56614 0.43386
0.56489 0.43511
0.56730 0.43270
0.56938 0.43062
0.56976 0.43024
0.56651 0.43349
0.57964 0.42036
0.57687 0.42313
0.56413 0.43587
0.56364 0.43636
0.56818 0.43182
0.56766 0.43234
0.56300 0.43700
0.56249 0.43751
0.56593 0.43407
0.56348 0.43652
0.56198 0.43802
0.56176 0.43824
0.56664 0.43336
0.56821 0.43179
0.56141 0.43859
0.56533 0.43467
0.56533 0.43467
0.56508 0.43492
0.56508 0.43492
0.56519 0.43481
0.56526 0.43474
0.57093 0.42907
0.56924 0.43076
0.55697 0.44303
0.55962 0.44038
0.55125 0.44875
0.55969 0.44031
0.56582 0.43418
0.56417 0.43583
0.56702 0.43298
0.55811 0.44189
0.57262 0.42738
0.55460 0.44540
0.57569 0.42431
0.57042 0.42958
0.57286 0.42714
0.55416 0.44584
0.54693 0.45307
0.55416 0.44584
0.54693 0.45307
0.55792 0.44208
0.56764 0.43236
0.55792 0.44208
0.56055 0.43945
0.57032 0.42968
0.56055 0.43945
0.56490 0.43510
0.55557 0.44443
0.56372 0.43628
0.56702 0.43298
0.54985 0.45015
0.55959 0.44041
0.55958 0.44042
0.55645 0.44355
0.55645 0.44355
0.55644 0.44356
0.55593 0.44407
0.55888 0.44112
0.55888 0.44112
0.56224 0.43776
0.56224 0.43776
0.56470 0.43530
0.55788 0.44212
0.56271 0.43729
0.56552 0.43448
0.57279 0.42721
0.56850 0.43150
0.56146 0.43854
0.55940 0.44060
0.56898 0.43102
0.56761 0.43239
0.57043 0.42957
0.56937 0.43063
0.56891 0.43109
0.57081 0.42919
0.57722 0.42278
0.57754 0.42246
0.55916 0.44084
0.56469 0.43531
0.56934 0.43066
0.56975 0.43025
0.56975 0.43025
0.57112 0.42888
0.56123 0.43877
0.55411 0.44589
0.55093 0.44907
0.56711 0.43289
0.57010 0.42990
0.56926 0.43074
0.56188 0.43812
0.56187 0.43813
0.56106 0.43894
0.56739 0.43261
0.56611 0.43389
0.56733 0.43267
0.56546 0.43454
0.56056 0.43944
0.56210 0.43790
0.56287 0.43713
0.54871 0.45129
0.54871 0.45129
0.56620 0.43380
0.56616 0.43384
0.56619 0.43381
0.56617 0.43383
0.55706 0.44294
0.55795 0.44205
0.55798 0.44202
0.56007 0.43993
0.56306 0.43694
0.57789 0.42211
0.57628 0.42372
0.57463 0.42537
0.57864 0.42136
0.57705 0.42295
0.57538 0.42462
0.56097 0.43903
0.56097 0.43903
0.56203 0.43797
0.56173 0.43827
0.56139 0.43861
0.56109 0.43891
0.56281 0.43719
0.56745 0.43255
0.55584 0.44416
0.55363 0.44637
0.56185 0.43815
0.56123 0.43877
0.57140 0.42860
0.57210 0.42790
0.57377 0.42623
0.56585 0.43415
0.55443 0.44557
0.57463 0.42537
0.57523 0.42477
0.56590 0.43410
0.55742 0.44258
0.56236 0.43764
0.56236 0.43764
0.56236 0.43764
0.56236 0.43764
0.56522 0.43478
0.56595 0.43405
0.57322 0.42678
0.56603 0.43397
0.56534 0.43466
0.56437 0.43563
0.57134 0.42866
0.57344 0.42656
0.56658 0.43342
0.56400 0.43600
0.56234 0.43766
0.56351 0.43649
0.56810 0.43190
0.56540 0.43460
0.56850 0.43150
0.57011 0.42989
0.57052 0.42948
0.56920 0.43080
0.57206 0.42794
0.56982 0.43018
0.56982 0.43018
0.57206 0.42794
0.56982 0.43018
0.55718 0.44282
0.57306 0.42694
0.57306 0.42694
0.55891 0.44109
0.55497 0.44503
0.56103 0.43897
0.55891 0.44109
0.57289 0.42711
0.56125 0.43875
0.56873 0.43127
0.56045 0.43955
0.56549 0.43451
0.56182 0.43819
0.56079 0.43921
0.56515 0.43485
0.56185 0.43815
0.57264 0.42736
0.56741 0.43259
0.56621 0.43379
0.57061 0.42939
0.56710 0.43290
0.56583 0.43417
0.56697 0.43303
0.56697 0.43303
0.57021 0.42979
0.56697 0.43303
0.56968 0.43032
0.56999 0.43001
0.56299 0.43701
0.55897 0.44103
0.55830 0.44170
0.55897 0.44103
0.55830 0.44170
0.56424 0.43576
0.57124 0.42876
0.55953 0.44047
0.55897 0.44103
0.55947 0.44053
0.55891 0.44109
0.56451 0.43549
0.56427 0.43573
0.57458 0.42542
0.56267 0.43733
0.56327 0.43673
0.56065 0.43935
0.56198 0.43802
0.57851 0.42149
0.57754 0.42246
0.57754 0.42246
0.57852 0.42148
0.57925 0.42075
0.57818 0.42182
0.57818 0.42182
0.57926 0.42074
0.57733 0.42267
0.57660 0.42340
0.57660 0.42340
0.57734 0.42266
0.57895 0.42105
0.57821 0.42179
0.57821 0.42179
0.57897 0.42103
0.56607 0.43393
0.56395 0.43605
0.56313 0.43687
0.56226 0.43774
0.56149 0.43851
0.55412 0.44588
0.55397 0.44603
0.55434 0.44566
0.55508 0.44492
0.55338 0.44662
0.56884 0.43116
0.56046 0.43954
0.56256 0.43744
0.56046 0.43954
0.56180 0.43820
0.56192 0.43808
0.55184 0.44816
0.55333 0.44667
0.55399 0.44601
0.56812 0.43188
0.56812 0.43188
0.56640 0.43360
0.56640 0.43360
0.56774 0.43226
0.56774 0.43226
0.56819 0.43181
0.56819 0.43181
0.56867 0.43133
0.56867 0.43133
0.56774 0.43226
0.56774 0.43226
0.56000 0.44000
0.56321 0.43679
0.56136 0.43864
0.56472 0.43528
0.56000 0.44000
0.56321 0.43679
0.56000 0.44000
0.56321 0.43679
0.56085 0.43915
0.56406 0.43594
0.56861 0.43139
0.57110 0.42890
0.56330 0.43670
0.56465 0.43535
0.56616 0.43384
0.56917 0.43083
0.56769 0.43231
0.58996 0.41004
0.59068 0.40932
0.57000 0.43000
0.56476 0.43524
0.55779 0.44221
0.57035 0.42965
0.57269 0.42731
0.57034 0.42966
0.57490 0.42510
0.57112 0.42888
0.55699 0.44301
0.57868 0.42132
0.56405 0.43595
0.57100 0.42900
0.57338 0.42662
0.56735 0.43265
0.56956 0.43044
0.56864 0.43136
0.55387 0.44613
0.55368 0.44632
0.57638 0.42362
0.57638 0.42362
0.56476 0.43524
0.55844 0.44156
0.55771 0.44229
0.56095 0.43905
0.57047 0.42953
0.57047 0.42953
0.56750 0.43250
0.57511 0.42489
0.55969 0.44031
0.56621 0.43379
0.56069 0.43931
0.56527 0.43473
0.56221 0.43779
0.56916 0.43084
0.57151 0.42849
0.54940 0.45060
0.57181 0.42819
0.56768 0.43232
0.57181 0.42819
0.56768 0.43232
0.56351 0.43649
0.57230 0.42770
0.56899 0.43101
0.56837 0.43163
0.56531 0.43469
0.55630 0.44370
0.56238 0.43762
0.56651 0.43349
0.56400 0.43600
0.56271 0.43729
0.56124 0.43876
0.55416 0.44584
0.55672 0.44328
0.57325 0.42675
0.57670 0.42330
0.57478 0.42522
0.56323 0.43677
0.56513 0.43487
0.55545 0.44455
0.56092 0.43908
0.56151 0.43849
0.55770 0.44230
0.56983 0.43017
0.57023 0.42977
0.55297 0.44703
0.56097 0.43903
0.55881 0.44119
0.55529 0.44471
0.57261 0.42739
0.56693 0.43307
0.55924 0.44076
0.56017 0.43983
0.55238 0.44762
0.55162 0.44838
0.57679 0.42321
0.57342 0.42658
0.57088 0.42912
0.57430 0.42570
0.57754 0.42246
0.57679 0.42321
0.57342 0.42658
0.57088 0.42912
0.57430 0.42570
0.57754 0.42246
0.55503 0.44497
0.56481 0.43519
0.55423 0.44577
0.56403 0.43597
0.56447 0.43553
0.56593 0.43407
0.57276 0.42724
0.56826 0.43174
0.56706 0.43294
0.58701 0.41299
0.58879 0.41121
0.58729 0.41271
0.58903 0.41097
0.58680 0.41320
0.58854 0.41146
0.58710 0.41290
0.58895 0.41105
0.58630 0.41370
0.58809 0.41191
0.56842 0.43158
0.57029 0.42971
0.55692 0.44308
0.56042 0.43958
0.55738 0.44262
0.55607 0.44393
0.57083 0.42917
0.56444 0.43556
0.57613 0.42387
0.57865 0.42135
0.56616 0.43384
0.57808 0.42192
0.56450 0.43550
0.57786 0.42214
0.56847 0.43153
0.55841 0.44159
0.56231 0.43769
0.56400 0.43600
0.56145 0.43855
0.56326 0.43674
0.56366 0.43634
0.56551 0.43449
0.57135 0.42865
0.57510 0.42490
0.57267 0.42733
0.57429 0.42571
0.57122 0.42878
0.57543 0.42457
0.57742 0.42258
0.57430 0.42570
0.57646 0.42354
0.56124 0.43876
0.56124 0.43876
0.56447 0.43553
0.56097 0.43903
0.56097 0.43903
0.56422 0.43578
0.55936 0.44064
0.55936 0.44064
0.56261 0.43739
0.56014 0.43986
0.56039 0.43961
0.56379 0.43621
0.56124 0.43876
0.56124 0.43876
0.56447 0.43553
0.55936 0.44064
0.55936 0.44064
0.56261 0.43739
0.56124 0.43876
0.56124 0.43876
0.56447 0.43553
0.56905 0.43095
0.56905 0.43095
0.56954 0.43046
0.56954 0.43046
0.57349 0.42651
0.57564 0.42436
0.57449 0.42551
0.57676 0.42324
0.56436 0.43564
0.56318 0.43682
0.56268 0.43732
0.56644 0.43356
0.56805 0.43195
0.56814 0.43186
0.56548 0.43452
0.56727 0.43273
0.56736 0.43264
0.56705 0.43295
0.56874 0.43126
0.56883 0.43117
0.57398 0.42602
0.57828 0.42172
0.56144 0.43856
0.56904 0.43096
0.56841 0.43159
0.58360 0.41640
0.58288 0.41712
0.57071 0.42929
0.57320 0.42680
0.57127 0.42873
0.57049 0.42951
0.56026 0.43974
0.56068 0.43932
0.56033 0.43967
0.56425 0.43575
0.56075 0.43925
0.56467 0.43533
0.55861 0.44139
0.56268 0.43732
0.55950 0.44050
0.56210 0.43790
0.56151 0.43849
0.56960 0.43040
0.56980 0.43020
0.56991 0.43009
0.56900 0.43100
0.56930 0.43070
0.56941 0.43059
0.56904 0.43096
0.56946 0.43054
0.56957 0.43043
0.56449 0.43551
0.57886 0.42114
0.58483 0.41517
0.58460 0.41540
0.56861 0.43139
0.59275 0.40725
0.59393 0.40607
0.59361 0.40639
0.59195 0.40805
0.59325 0.40675
0.57422 0.42578
0.57725 0.42275
0.57702 0.42298
0.58071 0.41929
0.58423 0.41577
0.58413 0.41587
0.57306 0.42694
0.57377 0.42623
0.57433 0.42567
0.56412 0.43588
0.57539 0.42461
0.57614 0.42386
0.57675 0.42325
0.55214 0.44786
0.55266 0.44734
0.55311 0.44689
0.57100 0.42900
0.57100 0.42900
0.57028 0.42972
0.56591 0.43409
0.56634 0.43366
0.57178 0.42822
0.57178 0.42822
0.57149 0.42851
0.56975 0.43025
0.57166 0.42834
0.56894 0.43106
0.57367 0.42633
0.56368 0.43632
0.56310 0.43690
0.56844 0.43156
0.56841 0.43159
0.56074 0.43926
0.56085 0.43915
0.56525 0.43475
0.56525 0.43475
0.56493 0.43507
0.56492 0.43508
0.56334 0.43666
0.56322 0.43678
0.56493 0.43507
0.56492 0.43508
0.56904 0.43096
0.57109 0.42891
0.56965 0.43035
0.56535 0.43465
0.56550 0.43450
0.55956 0.44044
0.55860 0.44140
0.55785 0.44215
0.55913 0.44087
0.56017 0.43983
0.55875 0.44125
0.55976 0.44024
0.55806 0.44194
0.55905 0.44095
0.54498 0.45502
0.54443 0.45557
0.54498 0.45502
0.54443 0.45557
0.56701 0.43299
0.56530 0.43470
0.56530 0.43470
0.56393 0.43607
0.56307 0.43693
0.57862 0.42138
0.57892 0.42108
0.57729 0.42271
0.56372 0.43628
0.56426 0.43574
0.57040 0.42960
0.57040 0.42960
0.56976 0.43024
0.56929 0.43071
0.56929 0.43071
0.56878 0.43122
0.57583 0.42417
0.57583 0.42417
0.55675 0.44325
0.55556 0.44444
0.55604 0.44396
0.55675 0.44325
0.55556 0.44444
0.55604 0.44396
0.55675 0.44325
0.55556 0.44444
0.55604 0.44396
0.56102 0.43898
0.55715 0.44285
0.56178 0.43822
0.55788 0.44212
0.56604 0.43396
0.56894 0.43106
0.56686 0.43314
0.56977 0.43023
0.56415 0.43585
0.56134 0.43866
0.56423 0.43577
0.56145 0.43855
0.56382 0.43618
0.56093 0.43907
0.57587 0.42413
0.57349 0.42651
0.56034 0.43966
0.56065 0.43935
0.57085 0.42915
0.56982 0.43018
0.57242 0.42758
0.56277 0.43723
0.56466 0.43534
0.56277 0.43723
0.56467 0.43533
0.58435 0.41565
0.55046 0.44954
0.55176 0.44824
0.55046 0.44954
0.57187 0.42813
0.56820 0.43180
0.57138 0.42862
0.56537 0.43463
0.56440 0.43560
0.56444 0.43556
0.56339 0.43661
0.56537 0.43463
0.56440 0.43560
0.57664 0.42336
0.57780 0.42220
0.56137 0.43863
0.56528 0.43472
0.55976 0.44024
0.56085 0.43915
0.55974 0.44026
0.55688 0.44312
0.57668 0.42332
0.57577 0.42423
0.57186 0.42814
0.57929 0.42071
0.57838 0.42162
0.57436 0.42564
0.57595 0.42405
0.57347 0.42653
0.57827 0.42173
0.57693 0.42307
0.57520 0.42480
0.57295 0.42705
0.57177 0.42823
0.56700 0.43300
0.57022 0.42978
0.57687 0.42313
0.56705 0.43295
0.56627 0.43373
0.57047 0.42953
0.57183 0.42817
0.56971 0.43029
0.57072 0.42928
0.57849 0.42151
0.57719 0.42281
0.57750 0.42250
0.57829 0.42171
0.57888 0.42112
0.57922 0.42078
0.57700 0.42300
0.57789 0.42211
0.57881 0.42119
0.57660 0.42340
0.57846 0.42154
0.55662 0.44338
0.55766 0.44234
0.56218 0.43782
0.55562 0.44438
0.56268 0.43732
0.55609 0.44391
0.56327 0.43673
0.55672 0.44328
0.55985 0.44015
0.55806 0.44194
0.56463 0.43537
0.56356 0.43644
0.57044 0.42956
0.57007 0.42993
0.56121 0.43879
0.56202 0.43798
0.57548 0.42452
0.56339 0.43661
0.56646 0.43354
0.56048 0.43952
0.55704 0.44296
0.55917 0.44083
0.55575 0.44425
0.57233 0.42767
0.57868 0.42132
0.57220 0.42780
0.57289 0.42711
0.57944 0.42056
0.57277 0.42723
0.58057 0.41943
0.56285 0.43715
0.57313 0.42687
0.56064 0.43936
0.56214 0.43786
0.56484 0.43516
0.54839 0.45161
0.55226 0.44774
0.55340 0.44660
0.55728 0.44272
0.55312 0.44688
0.55427 0.44573
0.55806 0.44194
0.57614 0.42386
0.57753 0.42247
0.55507 0.44493
0.54968 0.45032
0.55127 0.44873
0.55025 0.44975
0.56847 0.43153
0.56042 0.43958
0.56904 0.43096
0.58316 0.41684
0.56925 0.43075
0.54741 0.45259
0.57219 0.42781
0.57502 0.42498
0.57249 0.42751
0.57074 0.42926
0.57095 0.42905
0.57138 0.42862
0.56659 0.43341
0.56630 0.43370
0.57176 0.42824
0.57119 0.42881
0.57335 0.42665
0.57275 0.42725
0.57176 0.42824
0.57119 0.42881
0.56576 0.43424
0.56655 0.43345
0.56667 0.43333
0.55278 0.44722
0.56587 0.43413
0.56582 0.43418
0.56826 0.43174
0.56897 0.43103
0.56909 0.43091
0.56148 0.43852
0.56088 0.43912
0.56217 0.43783
0.56166 0.43834
0.56229 0.43771
0.56127 0.43873
0.56229 0.43771
0.56178 0.43822
0.57525 0.42475
0.58227 0.41773
0.58121 0.41879
0.57946 0.42054
0.57501 0.42499
0.55597 0.44403
0.57451 0.42549
0.56621 0.43379
0.56627 0.43373
0.56778 0.43222
0.57100 0.42900
0.57024 0.42976
0.56369 0.43631
0.55894 0.44106
0.56303 0.43697
0.55003 0.44997
0.57624 0.42376
0.55777 0.44223
0.56525 0.43475
0.57455 0.42545
0.57517 0.42483
0.57517 0.42483
0.56711 0.43289
0.56764 0.43236
0.56663 0.43337
0.56682 0.43318
0.56646 0.43354
0.56756 0.43244
0.56682 0.43318
0.55530 0.44470
0.55478 0.44522
0.55568 0.44432
0.55507 0.44493
0.56590 0.43410
0.56712 0.43288
0.56801 0.43199
0.56668 0.43332
0.56668 0.43332
0.56833 0.43167
0.56833 0.43167
0.57058 0.42942
0.57058 0.42942
0.56961 0.43039
0.56961 0.43039
0.57125 0.42875
0.57260 0.42740
0.55678 0.44322
0.55864 0.44136
0.55783 0.44217
0.56906 0.43094
0.57131 0.42869
0.57034 0.42966
0.56724 0.43276
0.56724 0.43276
0.58042 0.41958
0.56445 0.43555
0.55301 0.44699
0.55218 0.44782
0.54944 0.45056
0.55946 0.44054
0.54782 0.45218
0.56569 0.43431
0.55662 0.44338
0.55662 0.44338
0.56088 0.43912
0.56088 0.43912
0.55988 0.44012
0.55988 0.44012
0.55949 0.44051
0.56147 0.43853
0.56888 0.43112
0.57519 0.42481
0.57519 0.42481
0.56025 0.43975
0.56650 0.43350
0.56456 0.43544
0.56417 0.43583
0.56442 0.43558
0.56534 0.43466
0.56468 0.43532
0.57701 0.42299
0.57627 0.42373
0.58170 0.41830
0.57293 0.42707
0.57222 0.42778
0.57743 0.42257
0.57539 0.42461
0.57469 0.42531
0.56362 0.43638
0.57597 0.42403
0.57523 0.42477
0.58067 0.41933
0.56150 0.43850
0.56300 0.43700
0.56967 0.43033
0.57120 0.42880
0.56725 0.43275
0.56689 0.43311
0.56689 0.43311
0.56689 0.43311
0.56689 0.43311
0.56483 0.43517
0.56498 0.43502
0.56483 0.43517
0.56498 0.43502
0.55054 0.44946
0.56485 0.43515
0.56790 0.43210
0.55841 0.44159
0.57200 0.42800
0.56991 0.43009
0.55693 0.44307
0.55982 0.44018
0.55800 0.44200
0.55982 0.44018
0.57673 0.42327
0.57166 0.42834
0.57166 0.42834
0.57386 0.42614
0.57386 0.42614
0.56554 0.43446
0.56362 0.43638
0.56554 0.43446
0.56362 0.43638
0.56294 0.43706
0.57842 0.42158
0.56911 0.43089
0.55669 0.44331
0.56221 0.43779
0.55904 0.44096
0.56320 0.43680
0.56028 0.43972
0.56449 0.43551
0.56480 0.43520
0.56339 0.43661
0.56714 0.43286
0.56205 0.43795
0.56593 0.43407
0.57090 0.42910
0.57305 0.42695
0.54769 0.45231
0.56175 0.43825
0.55812 0.44188
0.56300 0.43700
0.55933 0.44067
0.55701 0.44299
0.56298 0.43702
0.57178 0.42822
0.57178 0.42822
0.57198 0.42802
0.57198 0.42802
0.56322 0.43678
0.58296 0.41704
0.57881 0.42119
0.56960 0.43040
0.57467 0.42533
0.57349 0.42651
0.57051 0.42949
0.56940 0.43060
0.57051 0.42949
0.56331 0.43669
0.56236 0.43764
0.57704 0.42296
0.57585 0.42415
0.56274 0.43726
0.56639 0.43361
0.56762 0.43238
0.56741 0.43259
0.56843 0.43157
0.56966 0.43034
0.56945 0.43055
0.56905 0.43095
0.57027 0.42973
0.57008 0.42992
0.57280 0.42720
0.57124 0.42876
0.56506 0.43494
0.56522 0.43478
0.56545 0.43455
0.57589 0.42411
0.57749 0.42251
0.57629 0.42371
0.56780 0.43220
0.57721 0.42279
0.57664 0.42336
0.55008 0.44992
0.58100 0.41900
0.58100 0.41900
0.56785 0.43215
0.56932 0.43068
0.56821 0.43179
0.56785 0.43215
0.56821 0.43179
0.56872 0.43128
0.57029 0.42971
0.56895 0.43105
0.56872 0.43128
0.56895 0.43105
0.57083 0.42917
0.57542 0.42458
0.58352 0.41648
0.57594 0.42406
0.58257 0.41743
0.58112 0.41888
0.56605 0.43395
0.57315 0.42685
0.57189 0.42811
0.57301 0.42699
0.57976 0.42024
0.55893 0.44107
0.55786 0.44214
0.56277 0.43723
0.56277 0.43723
0.56284 0.43716
0.56967 0.43033
0.56960 0.43040
0.55507 0.44493
0.55504 0.44496
0.55592 0.44408
0.55680 0.44320
0.57481 0.42519
0.56638 0.43362
0.57110 0.42890
0.57706 0.42294
0.56357 0.43643
0.56483 0.43517
0.55961 0.44039
0.56364 0.43636
0.56729 0.43271
0.56211 0.43789
0.56220 0.43780
0.57176 0.42824
0.56020 0.43980
0.57108 0.42892
0.57176 0.42824
0.56020 0.43980
0.57108 0.42892
0.57007 0.42993
0.55845 0.44155
0.56942 0.43058
0.57007 0.42993
0.55845 0.44155
0.56942 0.43058
0.55790 0.44210
0.55630 0.44370
0.56071 0.43929
0.56081 0.43919
0.55978 0.44022
0.55910 0.44090
0.55768 0.44232
0.55644 0.44356
0.55874 0.44126
0.56941 0.43059
0.56588 0.43412
0.56660 0.43340
0.56317 0.43683
0.57397 0.42603
0.57023 0.42977
0.56666 0.43334
0.56666 0.43334
0.56013 0.43987
0.55955 0.44045
0.56993 0.43007
0.57495 0.42505
0.55886 0.44114
0.56916 0.43084
0.56880 0.43120
0.56855 0.43145
0.56773 0.43227
0.56396 0.43604
0.56422 0.43578
0.56432 0.43568
0.54999 0.45001
0.55522 0.44478
0.55739 0.44261
0.57148 0.42852
0.58060 0.41940
0.56559 0.43441
0.56570 0.43430
0.56887 0.43113
0.56887 0.43113
0.56354 0.43646
0.56817 0.43183
0.58484 0.41516
0.58538 0.41462
0.56242 0.43758
0.56520 0.43480
0.55996 0.44004
0.55788 0.44212
0.55607 0.44393
0.56911 0.43089
0.57101 0.42899
0.56676 0.43324
0.56388 0.43612
0.56544 0.43456
0.56441 0.43559
0.57029 0.42971
0.56989 0.43011
0.55604 0.44396
0.55604 0.44396
0.55575 0.44425
0.55575 0.44425
0.55595 0.44405
0.55595 0.44405
0.55624 0.44376
0.58210 0.41790
0.58142 0.41858
0.57836 0.42164
0.57852 0.42148
0.57836 0.42164
0.56697 0.43303
0.56661 0.43339
0.56661 0.43339
0.56106 0.43894
0.56005 0.43995
0.56032 0.43968
0.55828 0.44172
0.56913 0.43087
0.56835 0.43165
0.55769 0.44231
0.55882 0.44118
0.55649 0.44351
0.55818 0.44182
0.57277 0.42723
0.55622 0.44378
0.55599 0.44401
0.57233 0.42767
0.57181 0.42819
0.57258 0.42742
0.57195 0.42805
0.54190 0.45810
0.54863 0.45137
0.54177 0.45823
0.54838 0.45162
0.56374 0.43626
0.55535 0.44465
0.56481 0.43519
0.56276 0.43724
0.55424 0.44576
0.56375 0.43625
0.56058 0.43942
0.56086 0.43914
0.56137 0.43863
0.56112 0.43888
0.56131 0.43869
0.56106 0.43894
0.56696 0.43304
0.55792 0.44208
0.55467 0.44533
0.55467 0.44533
0.55467 0.44533
0.55451 0.44549
0.55451 0.44549
0.55451 0.44549
0.56565 0.43435
0.55758 0.44242
0.56772 0.43228
0.55579 0.44421
0.56682 0.43318
0.55629 0.44371
0.56657 0.43343
0.55608 0.44392
0.56682 0.43318
0.55629 0.44371
0.55164 0.44836
0.54924 0.45076
0.55594 0.44406
0.56051 0.43949
0.55964 0.44036
0.56167 0.43833
0.56440 0.43560
0.56142 0.43858
0.56414 0.43586
0.56185 0.43815
0.56458 0.43542
0.55865 0.44135
0.56039 0.43961
0.56501 0.43499
0.56509 0.43491
0.56067 0.43933
0.56067 0.43933
0.56305 0.43695
0.56305 0.43695
0.55512 0.44488
0.57018 0.42982
0.56572 0.43428
0.56539 0.43461
0.58187 0.41813
0.58305 0.41695
0.55660 0.44340
0.56070 0.43930
0.57582 0.42418
0.57676 0.42324
0.57554 0.42446
0.55944 0.44056
0.55944 0.44056
0.55944 0.44056
0.55863 0.44137
0.55863 0.44137
0.55863 0.44137
0.55944 0.44056
0.55944 0.44056
0.55944 0.44056
0.55944 0.44056
0.55944 0.44056
0.55944 0.44056
0.57081 0.42919
0.56456 0.43544
0.57026 0.42974
0.57079 0.42921
0.57070 0.42930
0.56895 0.43105
0.56969 0.43031
0.56275 0.43725
0.56190 0.43810
0.56942 0.43058
0.56839 0.43161
0.56942 0.43058
0.56969 0.43031
0.56720 0.43280
0.56590 0.43410
0.56729 0.43271
0.56734 0.43266
0.56726 0.43274
0.56357 0.43643
0.55570 0.44430
0.56638 0.43362
0.56256 0.43744
0.55871 0.44129
0.54766 0.45234
0.56200 0.43800
0.56390 0.43610
0.56562 0.43438
0.55495 0.44505
0.56793 0.43207
0.57035 0.42965
0.55588 0.44412
0.55815 0.44185
0.56663 0.43337
0.56741 0.43259
0.55997 0.44003
0.56192 0.43808
0.55766 0.44234
0.56389 0.43611
0.56389 0.43611
0.56823 0.43177
0.56341 0.43659
0.55681 0.44319
0.56878 0.43122
0.56878 0.43122
0.56264 0.43736
0.56220 0.43780
0.56169 0.43831
0.57685 0.42315
0.57691 0.42309
0.56984 0.43016
0.56990 0.43010
0.56974 0.43026
0.56974 0.43026
0.55394 0.44606
0.55802 0.44198
0.56980 0.43020
0.55164 0.44836
0.55086 0.44914
0.56478 0.43522
0.56479 0.43521
0.56478 0.43522
0.56479 0.43521
0.55852 0.44148
0.56751 0.43249
0.55818 0.44182
0.55831 0.44169
0.57182 0.42818
0.56937 0.43063
0.55793 0.44207
0.55793 0.44207
0.55691 0.44309
0.55714 0.44286
0.57026 0.42974
0.56368 0.43632
0.56231 0.43769
0.57471 0.42529
0.57320 0.42680
0.57320 0.42680
0.57468 0.42532
0.57318 0.42682
0.57318 0.42682
0.56968 0.43032
0.57157 0.42843
0.57064 0.42936
0.56424 0.43576
0.57754 0.42246
0.57559 0.42441
0.57559 0.42441
0.55649 0.44351
0.55771 0.44229
0.57074 0.42926
0.56945 0.43055
0.56295 0.43705
0.56405 0.43595
0.55057 0.44943
0.56594 0.43406
0.55085 0.44915
0.54944 0.45056
0.56943 0.43057
0.55667 0.44333
0.56288 0.43712
0.57483 0.42517
0.57730 0.42270
0.57192 0.42808
0.57701 0.42299
0.56570 0.43430
0.55253 0.44747
0.56236 0.43764
0.55417 0.44583
0.55385 0.44615
0.55149 0.44851
0.57223 0.42777
0.57093 0.42907
0.57093 0.42907
0.55890 0.44110
0.55596 0.44404
0.56219 0.43781
0.56609 0.43391
0.58857 0.41143
0.58955 0.41045
0.59213 0.40787
0.59136 0.40864
0.59037 0.40963
0.59073 0.40927
0.57887 0.42113
0.57720 0.42280
0.57846 0.42154
0.57679 0.42321
0.57794 0.42206
0.57626 0.42374
0.57879 0.42121
0.57712 0.42288
0.58034 0.41966
0.57858 0.42142
0.56719 0.43281
0.55848 0.44152
0.55465 0.44535
0.55612 0.44388
0.56535 0.43465
0.56375 0.43625
0.56465 0.43535
0.56210 0.43790
0.56361 0.43639
0.56296 0.43704
0.58684 0.41316
0.58557 0.41443
0.58557 0.41443
0.57060 0.42940
0.56954 0.43046
0.56954 0.43046
0.56204 0.43796
0.56516 0.43484
0.56511 0.43489
0.55801 0.44199
0.54791 0.45209
0.55236 0.44764
0.55608 0.44392
0.55827 0.44173
0.55424 0.44576
0.55840 0.44160
0.56058 0.43942
0.56320 0.43680
0.56358 0.43642
0.56393 0.43607
0.56571 0.43429
0.56612 0.43388
0.56643 0.43357
0.56571 0.43429
0.56612 0.43388
0.56643 0.43357
0.55794 0.44206
0.55856 0.44144
0.55881 0.44119
0.55837 0.44163
0.56541 0.43459
0.56687 0.43313
0.56632 0.43368
0.56784 0.43216
0.56584 0.43416
0.56727 0.43273
0.56278 0.43722
0.56422 0.43578
0.56605 0.43395
0.56757 0.43243
0.55711 0.44289
0.55718 0.44282
0.56422 0.43578
0.56497 0.43503
0.56521 0.43479
0.56475 0.43525
0.56422 0.43578
0.55923 0.44077
0.56353 0.43647
0.55923 0.44077
0.56381 0.43619
0.56567 0.43433
0.56012 0.43988
0.56443 0.43557
0.56012 0.43988
0.56470 0.43530
0.56650 0.43350
0.55988 0.44012
0.56419 0.43581
0.55988 0.44012
0.56446 0.43554
0.56626 0.43374
0.55923 0.44077
0.56353 0.43647
0.55923 0.44077
0.56381 0.43619
0.56567 0.43433
0.55967 0.44033
0.56398 0.43602
0.55967 0.44033
0.56425 0.43575
0.56606 0.43394
0.56826 0.43174
0.56496 0.43504
0.56898 0.43102
0.56571 0.43429
0.56550 0.43450
0.56300 0.43700
0.55810 0.44190
0.56177 0.43823
0.56177 0.43823
0.55810 0.44190
0.56300 0.43700
0.55811 0.44189
0.56178 0.43822
0.56178 0.43822
0.55811 0.44189
0.56224 0.43776
0.55741 0.44259
0.56103 0.43897
0.56103 0.43897
0.55741 0.44259
0.56546 0.43454
0.56074 0.43926
0.56421 0.43579
0.56421 0.43579
0.56074 0.43926
0.56495 0.43505
0.55997 0.44003
0.56362 0.43638
0.56362 0.43638
0.55997 0.44003
0.56563 0.43437
0.56065 0.43935
0.56418 0.43582
0.56418 0.43582
0.56065 0.43935
0.56563 0.43437
0.56065 0.43935
0.56418 0.43582
0.56418 0.43582
0.56065 0.43935
0.56429 0.43571
0.56163 0.43837
0.56297 0.43703
0.56718 0.43282
0.56857 0.43143
0.56491 0.43509
0.56364 0.43636
0.57477 0.42523
0.57453 0.42547
0.57405 0.42595
0.57441 0.42559
0.57391 0.42609
0.57248 0.42752
0.56654 0.43346
0.56622 0.43378
0.56632 0.43368
0.56569 0.43431
0.56450 0.43550
0.55967 0.44033
0.56013 0.43987
0.55902 0.44098
0.57244 0.42756
0.57734 0.42266
0.57138 0.42862
0.57627 0.42373
0.57244 0.42756
0.57734 0.42266
0.57138 0.42862
0.57627 0.42373
0.56757 0.43243
0.57198 0.42802
0.56757 0.43243
0.57198 0.42802
0.56658 0.43342
0.57098 0.42902
0.56705 0.43295
0.57198 0.42802
0.57224 0.42776
0.57305 0.42695
0.57224 0.42776
0.57305 0.42695
0.57123 0.42877
0.57204 0.42796
0.56104 0.43896
0.56511 0.43489
0.56485 0.43515
0.56104 0.43896
0.56511 0.43489
0.56485 0.43515
0.56014 0.43986
0.56421 0.43579
0.56395 0.43605
0.57932 0.42068
0.58023 0.41977
0.56836 0.43164
0.56613 0.43387
0.56763 0.43237
0.56917 0.43083
0.57063 0.42937
0.57623 0.42377
0.57630 0.42370
0.57805 0.42195
0.56814 0.43186
0.55937 0.44063
0.56501 0.43499
0.56443 0.43557
0.56887 0.43113
0.56891 0.43109
0.57012 0.42988
0.57648 0.42352
0.57479 0.42521
0.57265 0.42735
0.57351 0.42649
0.57185 0.42815
0.56971 0.43029
0.57753 0.42247
0.57587 0.42413
0.57374 0.42626
0.58854 0.41146
0.58854 0.41146
0.58854 0.41146
0.57199 0.42801
0.56992 0.43008
0.57199 0.42801
0.56992 0.43008
0.57199 0.42801
0.56992 0.43008
0.57199 0.42801
0.56992 0.43008
0.56814 0.43186
0.56606 0.43394
0.56814 0.43186
0.56606 0.43394
0.57199 0.42801
0.56992 0.43008
0.57199 0.42801
0.56992 0.43008
0.56639 0.43361
0.56252 0.43748
0.56639 0.43361
0.56409 0.43591
0.55412 0.44588
0.56102 0.43898
0.56113 0.43887
0.55370 0.44630
0.58325 0.41675
0.56493 0.43507
0.55639 0.44361
0.56487 0.43513
0.56291 0.43709
0.55746 0.44254
0.56321 0.43679
0.57763 0.42237
0.57723 0.42277
0.57172 0.42828
0.56590 0.43410
0.57172 0.42828
0.56590 0.43410
0.55915 0.44085
0.55375 0.44625
0.56185 0.43815
0.55806 0.44194
0.55298 0.44702
0.56113 0.43887
0.55735 0.44265
0.56744 0.43256
0.56577 0.43423
0.56280 0.43720
0.56280 0.43720
0.56280 0.43720
0.56280 0.43720
0.56517 0.43483
0.56396 0.43604
0.56516 0.43484
0.56364 0.43636
0.55867 0.44133
0.55714 0.44286
0.56995 0.43005
0.56618 0.43382
0.56624 0.43376
0.56772 0.43228
0.56591 0.43409
0.55576 0.44424
0.55298 0.44702
0.55401 0.44599
0.55872 0.44128
0.55901 0.44099
0.55915 0.44085
0.55925 0.44075
0.57549 0.42451
0.57419 0.42581
0.56394 0.43606
0.56286 0.43714
0.54409 0.45591
0.54762 0.45238
0.54210 0.45790
0.54997 0.45002
0.55344 0.44656
0.54665 0.45335
0.57382 0.42618
0.57419 0.42581
0.56616 0.43384
0.55527 0.44472
0.55646 0.44354
0.55442 0.44558
0.56226 0.43774
0.56225 0.43775
0.56044 0.43956
0.56225 0.43775
0.56044 0.43956
0.56313 0.43687
0.56876 0.43124
0.55964 0.44036
0.55636 0.44364
0.56670 0.43330
0.56920 0.43080
0.56548 0.43452
0.55449 0.44551
0.55956 0.44044
0.55635 0.44365
0.55956 0.44044
0.55635 0.44365
0.57987 0.42013
0.57868 0.42132
0.57970 0.42030
0.55717 0.44283
0.55705 0.44295
0.56007 0.43993
0.56019 0.43981
0.56007 0.43993
0.56019 0.43981
0.56007 0.43993
0.56007 0.43993
0.56448 0.43552
0.56435 0.43565
0.56390 0.43610
0.56889 0.43111
0.56591 0.43409
0.55868 0.44132
0.56175 0.43825
0.56269 0.43731
0.56581 0.43419
0.56016 0.43984
0.56124 0.43876
0.55105 0.44895
0.55210 0.44790
0.55928 0.44072
0.55215 0.44785
0.55406 0.44594
0.55766 0.44234
0.56114 0.43886
0.55525 0.44475
0.55809 0.44191
0.55413 0.44587
0.55944 0.44056
0.56273 0.43727
0.56273 0.43727
0.56273 0.43727
0.56071 0.43929
0.56071 0.43929
0.56071 0.43929
0.56459 0.43541
0.56459 0.43541
0.56459 0.43541
0.56607 0.43393
0.57653 0.42347
0.57238 0.42762
0.57273 0.42727
0.56852 0.43148
0.57293 0.42707
0.57449 0.42551
0.57394 0.42606
0.57090 0.42910
0.57364 0.42636
0.57385 0.42615
0.57621 0.42379
0.57555 0.42445
0.57243 0.42757
0.57539 0.42461
0.57560 0.42440
0.57575 0.42425
0.56789 0.43211
0.56265 0.43735
0.55419 0.44581
0.56708 0.43292
0.56648 0.43352
0.56923 0.43077
0.57018 0.42982
0.57818 0.42182
0.56216 0.43784
0.54897 0.45103
0.55498 0.44502
0.56864 0.43136
0.56812 0.43188
0.56797 0.43203
0.56398 0.43602
0.56203 0.43797
0.56125 0.43875
0.55900 0.44100
0.55908 0.44092
0.56347 0.43653
0.56151 0.43849
0.55891 0.44109
0.56987 0.43013
0.57047 0.42953
0.56994 0.43006
0.56841 0.43159
0.56810 0.43190
0.56841 0.43159
0.56810 0.43190
0.56598 0.43402
0.57085 0.42915
0.56941 0.43059
0.57057 0.42943
0.56535 0.43465
0.56919 0.43081
0.56919 0.43081
0.57035 0.42965
0.56659 0.43341
0.55188 0.44812
0.54644 0.45356
0.55956 0.44044
0.56467 0.43533
0.56061 0.43939
0.56035 0.43965
0.55827 0.44173
0.56010 0.43990
0.55487 0.44513
0.56342 0.43658
0.56823 0.43177
0.56105 0.43895
0.56081 0.43919
0.57462 0.42538
0.56823 0.43177
0.55059 0.44941
0.55915 0.44085
0.55059 0.44941
0.55837 0.44163
0.55419 0.44581
0.56074 0.43926
0.56653 0.43347
0.56074 0.43926
0.56074 0.43926
0.56596 0.43404
0.56074 0.43926
0.55265 0.44735
0.55253 0.44747
0.56656 0.43344
0.56202 0.43798
0.56656 0.43344
0.56851 0.43149
0.56656 0.43344
0.56202 0.43798
0.56656 0.43344
0.56851 0.43149
0.57875 0.42125
0.57785 0.42215
0.57828 0.42172
0.57107 0.42893
0.56843 0.43157
0.56520 0.43480
0.56815 0.43185
0.56815 0.43185
0.57236 0.42764
0.57190 0.42810
0.56170 0.43830
0.56220 0.43780
0.55724 0.44276
0.55809 0.44191
0.56322 0.43678
0.57108 0.42892
0.56841 0.43159
0.56841 0.43159
0.57550 0.42450
0.57250 0.42750
0.57250 0.42750
0.57114 0.42886
0.56849 0.43151
0.56773 0.43227
0.56983 0.43017
0.56840 0.43160
0.56840 0.43160
0.56911 0.43089
0.56769 0.43231
0.56769 0.43231
0.56947 0.43053
0.56786 0.43214
0.56786 0.43214
0.56354 0.43646
0.56262 0.43738
0.57145 0.42855
0.57338 0.42662
0.56398 0.43602
0.56451 0.43549
0.54959 0.45041
0.54902 0.45098
0.55730 0.44269
0.55689 0.44311
0.57539 0.42461
0.56597 0.43403
0.57585 0.42415
0.56373 0.43627
0.56367 0.43633
0.57142 0.42858
0.55703 0.44297
0.56571 0.43429
0.56717 0.43283
0.56761 0.43239
0.56034 0.43966
0.56269 0.43731
0.55763 0.44237
0.55381 0.44619
0.56373 0.43627
0.55679 0.44321
0.56233 0.43767
0.55971 0.44029
0.56233 0.43767
0.56159 0.43841
0.56159 0.43841
0.56159 0.43841
0.56214 0.43786
0.57085 0.42915
0.57376 0.42624
0.57376 0.42624
0.54968 0.45032
0.55162 0.44838
0.55302 0.44698
0.54301 0.45699
0.56337 0.43663
0.56096 0.43904
0.55097 0.44903
0.56008 0.43992
0.56434 0.43566
0.56434 0.43566
0.57048 0.42952
0.56909 0.43091
0.56527 0.43473
0.56656 0.43344
0.56691 0.43309
0.56680 0.43320
0.56552 0.43448
0.56583 0.43417
0.56365 0.43635
0.57403 0.42597
0.56993 0.43007
0.57573 0.42427
0.58141 0.41859
0.56994 0.43006
0.57367 0.42633
0.55859 0.44141
0.56167 0.43833
0.55968 0.44032
0.56742 0.43258
0.55968 0.44032
0.56742 0.43258
0.57663 0.42337
0.57472 0.42528
0.56340 0.43660
0.56424 0.43576
0.56451 0.43549
0.55589 0.44411
0.55620 0.44380
0.55687 0.44313
0.55463 0.44537
0.55495 0.44505
0.55562 0.44438
0.55770 0.44230
0.55622 0.44378
0.56499 0.43501
0.58001 0.41999
0.56311 0.43689
0.56107 0.43893
0.55692 0.44308
0.56107 0.43893
0.55692 0.44308
0.56204 0.43796
0.55763 0.44237
0.56073 0.43927
0.56713 0.43286
0.56553 0.43447
0.55805 0.44195
0.56713 0.43286
0.56553 0.43447
0.55805 0.44195
0.55941 0.44059
0.55187 0.44813
0.55603 0.44397
0.56421 0.43579
0.55603 0.44397
0.56421 0.43579
0.56367 0.43633
0.56452 0.43548
0.57587 0.42413
0.57731 0.42269
0.57032 0.42968
0.55653 0.44347
0.57286 0.42714
0.57303 0.42697
0.57480 0.42520
0.56483 0.43517
0.56889 0.43111
0.56982 0.43018
0.56679 0.43321
0.55164 0.44836
0.56748 0.43252
0.56780 0.43220
0.56689 0.43311
0.56485 0.43515
0.56530 0.43470
0.56452 0.43548
0.56902 0.43098
0.57209 0.42791
0.56902 0.43098
0.56902 0.43098
0.57102 0.42898
0.56639 0.43361
0.56946 0.43054
0.56639 0.43361
0.56568 0.43432
0.56847 0.43153
0.57123 0.42877
0.56057 0.43943
0.56106 0.43894
0.55661 0.44339
0.56401 0.43599
0.57657 0.42343
0.56543 0.43457
0.56349 0.43651
0.56571 0.43429
0.56446 0.43554
0.56696 0.43304
0.56386 0.43614
0.56507 0.43493
0.56417 0.43583
0.56528 0.43472
0.56412 0.43588
0.56527 0.43473
0.56412 0.43588
0.56527 0.43473
0.57789 0.42211
0.56491 0.43509
0.57335 0.42665
0.57149 0.42851
0.57208 0.42792
0.57550 0.42450
0.57614 0.42386
0.56766 0.43234
0.57336 0.42664
0.57304 0.42696
0.56606 0.43394
0.57042 0.42958
0.56831 0.43169
0.56790 0.43210
0.57293 0.42707
0.56337 0.43663
0.57340 0.42660
0.57222 0.42778
0.56947 0.43053
0.56922 0.43078
0.56658 0.43342
0.56733 0.43267
0.55727 0.44273
0.56138 0.43862
0.55871 0.44129
0.55828 0.44172
0.55880 0.44120
0.56278 0.43722
0.56048 0.43952
0.56690 0.43310
0.57142 0.42858
0.57120 0.42880
0.57060 0.42940
0.57097 0.42903
0.57037 0.42963
0.57593 0.42407
0.57633 0.42367
0.56785 0.43215
0.57338 0.42662
0.57475 0.42525
0.57285 0.42715
0.57536 0.42464
0.57285 0.42715
0.57536 0.42464
0.57484 0.42516
0.55836 0.44164
0.56256 0.43744
0.56950 0.43050
0.56900 0.43100
0.56745 0.43255
0.56356 0.43644
0.56063 0.43937
0.56857 0.43143
0.56528 0.43472
0.56378 0.43622
0.56540 0.43460
0.56194 0.43806
0.56369 0.43631
0.56478 0.43522
0.56622 0.43378
0.56518 0.43482
0.56682 0.43318
0.56518 0.43482
0.56332 0.43668
0.56246 0.43754
0.54768 0.45232
0.54145 0.45855
0.56302 0.43698
0.56441 0.43559
0.55869 0.44131
0.55647 0.44353
0.56491 0.43509
0.56405 0.43595
0.55845 0.44155
0.56884 0.43116
0.56766 0.43234
0.55961 0.44039
0.56019 0.43981
0.56149 0.43851
0.56232 0.43768
0.56931 0.43069
0.56550 0.43450
0.55855 0.44145
0.57050 0.42950
0.56509 0.43491
0.57364 0.42636
0.56312 0.43688
0.57161 0.42839
0.57569 0.42431
0.57442 0.42558
0.57783 0.42217
0.57661 0.42339
0.56287 0.43713
0.55307 0.44693
0.56488 0.43512
0.56998 0.43002
0.56859 0.43141
0.56765 0.43235
0.56727 0.43273
0.57347 0.42653
0.57406 0.42594
0.57572 0.42428
0.58519 0.41481
0.57646 0.42354
0.56078 0.43922
0.55071 0.44929
0.56043 0.43957
0.55960 0.44040
0.56043 0.43957
0.55960 0.44040
0.57059 0.42941
0.57059 0.42941
0.57500 0.42500
0.57168 0.42832
0.57132 0.42868
0.57059 0.42941
0.57059 0.42941
0.57059 0.42941
0.57500 0.42500
0.57168 0.42832
0.57132 0.42868
0.57059 0.42941
0.56746 0.43254
0.56756 0.43244
0.56892 0.43108
0.56746 0.43254
0.56746 0.43254
0.56756 0.43244
0.56892 0.43108
0.56746 0.43254
0.56463 0.43537
0.56062 0.43938
0.56133 0.43867
0.56218 0.43782
0.56134 0.43866
0.56024 0.43976
0.56332 0.43668
0.54684 0.45316
0.56630 0.43370
0.57116 0.42884
0.57150 0.42850
0.57220 0.42780
0.57372 0.42628
0.57024 0.42976
0.57085 0.42915
0.57519 0.42481
0.57085 0.42915
0.57008 0.42992
0.57519 0.42481
0.57131 0.42869
0.57131 0.42869
0.57583 0.42417
0.56934 0.43066
0.56812 0.43188
0.56129 0.43871
0.56051 0.43949
0.56078 0.43922
0.56510 0.43490
0.54013 0.45987
0.54711 0.45289
0.55558 0.44442
0.55138 0.44862
0.55885 0.44115
0.56995 0.43005
0.57089 0.42911
0.56771 0.43229
0.56482 0.43518
0.56054 0.43946
0.56661 0.43339
0.55702 0.44298
0.56308 0.43692
0.56979 0.43021
0.56660 0.43340
0.56770 0.43230
0.56369 0.43631
0.56629 0.43371
0.56629 0.43371
0.56282 0.43718
0.56282 0.43718
0.56844 0.43156
0.56491 0.43509
0.56186 0.43814
0.57266 0.42734
0.56843 0.43157
0.57286 0.42714
0.57369 0.42631
0.56050 0.43950
0.56055 0.43945
0.55985 0.44015
0.56122 0.43878
0.56107 0.43893
0.55131 0.44869
0.55953 0.44047
0.56094 0.43906
0.57136 0.42864
0.55992 0.44008
0.55243 0.44757
0.55047 0.44953
0.55515 0.44485
0.55188 0.44812
0.55868 0.44132
0.55536 0.44464
0.55934 0.44066
0.56558 0.43442
0.55313 0.44687
0.57838 0.42162
0.57379 0.42621
0.57928 0.42072
0.56630 0.43370
0.57565 0.42435
0.56244 0.43756
0.56582 0.43418
0.56161 0.43839
0.56475 0.43525
0.57459 0.42541
0.57025 0.42975
0.56613 0.43387
0.57148 0.42852
0.56896 0.43104
0.55366 0.44634
0.55439 0.44561
0.56365 0.43635
0.56841 0.43159
0.57327 0.42673
0.57466 0.42534
0.55552 0.44448
0.55918 0.44082
0.56083 0.43917
0.55825 0.44175
0.55527 0.44473
0.56520 0.43480
0.56742 0.43258
0.56189 0.43811
0.57248 0.42752
0.57256 0.42744
0.57247 0.42753
0.57255 0.42745
0.56646 0.43354
0.56653 0.43347
0.57577 0.42423
0.55950 0.44050
0.56163 0.43837
0.56230 0.43770
0.54945 0.45055
0.57393 0.42607
0.57104 0.42896
0.56617 0.43383
0.55040 0.44960
0.55238 0.44762
0.56982 0.43018
0.55880 0.44120
0.55942 0.44058
0.56554 0.43446
0.55032 0.44968
0.54686 0.45314
0.55125 0.44875
0.54840 0.45160
0.56083 0.43917
0.56390 0.43610
0.56573 0.43427
0.57136 0.42864
0.56860 0.43140
