0.51975 0.48025
0.54078 0.45922
0.87015 0.12985
0.47034 0.52966
0.47984 0.52016
0.80325 0.19675
0.41060 0.58940
0.41437 0.58563
0.77744 0.22256
0.31183 0.68817
0.28743 0.71257
0.46032 0.53968
0.42338 0.57662
0.53793 0.46207
0.34637 0.65363
0.40459 0.59541
0.56359 0.43641
0.46833 0.53167
0.44701 0.55299
0.68639 0.31361
0.71805 0.28195
0.69415 0.30585
0.32901 0.67099
0.24402 0.75598
0.40565 0.59435
0.47651 0.52349
0.88875 0.11125
0.71521 0.28479
0.86529 0.13471
0.35925 0.64075
0.60667 0.39333
0.37312 0.62688
0.50839 0.49161
0.52863 0.47137
0.99259 0.00741
0.99259 0.00741
0.99259 0.00741
0.80435 0.19565
0.99498 0.00502
0.99347 0.00653
0.99347 0.00653
0.99347 0.00653
0.80435 0.19565
0.99498 0.00502
0.99347 0.00653
0.99347 0.00653
0.99347 0.00653
0.89213 0.10787
0.90201 0.09799
0.89213 0.10787
0.90906 0.09094
0.99056 0.00944
0.90906 0.09094
0.99056 0.00944
0.81370 0.18630
0.54822 0.45178
0.36961 0.63039
0.28942 0.71058
0.73769 0.26231
0.82863 0.17137
0.43539 0.56461
0.50059 0.49941
0.37791 0.62209
0.78721 0.21279
0.45688 0.54312
0.45688 0.54312
0.92532 0.07468
0.99572 0.00428
0.63445 0.36555
0.36360 0.63640
0.36360 0.63640
0.34237 0.65763
0.45279 0.54721
0.74134 0.25866
0.38820 0.61180
0.46444 0.53556
0.70747 0.29253
0.39637 0.60363
0.60749 0.39251
0.40847 0.59153
0.69400 0.30600
0.40183 0.59817
0.53102 0.46898
0.43008 0.56992
0.44042 0.55958
0.43008 0.56992
0.41465 0.58535
0.40311 0.59689
0.38949 0.61051
0.43682 0.56318
0.40167 0.59833
0.39718 0.60282
0.35160 0.64840
0.39718 0.60282
0.35160 0.64840
0.54374 0.45626
0.44580 0.55420
0.78410 0.21590
0.46913 0.53087
0.46510 0.53490
0.66590 0.33410
0.32830 0.67170
0.32319 0.67681
0.32320 0.67680
0.33669 0.66331
0.33908 0.66092
0.37277 0.62723
0.46804 0.53196
0.46761 0.53239
0.46478 0.53522
0.48891 0.51109
0.32638 0.67362
0.82287 0.17713
0.35815 0.64185
0.99842 0.00158
0.99853 0.00147
0.82682 0.17318
0.83003 0.16997
0.46119 0.53881
0.99851 0.00149
0.99940 0.00060
0.99941 0.00059
0.33435 0.66565
0.99231 0.00769
0.98869 0.01131
0.33948 0.66052
0.40593 0.59407
0.34809 0.65191
0.41332 0.58668
0.35186 0.64814
0.33914 0.66086
0.36241 0.63759
0.38144 0.61856
0.38144 0.61856
0.38527 0.61473
0.38527 0.61473
0.39747 0.60253
0.44852 0.55148
0.44977 0.55023
0.44977 0.55023
0.30237 0.69763
0.38374 0.61626
0.36255 0.63745
0.42482 0.57518
0.33239 0.66761
0.46975 0.53025
0.46474 0.53526
0.39075 0.60925
0.43333 0.56667
0.43170 0.56830
0.41378 0.58622
0.33473 0.66527
0.37551 0.62449
0.42097 0.57903
0.67535 0.32465
0.72184 0.27816
0.47799 0.52201
0.39708 0.60292
0.37804 0.62196
0.41819 0.58181
0.41895 0.58105
0.41819 0.58181
0.41895 0.58105
0.80192 0.19808
0.72515 0.27485
0.66130 0.33870
0.40765 0.59235
0.45637 0.54363
0.88946 0.11054
0.45438 0.54562
0.45582 0.54418
0.88946 0.11054
0.88946 0.11054
0.88946 0.11054
0.38508 0.61492
0.68417 0.31583
0.39577 0.60423
0.39988 0.60012
0.67235 0.32765
0.50950 0.49050
0.96977 0.03023
0.43532 0.56468
0.86799 0.13201
0.32992 0.67008
0.70170 0.29830
0.39113 0.60887
0.94407 0.05593
0.83739 0.16261
0.47754 0.52246
0.89265 0.10735
0.89826 0.10174
0.38515 0.61485
0.43188 0.56812
0.67842 0.32158
0.71817 0.28183
0.40682 0.59318
0.98126 0.01874
0.33498 0.66502
0.38611 0.61389
0.49545 0.50455
0.51699 0.48301
0.40624 0.59376
0.39094 0.60906
0.84732 0.15268
0.84732 0.15268
0.91210 0.08790
0.91210 0.08790
0.48646 0.51354
0.48646 0.51354
0.46046 0.53954
0.85866 0.14134
0.84789 0.15211
0.77701 0.22299
0.51651 0.48349
0.47225 0.52775
0.38713 0.61287
0.92784 0.07216
0.91671 0.08329
0.91671 0.08329
0.44286 0.55714
0.44286 0.55714
0.55904 0.44096
0.48955 0.51045
0.34588 0.65412
0.43468 0.56532
0.42500 0.57500
0.41259 0.58741
0.41704 0.58296
0.43489 0.56511
0.37407 0.62593
0.37234 0.62766
0.33302 0.66698
0.62818 0.37182
0.98505 0.01495
0.98679 0.01321
0.98178 0.01822
0.82691 0.17309
0.76638 0.23362
0.52314 0.47686
0.41428 0.58572
0.52314 0.47686
0.52314 0.47686
0.41428 0.58572
0.52314 0.47686
0.61445 0.38555
0.43950 0.56050
0.66414 0.33586
0.36691 0.63309
0.36691 0.63309
0.75330 0.24670
0.57851 0.42149
0.70479 0.29521
0.89102 0.10898
0.54545 0.45455
0.50738 0.49262
0.82438 0.17562
0.34166 0.65834
0.77551 0.22449
0.38008 0.61992
0.87109 0.12891
0.45308 0.54692
0.56629 0.43371
0.93094 0.06906
0.65802 0.34198
0.49987 0.50013
0.64086 0.35914
0.35549 0.64451
0.82697 0.17303
0.30791 0.69209
0.30831 0.69169
0.35325 0.64675
0.41650 0.58350
0.92867 0.07133
0.41514 0.58486
0.93608 0.06392
0.50411 0.49589
0.50738 0.49262
0.93279 0.06721
0.49454 0.50546
0.49795 0.50205
0.72349 0.27651
0.81943 0.18057
0.81526 0.18474
0.99531 0.00469
0.99502 0.00498
0.99324 0.00676
0.99296 0.00704
0.99500 0.00500
0.99470 0.00530
0.72499 0.27501
0.92884 0.07116
0.78679 0.21321
0.35972 0.64028
0.35772 0.64228
0.86726 0.13274
0.86188 0.13812
0.37824 0.62176
0.40699 0.59301
0.81675 0.18325
0.40699 0.59301
0.81675 0.18325
0.40903 0.59097
0.64724 0.35276
0.99442 0.00558
0.36638 0.63362
0.41701 0.58299
0.41791 0.58209
0.41094 0.58906
0.86325 0.13675
0.75073 0.24927
0.45336 0.54664
0.77083 0.22917
0.73567 0.26433
0.69191 0.30809
0.89460 0.10540
0.79833 0.20167
0.76891 0.23109
0.98503 0.01497
0.79277 0.20723
0.54439 0.45561
0.80015 0.19985
0.99572 0.00428
0.87551 0.12449
0.84730 0.15270
0.74117 0.25883
0.82317 0.17683
0.75216 0.24784
0.40974 0.59026
0.74117 0.25883
0.82317 0.17683
0.75216 0.24784
0.40974 0.59026
0.86404 0.13596
0.85556 0.14444
0.94299 0.05701
0.89143 0.10857
0.95908 0.04092
0.99177 0.00823
0.53276 0.46724
0.52449 0.47551
0.53996 0.46004
0.77427 0.22573
0.77427 0.22573
0.78062 0.21938
0.92386 0.07614
0.91772 0.08228
0.83794 0.16206
0.82752 0.17248
0.70524 0.29476
0.44570 0.55430
0.55886 0.44114
0.54426 0.45574
0.55886 0.44114
0.54426 0.45574
0.54351 0.45649
0.89127 0.10873
0.54351 0.45649
0.89127 0.10873
0.50047 0.49953
0.41744 0.58256
0.73293 0.26707
0.47538 0.52462
0.70643 0.29357
0.42726 0.57274
0.41014 0.58986
0.62538 0.37462
0.52176 0.47824
0.47643 0.52357
0.44807 0.55193
0.44481 0.55519
0.43975 0.56025
0.44677 0.55323
0.43996 0.56004
0.71100 0.28900
0.71100 0.28900
0.51795 0.48205
0.51795 0.48205
0.45842 0.54158
0.45842 0.54158
0.45239 0.54761
0.94740 0.05260
0.45299 0.54701
0.95196 0.04804
0.62921 0.37079
0.62921 0.37079
0.62921 0.37079
0.86077 0.13923
0.86077 0.13923
0.86077 0.13923
0.62921 0.37079
0.62921 0.37079
0.62921 0.37079
0.62921 0.37079
0.62921 0.37079
0.62921 0.37079
0.40690 0.59310
0.66450 0.33550
0.69232 0.30768
0.40797 0.59203
0.97979 0.02021
0.41476 0.58524
0.84202 0.15798
0.41676 0.58324
0.39905 0.60095
0.86598 0.13402
0.90746 0.09254
0.90746 0.09254
0.48010 0.51990
0.48010 0.51990
0.65658 0.34342
0.36885 0.63115
0.74874 0.25126
0.36579 0.63421
0.71296 0.28704
0.52261 0.47739
0.52261 0.47739
0.52734 0.47266
0.51382 0.48618
0.51590 0.48410
0.92792 0.07208
0.43093 0.56907
0.43305 0.56695
0.77511 0.22489
0.79454 0.20546
0.98912 0.01088
0.64955 0.35045
0.67279 0.32721
0.98942 0.01058
0.65344 0.34656
0.67656 0.32344
0.42429 0.57571
0.66234 0.33766
0.40665 0.59335
0.42341 0.57659
0.40236 0.59764
0.40518 0.59482
0.80045 0.19955
0.74585 0.25415
0.88222 0.11778
0.82963 0.17037
0.97795 0.02205
0.83293 0.16707
0.83832 0.16168
0.37808 0.62192
0.37721 0.62279
0.45653 0.54347
0.44836 0.55164
0.90643 0.09357
0.99885 0.00115
0.96659 0.03341
0.99848 0.00152
0.39832 0.60168
0.40321 0.59679
0.39750 0.60250
0.40233 0.59767
0.38311 0.61689
0.52140 0.47860
0.41551 0.58449
0.42379 0.57621
0.41062 0.58938
0.41062 0.58938
0.52976 0.47024
0.52025 0.47975
0.53745 0.46255
0.51480 0.48520
0.53125 0.46875
0.52158 0.47842
0.53896 0.46104
0.51609 0.48391
0.85731 0.14269
0.83999 0.16001
0.83862 0.16138
0.84701 0.15299
0.84408 0.15592
0.84004 0.15996
0.83999 0.16001
0.83862 0.16138
0.84701 0.15299
0.84408 0.15592
0.84004 0.15996
0.74027 0.25973
0.72496 0.27504
0.89123 0.10877
0.88047 0.11953
0.40387 0.59613
0.99918 0.00082
0.99920 0.00080
0.89639 0.10361
0.95646 0.04354
0.64354 0.35646
0.99780 0.00220
0.88987 0.11013
0.96302 0.03698
0.89409 0.10591
0.60088 0.39912
0.60088 0.39912
0.60088 0.39912
0.68026 0.31974
0.67277 0.32723
0.80303 0.19697
0.73962 0.26038
0.73821 0.26179
0.95208 0.04792
0.69349 0.30651
0.68752 0.31248
0.34738 0.65262
0.85095 0.14905
0.96184 0.03816
0.85471 0.14529
0.70179 0.29821
0.38739 0.61261
0.70867 0.29133
0.85265 0.14735
0.43187 0.56813
0.38572 0.61428
0.40170 0.59830
0.35296 0.64704
0.30377 0.69623
0.44506 0.55494
0.74117 0.25883
0.70975 0.29025
0.95885 0.04115
0.88129 0.11871
0.88129 0.11871
0.38224 0.61776
0.54144 0.45856
0.98902 0.01098
0.79513 0.20487
0.54923 0.45077
0.87004 0.12996
0.87004 0.12996
0.87531 0.12469
0.86358 0.13642
0.74053 0.25947
0.89328 0.10672
0.36242 0.63758
0.90999 0.09001
0.36712 0.63288
0.89290 0.10710
0.99188 0.00812
0.90229 0.09771
0.79764 0.20236
0.89352 0.10648
0.36165 0.63835
0.89328 0.10672
0.36242 0.63758
0.90999 0.09001
0.36712 0.63288
0.90725 0.09275
0.99346 0.00654
0.96539 0.03461
0.44945 0.55055
0.46284 0.53716
0.54290 0.45710
0.97670 0.02330
0.56481 0.43519
0.97815 0.02185
0.57126 0.42874
0.97889 0.02111
0.54567 0.45433
0.97583 0.02417
0.42741 0.57259
0.42741 0.57259
0.42741 0.57259
0.42741 0.57259
0.97203 0.02797
0.51098 0.48902
0.34683 0.65317
0.70466 0.29534
0.46020 0.53980
0.48103 0.51897
0.97285 0.02715
0.49070 0.50930
0.99681 0.00319
0.35165 0.64835
0.38860 0.61140
0.38286 0.61714
0.52282 0.47718
0.45384 0.54616
0.43042 0.56958
0.42331 0.57669
0.44563 0.55437
0.43854 0.56146
0.43896 0.56104
0.39136 0.60864
0.42505 0.57495
0.42865 0.57135
0.42505 0.57495
0.42865 0.57135
0.99304 0.00696
0.95018 0.04982
0.89532 0.10468
0.90627 0.09373
0.99604 0.00396
0.99604 0.00396
0.85115 0.14885
0.85945 0.14055
0.81659 0.18341
0.81659 0.18341
0.83569 0.16431
0.84460 0.15540
0.82365 0.17635
0.82365 0.17635
0.84216 0.15784
0.99668 0.00332
0.99558 0.00442
0.99558 0.00442
0.84048 0.15952
0.84920 0.15080
0.99901 0.00099
0.99503 0.00497
0.64173 0.35827
0.64173 0.35827
0.96569 0.03431
0.74708 0.25292
0.75929 0.24071
0.89009 0.10991
0.89988 0.10012
0.47968 0.52032
0.85948 0.14052
0.49640 0.50360
0.94210 0.05790
0.41872 0.58128
0.74089 0.25911
0.76334 0.23666
0.42493 0.57507
0.43938 0.56062
0.43938 0.56062
0.67517 0.32483
0.67517 0.32483
0.98611 0.01389
0.98611 0.01389
0.68218 0.31782
0.68218 0.31782
0.69863 0.30137
0.95715 0.04285
0.68725 0.31275
0.37394 0.62606
0.68291 0.31709
0.60221 0.39779
0.70981 0.29019
0.37705 0.62295
0.68291 0.31709
0.60221 0.39779
0.70280 0.29720
0.37388 0.62612
0.68291 0.31709
0.60221 0.39779
0.50667 0.49333
0.97699 0.02301
0.38592 0.61408
0.38592 0.61408
0.38536 0.61464
0.38536 0.61464
0.83065 0.16935
0.83065 0.16935
0.54255 0.45745
0.73675 0.26324
0.73577 0.26423
0.77962 0.22038
0.77962 0.22038
0.42084 0.57916
0.44379 0.55621
0.54422 0.45578
0.60767 0.39233
0.66193 0.33807
0.81307 0.18693
0.89877 0.10123
0.87935 0.12065
0.76030 0.23970
0.72608 0.27392
0.66624 0.33376
0.49775 0.50225
0.73120 0.26880
0.88541 0.11459
0.33254 0.66746
0.57699 0.42301
0.38510 0.61490
0.98411 0.01589
0.37405 0.62595
0.37964 0.62036
0.54736 0.45264
0.41747 0.58253
0.95432 0.04568
0.66708 0.33292
0.50733 0.49267
0.89129 0.10871
0.71329 0.28671
0.70741 0.29259
0.74054 0.25946
0.89573 0.10427
0.88199 0.11801
0.74237 0.25763
0.85050 0.14950
0.88199 0.11801
0.88951 0.11049
0.88199 0.11801
0.69505 0.30495
0.87135 0.12865
0.75209 0.24791
0.88612 0.11388
0.70677 0.29323
0.67595 0.32405
0.90004 0.09996
0.93474 0.06526
0.66636 0.33364
0.62124 0.37876
0.79551 0.20449
0.84046 0.15954
0.94090 0.05910
0.44957 0.55043
0.64655 0.35345
0.61000 0.39000
0.94909 0.05091
0.38458 0.61542
0.34012 0.65988
0.32685 0.67315
0.37560 0.62440
0.35738 0.64262
0.59301 0.40699
0.63873 0.36127
0.46282 0.53718
0.63873 0.36127
0.66986 0.33014
0.37569 0.62431
0.64762 0.35238
0.39889 0.60111
0.64710 0.35290
0.38502 0.61498
0.38576 0.61424
0.57624 0.42376
0.56655 0.43345
0.77817 0.22183
0.32647 0.67353
0.40385 0.59615
0.35131 0.64869
0.50464 0.49536
0.55993 0.44007
0.35171 0.64829
0.44841 0.55159
0.39180 0.60820
0.42728 0.57272
0.78291 0.21709
0.91131 0.08869
0.43730 0.56270
0.55768 0.44232
0.84146 0.15854
0.99833 0.00167
0.87317 0.12683
0.99498 0.00502
0.99498 0.00502
0.95640 0.04360
0.87848 0.12152
0.87848 0.12152
0.99383 0.00617
0.99383 0.00617
0.99377 0.00623
0.99377 0.00623
0.99481 0.00519
0.99481 0.00519
0.99347 0.00653
0.99347 0.00653
0.99456 0.00544
0.35476 0.64524
0.99479 0.00521
0.88701 0.11299
0.33080 0.66920
0.36637 0.63363
0.38980 0.61020
0.39106 0.60894
0.38487 0.61513
0.33731 0.66269
0.34259 0.65741
0.38325 0.61675
0.82593 0.17407
0.46557 0.53443
0.37149 0.62851
0.72593 0.27407
0.35119 0.64881
0.35285 0.64715
0.80192 0.19808
0.99375 0.00625
0.90821 0.09179
0.99357 0.00643
0.52480 0.47520
0.94242 0.05758
0.85792 0.14208
0.99341 0.00659
0.99305 0.00695
0.99305 0.00695
0.99305 0.00695
0.82134 0.17866
0.82647 0.17353
0.99305 0.00695
0.68883 0.31117
0.93449 0.06551
0.69112 0.30888
0.39134 0.60866
0.62105 0.37895
0.60029 0.39971
0.39231 0.60769
0.59271 0.40729
0.41608 0.58392
0.34525 0.65475
0.90369 0.09631
0.42070 0.57930
0.69949 0.30051
0.37880 0.62120
0.64908 0.35092
0.45051 0.54949
0.50237 0.49763
0.69499 0.30501
0.47624 0.52376
0.45201 0.54799
0.50388 0.49612
0.69735 0.30265
0.39916 0.60084
0.60336 0.39664
0.60585 0.39415
0.98791 0.01209
0.88322 0.11678
0.99480 0.00520
0.37957 0.62043
0.67433 0.32567
0.36321 0.63679
0.72376 0.27624
0.98655 0.01345
0.39838 0.60162
0.30491 0.69509
0.37078 0.62922
0.44451 0.55549
0.91045 0.08955
0.38314 0.61686
0.77171 0.22829
0.39802 0.60198
0.39680 0.60320
0.92525 0.07475
0.41144 0.58856
0.92605 0.07395
0.40623 0.59377
0.95447 0.04553
0.41238 0.58762
0.70141 0.29859
0.32956 0.67044
0.35823 0.64177
0.39191 0.60809
0.51942 0.48058
0.45853 0.54147
0.42920 0.57080
0.44303 0.55697
0.68283 0.31717
0.44321 0.55679
0.65172 0.34828
0.42824 0.57176
0.68639 0.31361
0.36030 0.63970
0.68639 0.31361
0.46008 0.53992
0.80516 0.19484
0.97194 0.02806
0.97194 0.02806
0.48997 0.51003
0.76940 0.23060
0.32938 0.67062
0.32864 0.67136
0.51239 0.48761
0.47388 0.52612
0.99971 0.00029
0.47194 0.52806
0.40037 0.59963
0.39901 0.60099
0.41225 0.58775
0.41108 0.58892
0.40752 0.59248
0.40579 0.59421
0.73606 0.26394
0.76668 0.23332
0.77732 0.22268
0.84138 0.15862
0.85855 0.14145
0.74645 0.25355
0.74399 0.25601
0.74645 0.25355
0.74399 0.25601
0.43884 0.56116
0.44643 0.55357
0.85367 0.14633
0.31967 0.68033
0.32530 0.67470
0.36827 0.63173
0.36827 0.63173
0.70871 0.29129
0.70716 0.29284
0.70716 0.29284
0.70350 0.29650
0.70201 0.29799
0.70201 0.29799
0.33109 0.66891
0.33219 0.66781
0.32148 0.67852
0.32272 0.67728
0.42359 0.57641
0.63009 0.36991
0.68462 0.31538
0.47315 0.52685
0.47315 0.52685
0.47819 0.52181
0.69342 0.30658
0.70090 0.29910
0.70090 0.29910
0.79995 0.20005
0.69342 0.30658
0.50258 0.49742
0.47378 0.52622
0.48352 0.51648
0.98788 0.01212
0.96200 0.03800
0.99891 0.00109
0.93885 0.06115
0.86261 0.13739
0.93588 0.06412
0.69767 0.30233
0.33938 0.66062
0.74968 0.25032
0.46069 0.53931
0.80985 0.19015
0.38015 0.61985
0.38766 0.61234
0.41323 0.58677
0.42562 0.57438
0.80526 0.19474
0.86975 0.13025
0.43001 0.56999
0.50572 0.49428
0.49075 0.50925
0.45743 0.54257
0.50572 0.49428
0.49075 0.50925
0.45743 0.54257
0.90921 0.09080
0.89491 0.10509
0.74995 0.25005
0.57094 0.42906
0.37881 0.62119
0.40202 0.59798
0.40202 0.59798
0.41165 0.58835
0.41165 0.58835
0.40202 0.59798
0.40202 0.59798
0.62900 0.37100
0.67980 0.32020
0.93390 0.06610
0.76647 0.23353
0.37619 0.62381
0.63179 0.36821
0.72913 0.27087
0.80328 0.19672
0.66024 0.33976
0.51471 0.48529
0.76956 0.23044
0.65345 0.34655
0.77435 0.22565
0.62554 0.37446
0.48709 0.51291
0.62197 0.37803
0.58398 0.41602
0.40677 0.59323
0.78262 0.21738
0.89596 0.10404
0.34925 0.65075
0.34827 0.65173
0.36611 0.63389
0.36611 0.63389
0.36611 0.63389
0.33806 0.66194
0.37253 0.62747
0.37253 0.62747
0.42324 0.57676
0.48503 0.51497
0.85549 0.14451
0.62625 0.37375
0.64221 0.35779
0.69371 0.30629
0.39625 0.60375
0.41138 0.58862
0.41895 0.58105
0.91049 0.08951
0.32102 0.67898
0.32798 0.67202
0.33360 0.66640
0.38538 0.61462
0.39369 0.60631
0.40543 0.59457
0.35463 0.64537
0.33791 0.66209
0.41135 0.58865
0.51752 0.48248
0.95869 0.04131
0.51752 0.48248
0.51752 0.48248
0.51636 0.48364
0.44473 0.55527
0.45560 0.54440
0.45560 0.54440
0.31375 0.68625
0.47947 0.52053
0.56041 0.43959
0.99379 0.00621
0.43130 0.56870
0.46864 0.53136
0.72946 0.27054
0.69330 0.30670
0.94443 0.05557
0.99377 0.00623
0.84557 0.15443
0.38456 0.61544
0.86912 0.13088
0.37077 0.62923
0.43342 0.56658
0.66809 0.33191
0.64504 0.35496
0.88829 0.11171
0.81763 0.18237
0.99175 0.00825
0.99175 0.00825
0.37792 0.62208
0.37792 0.62208
0.83491 0.16509
0.83361 0.16639
0.75953 0.24047
0.75953 0.24047
0.81907 0.18093
0.72914 0.27086
0.44485 0.55515
0.88070 0.11930
0.83324 0.16676
0.77796 0.22204
0.77796 0.22204
0.92907 0.07093
0.88968 0.11032
0.88968 0.11032
0.92907 0.07093
0.92907 0.07093
0.88968 0.11032
0.41436 0.58564
0.68305 0.31695
0.70701 0.29299
0.77239 0.22761
0.76786 0.23214
0.37913 0.62087
0.35479 0.64521
0.99885 0.00115
0.35479 0.64521
0.99885 0.00115
0.99766 0.00234
0.99766 0.00234
0.91899 0.08101
0.95370 0.04630
0.99985 0.00015
0.41351 0.58649
0.99864 0.00136
0.26803 0.73197
0.41371 0.58629
0.38179 0.61821
0.41521 0.58479
0.38362 0.61638
0.38362 0.61638
0.38234 0.61766
0.38234 0.61766
0.38156 0.61844
0.38156 0.61844
0.37936 0.62064
0.41304 0.58696
0.40231 0.59769
0.46045 0.53955
0.45889 0.54111
0.46045 0.53955
0.45889 0.54111
0.35133 0.64867
0.50590 0.49410
0.87813 0.12187
0.35267 0.64733
0.47984 0.52016
0.46870 0.53130
0.79692 0.20308
0.38938 0.61062
0.64278 0.35722
0.42512 0.57488
0.86372 0.13628
0.85301 0.14699
0.49144 0.50856
0.49231 0.50769
0.49954 0.50046
0.50008 0.49992
0.50724 0.49276
0.99519 0.00481
0.49042 0.50958
0.85301 0.14699
0.49144 0.50856
0.34040 0.65960
0.61658 0.38342
0.71162 0.28838
0.33656 0.66344
0.33656 0.66344
0.43270 0.56730
0.43270 0.56730
0.44122 0.55878
0.44122 0.55878
0.32743 0.67257
0.43170 0.56830
0.57314 0.42686
0.37727 0.62273
0.49287 0.50713
0.48798 0.51202
0.40458 0.59542
0.95514 0.04486
0.44288 0.55712
0.98199 0.01801
0.35592 0.64408
0.99553 0.00447
0.99524 0.00476
0.96474 0.03526
0.99932 0.00068
0.99991 0.00009
0.88113 0.11887
0.75784 0.24216
0.59046 0.40954
0.46824 0.53176
0.33684 0.66316
0.33470 0.66530
0.94669 0.05331
0.45875 0.54125
0.46698 0.53302
0.46559 0.53441
0.46101 0.53899
0.46938 0.53062
0.46797 0.53203
0.73790 0.26210
0.77895 0.22105
0.82065 0.17935
0.70393 0.29607
0.82374 0.17626
0.79325 0.20675
0.80192 0.19808
0.80192 0.19808
0.80114 0.19886
0.80192 0.19808
0.70904 0.29096
0.70930 0.29070
0.88143 0.11857
0.88197 0.11803
0.99802 0.00198
0.52675 0.47325
0.52657 0.47343
0.54451 0.45549
0.97130 0.02870
0.54465 0.45535
0.97130 0.02870
0.52804 0.47196
0.52559 0.47441
0.52544 0.47456
0.74944 0.25056
0.99856 0.00144
0.99856 0.00144
0.43347 0.56653
0.43347 0.56653
0.85146 0.14854
0.85146 0.14854
0.85617 0.14383
0.85617 0.14383
0.44091 0.55909
0.44091 0.55909
0.95470 0.04530
0.95470 0.04530
0.36937 0.63063
0.36937 0.63063
0.68786 0.31214
0.68786 0.31214
0.67745 0.32255
0.67745 0.32255
0.37619 0.62381
0.37619 0.62381
0.74314 0.25686
0.74976 0.25024
0.97794 0.02206
0.97794 0.02206
0.51188 0.48812
0.50982 0.49018
0.48998 0.51002
0.48998 0.51002
0.87191 0.12809
0.52839 0.47161
0.53692 0.46308
0.99878 0.00122
0.95683 0.04317
0.82787 0.17213
0.85367 0.14633
0.97023 0.02977
0.97604 0.02396
0.47879 0.52121
0.46120 0.53880
0.48016 0.51984
0.98963 0.01037
0.88909 0.11091
0.91441 0.08559
0.83883 0.16117
0.43804 0.56196
0.99760 0.00240
0.38670 0.61330
0.83522 0.16478
0.98681 0.01319
0.85694 0.14306
0.99718 0.00282
0.99453 0.00547
0.99875 0.00125
0.99907 0.00093
0.99870 0.00130
0.48854 0.51146
0.50588 0.49412
0.48535 0.51465
0.49089 0.50911
0.50820 0.49180
0.48767 0.51233
0.99875 0.00125
0.99907 0.00093
0.99870 0.00130
0.61518 0.38482
0.61653 0.38347
0.47536 0.52464
0.47408 0.52592
0.42577 0.57423
0.52187 0.47813
0.52326 0.47674
0.48735 0.51265
0.47400 0.52600
0.46418 0.53582
0.46587 0.53413
0.90567 0.09433
0.90804 0.09196
0.99128 0.00872
0.70649 0.29351
0.98110 0.01890
0.43133 0.56867
0.69379 0.30621
0.50455 0.49545
0.39123 0.60877
0.30698 0.69302
0.81814 0.18186
0.46828 0.53172
0.83243 0.16757
0.47984 0.52016
0.83126 0.16874
0.81493 0.18507
0.81943 0.18057
0.80110 0.19890
0.81673 0.18327
0.46694 0.53306
0.42414 0.57586
0.92384 0.07616
0.81676 0.18324
0.78918 0.21082
0.70989 0.29011
0.72741 0.27259
0.83207 0.16793
0.80661 0.19339
0.41526 0.58474
0.74649 0.25351
0.96401 0.03599
0.95656 0.04344
0.77224 0.22776
0.73949 0.26051
0.55594 0.44406
0.55594 0.44406
0.52438 0.47562
0.52438 0.47562
0.56919 0.43081
0.57536 0.42464
0.95295 0.04705
0.94683 0.05317
0.99355 0.00645
0.94703 0.05297
0.53876 0.46124
0.52749 0.47251
0.76231 0.23769
0.82159 0.17841
0.82735 0.17266
0.60910 0.39090
0.37231 0.62769
0.87373 0.12627
0.88827 0.11173
0.87109 0.12891
0.48517 0.51483
0.62535 0.37465
0.97909 0.02091
0.32083 0.67917
0.45763 0.54237
0.92453 0.07547
0.92854 0.07146
0.98434 0.01566
0.37111 0.62889
0.84061 0.15939
0.39167 0.60833
0.80100 0.19900
0.70663 0.29337
0.40874 0.59126
0.43289 0.56711
0.70063 0.29937
0.97062 0.02938
0.58811 0.41189
0.84067 0.15933
0.26884 0.73116
0.84596 0.15404
0.43768 0.56232
0.42747 0.57253
0.43768 0.56232
0.42747 0.57253
0.42544 0.57456
0.42771 0.57229
0.99134 0.00866
0.43881 0.56119
0.43160 0.56840
0.85804 0.14196
0.39799 0.60201
0.82348 0.17652
0.62822 0.37178
0.82009 0.17991
0.36656 0.63344
0.54165 0.45835
0.42943 0.57057
0.42943 0.57057
0.54165 0.45835
0.42943 0.57057
0.44067 0.55933
0.43460 0.56540
0.56678 0.43322
0.84382 0.15618
0.86501 0.13499
0.51650 0.48350
0.65134 0.34866
0.60424 0.39576
0.49867 0.50133
0.62514 0.37486
0.55885 0.44115
0.45092 0.54908
0.45818 0.54182
0.39533 0.60467
0.41199 0.58801
0.45969 0.54031
0.44741 0.55259
0.36084 0.63916
0.36535 0.63465
0.72895 0.27105
0.45843 0.54157
0.77658 0.22342
0.89046 0.10954
0.89349 0.10651
0.52954 0.47046
0.53704 0.46296
0.36952 0.63048
0.67632 0.32368
0.41893 0.58107
0.61994 0.38006
0.71312 0.28688
0.71312 0.28688
0.71987 0.28013
0.71987 0.28013
0.71421 0.28579
0.71421 0.28579
0.79231 0.20769
0.78690 0.21310
0.79231 0.20769
0.78794 0.21206
0.78690 0.21310
0.45423 0.54577
0.45423 0.54577
0.47705 0.52295
0.51170 0.48830
0.52075 0.47925
0.51350 0.48650
0.89891 0.10109
0.88989 0.11011
0.41897 0.58103
0.41177 0.58823
0.76561 0.23439
0.99681 0.00319
0.38957 0.61043
0.37342 0.62658
0.89137 0.10863
0.86084 0.13916
0.44282 0.55718
0.84902 0.15098
0.44282 0.55718
0.84902 0.15098
0.99871 0.00129
0.42866 0.57134
0.37097 0.62903
0.36589 0.63411
0.48103 0.51897
0.48267 0.51733
0.99902 0.00098
0.96321 0.03679
0.82673 0.17327
0.47927 0.52073
0.42182 0.57818
0.42973 0.57027
0.39543 0.60457
0.55136 0.44864
0.36954 0.63046
0.91834 0.08166
0.92207 0.07793
0.91767 0.08233
0.34800 0.65200
0.48876 0.51124
0.47644 0.52356
0.74672 0.25328
0.44795 0.55205
0.97676 0.02324
0.40155 0.59845
0.41928 0.58072
0.41920 0.58080
0.82986 0.17014
0.42560 0.57440
0.43176 0.56824
0.93941 0.06059
0.93642 0.06358
0.91200 0.08800
0.90832 0.09168
0.38592 0.61408
0.38532 0.61468
0.70325 0.29675
0.47746 0.52254
0.47453 0.52547
0.52031 0.47969
0.51698 0.48302
0.32738 0.67262
0.76127 0.23873
0.43757 0.56243
0.86503 0.13497
0.41248 0.58752
0.38929 0.61071
0.38752 0.61248
0.39285 0.60715
0.39098 0.60902
0.42002 0.57998
0.80431 0.19569
0.40411 0.59589
0.96638 0.03362
0.94002 0.05998
0.30066 0.69934
0.50103 0.49897
0.35831 0.64170
0.55890 0.44110
0.40242 0.59758
0.72045 0.27955
0.84365 0.15635
0.86373 0.13627
0.35759 0.64241
0.64426 0.35574
0.81917 0.18083
0.99156 0.00844
0.81917 0.18083
0.99156 0.00844
0.96797 0.03203
0.53409 0.46591
0.87703 0.12297
0.87703 0.12297
0.42916 0.57084
0.38813 0.61187
0.35546 0.64454
0.39035 0.60965
0.35803 0.64197
0.49327 0.50673
0.91448 0.08552
0.95495 0.04505
0.95275 0.04725
0.73173 0.26827
0.91386 0.08614
0.89066 0.10934
0.55926 0.44074
0.39015 0.60985
0.68235 0.31765
0.81664 0.18336
0.99912 0.00088
0.42050 0.57950
0.42619 0.57381
0.61192 0.38808
0.46315 0.53685
0.44263 0.55737
0.49432 0.50568
0.76152 0.23848
0.59279 0.40721
0.57381 0.42619
0.35324 0.64676
0.50191 0.49809
0.77178 0.22822
0.33655 0.66345
0.75057 0.24943
0.94389 0.05611
0.39656 0.60344
0.47876 0.52124
0.76790 0.23210
0.59518 0.40482
0.39115 0.60885
0.69526 0.30474
0.99952 0.00048
0.99913 0.00087
0.99940 0.00060
0.52173 0.47827
0.99944 0.00056
0.99898 0.00102
0.99953 0.00047
0.51803 0.48197
0.99943 0.00057
0.99896 0.00104
0.99933 0.00067
0.51023 0.48977
0.54816 0.45184
0.99873 0.00127
0.93033 0.06967
0.51046 0.48954
0.42137 0.57863
0.79428 0.20572
0.59085 0.40915
0.44340 0.55660
0.46911 0.53089
0.32293 0.67707
0.97973 0.02027
0.60148 0.39852
0.53045 0.46955
0.45908 0.54092
0.80099 0.19901
0.90775 0.09225
0.55934 0.44066
0.43277 0.56723
0.64856 0.35144
0.66178 0.33822
0.88605 0.11395
0.36830 0.63170
0.35790 0.64210
0.93783 0.06217
0.28533 0.71467
0.44885 0.55115
0.45637 0.54363
0.32310 0.67690
0.54427 0.45573
0.54446 0.45554
0.54427 0.45573
0.54427 0.45573
0.60956 0.39044
0.32597 0.67403
0.31659 0.68341
0.81444 0.18556
0.93390 0.06610
0.97354 0.02646
0.93390 0.06610
0.97354 0.02646
0.46591 0.53409
0.48765 0.51235
0.97784 0.02216
0.46973 0.53027
0.44535 0.55465
0.57768 0.42232
0.34242 0.65758
0.73917 0.26083
0.37239 0.62761
0.66738 0.33262
0.32749 0.67251
0.40190 0.59810
0.40319 0.59681
0.40190 0.59810
0.44955 0.55045
0.48730 0.51270
0.62934 0.37066
0.51683 0.48317
0.70328 0.29672
0.49825 0.50175
0.68227 0.31773
0.99461 0.00539
0.90451 0.09549
0.91524 0.08476
0.48514 0.51486
0.99422 0.00578
0.47479 0.52521
0.51955 0.48045
0.96068 0.03932
0.50768 0.49232
0.99813 0.00187
0.95510 0.04490
0.99827 0.00173
0.22011 0.77989
0.55072 0.44928
0.87563 0.12437
0.32681 0.67319
0.71742 0.28258
0.98200 0.01800
0.77512 0.22488
0.47715 0.52285
0.98297 0.01703
0.51425 0.48575
0.48006 0.51994
0.98387 0.01613
0.51918 0.48082
0.76916 0.23084
0.58837 0.41163
0.91024 0.08976
0.52831 0.47169
0.85604 0.14396
0.99983 0.00017
0.87189 0.12811
0.99985 0.00015
0.45382 0.54618
0.48559 0.51441
0.91030 0.08970
0.82507 0.17493
0.91030 0.08970
0.82507 0.17493
0.90233 0.09767
0.88945 0.11055
0.66415 0.33585
0.97543 0.02457
0.68916 0.31084
0.97852 0.02149
0.68916 0.31084
0.97852 0.02149
0.46836 0.53164
0.50960 0.49040
0.99102 0.00898
0.98774 0.01226
0.39322 0.60678
0.46710 0.53290
0.36224 0.63776
0.53263 0.46737
0.98434 0.01566
0.34669 0.65331
0.33888 0.66112
0.90884 0.09116
0.41650 0.58350
0.33464 0.66536
0.66765 0.33235
0.37300 0.62700
0.58626 0.41374
0.73665 0.26335
0.68724 0.31276
0.69716 0.30284
0.86583 0.13417
0.95489 0.04511
0.80567 0.19433
0.78376 0.21624
0.36637 0.63363
0.31715 0.68285
0.37821 0.62179
0.38893 0.61107
0.39037 0.60963
0.83270 0.16730
0.39037 0.60963
0.83270 0.16730
0.40926 0.59074
0.36494 0.63506
0.44466 0.55534
0.36023 0.63977
0.99805 0.00195
0.54697 0.45303
0.54834 0.45166
0.87368 0.12632
0.56752 0.43248
0.99732 0.00268
0.53681 0.46319
0.56700 0.43300
0.56926 0.43074
0.54436 0.45564
0.53858 0.46142
0.87368 0.12632
0.56752 0.43248
0.99732 0.00268
0.53681 0.46319
0.55982 0.44018
0.57813 0.42187
0.54436 0.45564
0.53858 0.46142
0.46158 0.53842
0.47054 0.52946
0.99429 0.00571
0.42669 0.57331
0.82531 0.17469
0.44769 0.55231
0.85837 0.14163
0.79845 0.20155
0.79845 0.20155
0.35394 0.64606
0.36918 0.63082
0.82946 0.17054
0.38884 0.61116
0.47935 0.52065
0.45384 0.54616
0.48130 0.51870
0.52920 0.47080
0.36809 0.63191
0.41061 0.58939
0.82538 0.17462
0.41372 0.58628
0.42394 0.57606
0.44128 0.55872
0.72867 0.27133
0.37311 0.62689
0.80795 0.19205
0.37374 0.62626
0.43164 0.56836
0.73353 0.26647
0.74855 0.25145
0.43478 0.56522
0.74096 0.25904
0.72842 0.27158
0.74770 0.25230
0.43357 0.56643
0.51717 0.48283
0.53150 0.46850
0.53150 0.46850
0.89944 0.10056
0.53150 0.46850
0.52319 0.47681
0.53193 0.46807
0.53193 0.46807
0.89691 0.10309
0.53193 0.46807
0.51579 0.48421
0.53022 0.46978
0.53022 0.46978
0.89920 0.10080
0.53022 0.46978
0.50571 0.49429
0.50571 0.49429
0.76958 0.23042
0.52471 0.47529
0.40799 0.59201
0.96025 0.03975
0.39929 0.60071
0.38802 0.61198
0.45354 0.54646
0.98927 0.01073
0.46237 0.53763
0.90804 0.09196
0.95345 0.04655
0.82424 0.17576
0.74261 0.25739
0.84688 0.15312
0.92059 0.07941
0.70816 0.29184
0.70816 0.29184
0.70816 0.29184
0.70816 0.29184
0.65593 0.34407
0.65593 0.34407
0.74596 0.25404
0.65593 0.34407
0.65593 0.34407
0.74596 0.25404
0.59503 0.40497
0.56916 0.43084
0.52155 0.47845
0.59503 0.40497
0.56916 0.43084
0.52155 0.47845
0.78202 0.21798
0.28695 0.71305
0.46199 0.53801
0.89883 0.10117
0.92028 0.07972
0.95461 0.04539
0.37929 0.62071
0.33053 0.66947
0.37669 0.62331
0.37669 0.62331
0.55950 0.44050
0.52038 0.47962
0.95181 0.04819
0.94229 0.05771
0.42603 0.57397
0.45096 0.54904
0.42391 0.57609
0.45096 0.54904
0.36373 0.63627
0.73054 0.26946
0.92172 0.07828
0.36708 0.63292
0.32396 0.67604
0.31670 0.68330
0.44765 0.55235
0.45281 0.54719
0.41532 0.58468
0.41098 0.58902
0.48268 0.51732
0.47292 0.52708
0.68498 0.31502
0.67420 0.32580
0.84325 0.15675
0.99853 0.00147
0.42275 0.57725
0.39916 0.60084
0.68739 0.31261
0.79868 0.20132
0.74303 0.25697
0.77292 0.22708
0.78991 0.21009
0.43966 0.56034
0.87716 0.12284
0.97519 0.02481
0.98171 0.01829
0.98494 0.01506
0.43198 0.56802
0.87001 0.12999
0.99941 0.00059
0.99944 0.00056
0.64390 0.35610
0.34775 0.65225
0.87226 0.12774
0.87226 0.12774
0.37117 0.62883
0.37117 0.62883
0.91217 0.08783
0.91025 0.08975
0.63344 0.36656
0.36127 0.63873
0.38870 0.61130
0.70012 0.29988
0.58655 0.41345
0.40817 0.59183
0.46052 0.53948
0.87030 0.12970
0.48506 0.51494
0.49303 0.50697
0.39692 0.60308
0.36129 0.63871
0.34299 0.65701
0.34024 0.65976
0.67930 0.32070
0.56634 0.43366
0.69589 0.30411
0.40091 0.59909
0.50609 0.49391
0.72318 0.27682
0.99413 0.00587
0.99413 0.00587
0.89845 0.10155
0.90083 0.09917
0.91265 0.08735
0.95959 0.04041
0.95165 0.04835
0.94968 0.05032
0.94781 0.05219
0.87244 0.12756
0.99804 0.00196
0.63956 0.36044
0.30038 0.69962
0.60242 0.39758
0.48880 0.51120
0.36534 0.63466
0.36534 0.63466
0.46777 0.53223
0.46777 0.53223
0.32985 0.67015
0.30163 0.69837
0.36161 0.63839
0.67491 0.32509
0.74689 0.25311
0.43198 0.56802
0.43198 0.56802
0.30412 0.69588
0.41193 0.58807
0.73507 0.26493
0.43726 0.56274
0.50752 0.49248
0.43705 0.56295
0.49445 0.50555
0.56776 0.43224
0.71777 0.28223
0.65162 0.34838
0.71777 0.28223
0.65162 0.34838
0.81961 0.18039
0.82340 0.17660
0.75081 0.24919
0.75081 0.24919
0.82243 0.17757
0.75081 0.24919
0.88557 0.11443
0.82917 0.17083
0.75279 0.24721
0.69170 0.30830
0.35044 0.64956
0.45212 0.54788
0.39802 0.60198
0.30592 0.69408
0.92329 0.07671
0.47243 0.52757
0.89843 0.10157
0.37953 0.62047
0.53595 0.46405
0.76683 0.23317
0.38122 0.61878
0.98880 0.01120
0.51193 0.48807
0.98848 0.01152
0.50950 0.49050
0.62177 0.37823
0.72930 0.27070
0.76103 0.23897
0.49109 0.50891
0.48717 0.51283
0.42824 0.57176
0.47658 0.52342
0.47658 0.52342
0.73566 0.26434
0.39238 0.60762
0.51736 0.48264
0.98547 0.01453
0.38293 0.61707
0.98971 0.01029
0.36401 0.63599
0.41389 0.58611
0.88995 0.11005
0.40461 0.59539
0.42603 0.57397
0.36196 0.63804
0.42613 0.57387
0.42559 0.57441
0.43005 0.56995
0.42916 0.57084
0.46857 0.53143
0.99863 0.00137
0.97771 0.02229
0.98128 0.01872
0.47385 0.52615
0.45814 0.54186
0.47602 0.52398
0.70643 0.29357
0.27897 0.72103
0.95947 0.04053
0.72855 0.27145
0.83588 0.16412
0.79603 0.20397
0.48863 0.51137
0.75719 0.24281
0.81001 0.18999
0.80052 0.19948
0.77287 0.22713
0.91481 0.08519
0.90385 0.09615
0.91071 0.08929
0.39690 0.60310
0.32140 0.67860
0.32592 0.67408
0.48192 0.51808
0.89792 0.10208
0.52817 0.47183
0.53258 0.46742
0.48054 0.51946
0.97290 0.02710
0.47735 0.52265
0.36197 0.63803
0.47825 0.52175
0.50050 0.49950
0.51492 0.48508
0.38494 0.61506
0.37221 0.62779
0.37162 0.62838
0.35830 0.64170
0.35413 0.64587
0.42496 0.57504
0.41038 0.58963
0.41038 0.58963
0.41038 0.58963
0.38499 0.61501
0.41113 0.58887
0.42674 0.57326
0.38092 0.61908
0.70087 0.29913
0.33772 0.66228
0.73899 0.26101
0.94249 0.05751
0.96451 0.03549
0.44768 0.55232
0.37037 0.62963
0.43872 0.56127
0.49647 0.50353
0.53742 0.46258
0.46357 0.53643
0.49646 0.50354
0.42885 0.57115
0.42254 0.57746
0.40100 0.59900
0.37430 0.62570
0.71685 0.28315
0.40264 0.59736
0.40264 0.59736
0.40264 0.59736
0.41087 0.58913
0.92397 0.07603
0.91028 0.08972
0.89919 0.10081
0.90993 0.09007
0.43753 0.56247
0.87587 0.12413
0.43884 0.56116
0.41498 0.58502
0.74927 0.25074
0.95246 0.04754
0.80643 0.19357
0.73220 0.26780
0.42616 0.57384
0.44421 0.55579
0.34946 0.65054
0.42858 0.57142
0.43874 0.56126
0.48272 0.51728
0.58357 0.41643
0.68501 0.31499
0.46235 0.53765
0.85362 0.14638
0.43073 0.56927
0.53026 0.46974
0.51030 0.48970
0.86880 0.13120
0.87036 0.12964
0.45290 0.54710
0.74079 0.25921
0.43144 0.56856
0.72736 0.27264
0.70383 0.29617
0.70597 0.29403
0.99519 0.00481
0.99566 0.00434
0.99679 0.00321
0.99516 0.00484
0.87223 0.12777
0.99502 0.00498
0.99550 0.00450
0.99668 0.00332
0.99499 0.00501
0.86999 0.13001
0.99956 0.00044
0.45383 0.54617
0.99957 0.00043
0.45535 0.54465
0.36475 0.63525
0.37179 0.62821
0.74360 0.25640
0.47432 0.52568
0.45515 0.54485
0.42792 0.57208
0.43703 0.56297
0.45218 0.54782
0.42377 0.57623
0.42021 0.57979
0.42034 0.57966
0.47143 0.52857
0.47057 0.52943
0.99509 0.00491
0.96850 0.03150
0.60400 0.39600
0.99953 0.00047
0.98742 0.01258
0.54666 0.45334
0.43785 0.56215
0.42606 0.57394
0.42337 0.57663
0.49352 0.50648
0.46968 0.53032
0.47952 0.52048
0.45575 0.54425
0.47635 0.52365
0.45260 0.54740
0.95542 0.04458
0.44073 0.55927
0.47729 0.52271
0.42880 0.57120
0.99759 0.00241
0.42604 0.57396
0.47729 0.52271
0.42880 0.57120
0.99759 0.00241
0.42604 0.57396
0.95542 0.04458
0.44073 0.55927
0.65307 0.34693
0.70205 0.29795
0.72568 0.27432
0.56615 0.43385
0.55455 0.44545
0.43275 0.56725
0.42805 0.57195
0.99975 0.00025
0.98862 0.01138
0.69577 0.30423
0.95505 0.04495
0.46204 0.53796
0.99747 0.00253
0.82698 0.17302
0.83326 0.16674
0.84750 0.15250
0.68061 0.31939
0.78441 0.21559
0.68404 0.31596
0.78441 0.21559
0.63925 0.36075
0.85450 0.14550
0.66947 0.33053
0.95051 0.04949
0.54977 0.45023
0.74030 0.25970
0.74030 0.25970
0.37514 0.62486
0.37316 0.62684
0.39868 0.60132
0.47021 0.52979
0.64995 0.35005
0.45913 0.54087
0.63484 0.36516
0.84697 0.15303
0.84697 0.15303
0.84978 0.15022
0.84978 0.15022
0.52190 0.47810
0.74713 0.25287
0.51328 0.48672
0.73012 0.26988
0.60756 0.39244
0.90175 0.09825
0.89626 0.10374
0.69897 0.30103
0.45132 0.54868
0.68288 0.31712
0.67915 0.32085
0.83730 0.16270
0.78156 0.21844
0.77453 0.22547
0.52467 0.47533
0.78271 0.21729
0.77673 0.22327
0.99417 0.00583
0.96913 0.03087
0.53155 0.46845
0.47964 0.52036
0.47874 0.52126
0.65075 0.34925
0.35743 0.64257
0.56520 0.43480
0.86509 0.13491
0.41301 0.58699
0.61594 0.38406
0.61717 0.38283
0.64586 0.35414
0.63098 0.36902
0.66922 0.33078
0.78402 0.21598
0.67550 0.32450
0.48347 0.51653
0.88300 0.11700
0.39580 0.60420
0.38434 0.61566
0.94286 0.05714
0.96245 0.03755
0.97259 0.02741
0.47281 0.52719
0.49318 0.50682
0.97142 0.02858
0.87191 0.12809
0.90639 0.09361
0.97311 0.02689
0.39548 0.60452
0.39928 0.60072
0.90635 0.09365
0.73597 0.26403
0.78808 0.21192
0.91051 0.08949
0.84721 0.15279
0.89067 0.10933
0.91114 0.08886
0.88350 0.11650
0.91998 0.08002
0.93323 0.06677
0.46775 0.53225
0.49059 0.50941
0.92719 0.07281
0.79844 0.20156
0.84590 0.15410
0.93199 0.06801
0.64827 0.35173
0.44332 0.55668
0.76417 0.23583
0.84446 0.15554
0.44442 0.55558
0.79189 0.20811
0.82493 0.17507
0.49364 0.50636
0.67118 0.32882
0.66895 0.33105
0.71026 0.28974
0.42047 0.57953
0.36671 0.63329
0.39013 0.60987
0.38685 0.61315
0.75441 0.24559
0.75723 0.24277
0.79695 0.20305
0.79804 0.20196
0.79868 0.20132
0.32417 0.67583
0.33789 0.66211
0.61642 0.38358
0.60893 0.39107
0.61688 0.38312
0.92623 0.07377
0.92623 0.07377
0.81386 0.18614
0.81386 0.18614
0.43914 0.56086
0.43914 0.56086
0.83485 0.16515
0.86549 0.13451
0.39426 0.60574
0.38756 0.61244
0.92750 0.07250
0.92198 0.07802
0.92635 0.07365
0.56272 0.43728
0.79689 0.20311
0.96106 0.03894
0.32673 0.67327
0.99930 0.00070
0.37000 0.63000
0.48890 0.51110
0.48890 0.51110
0.69887 0.30113
0.42719 0.57281
0.89813 0.10187
0.99936 0.00064
0.99948 0.00052
0.48047 0.51953
0.99923 0.00077
0.51016 0.48984
0.56447 0.43553
0.44548 0.55452
0.57761 0.42239
0.64652 0.35348
0.54067 0.45933
0.71670 0.28330
0.49107 0.50893
0.41353 0.58647
0.53146 0.46854
0.74260 0.25740
0.43346 0.56654
0.38203 0.61797
0.38203 0.61797
0.99759 0.00241
0.40995 0.59005
0.82091 0.17909
0.34604 0.65396
0.34349 0.65651
0.91253 0.08747
0.99806 0.00194
0.91253 0.08747
0.91253 0.08747
0.72031 0.27969
0.46557 0.53443
0.47168 0.52832
0.31485 0.68515
0.38712 0.61288
0.81778 0.18222
0.65150 0.34850
0.69981 0.30019
0.88845 0.11155
0.98635 0.01365
0.33015 0.66985
0.57008 0.42992
0.37045 0.62955
0.40482 0.59518
0.64792 0.35208
0.96159 0.03841
0.42237 0.57763
0.35585 0.64415
0.35304 0.64696
0.78930 0.21070
0.39056 0.60944
0.85633 0.14367
0.72730 0.27270
0.30400 0.69600
0.86920 0.13080
0.40753 0.59247
0.86095 0.13905
0.86980 0.13020
0.36580 0.63420
0.41442 0.58558
0.37300 0.62700
0.99682 0.00318
0.38264 0.61736
0.95938 0.04062
0.82097 0.17903
0.82097 0.17903
0.89747 0.10253
0.90698 0.09302
0.45531 0.54469
0.41760 0.58240
0.42171 0.57829
0.46893 0.53107
0.45064 0.54936
0.45141 0.54859
0.48531 0.51469
0.48305 0.51695
0.48444 0.51556
0.31134 0.68866
0.32792 0.67208
0.40817 0.59183
0.40458 0.59542
0.99890 0.00110
0.94886 0.05114
0.85140 0.14860
0.85140 0.14860
0.38601 0.61399
0.41461 0.58539
0.80085 0.19915
0.41635 0.58365
0.68842 0.31158
0.40706 0.59294
0.58484 0.41516
0.53955 0.46045
0.82977 0.17023
0.98987 0.01013
0.88198 0.11802
0.42416 0.57584
0.59869 0.40131
0.36457 0.63543
0.89395 0.10605
0.43579 0.56421
0.37007 0.62993
0.45961 0.54039
0.76056 0.23944
0.32431 0.67569
0.34329 0.65671
0.73720 0.26280
0.34290 0.65710
0.32406 0.67594
0.79354 0.20646
0.43048 0.56952
0.43781 0.56219
0.78249 0.21751
0.44661 0.55339
0.42992 0.57008
0.73626 0.26374
0.46223 0.53777
0.46714 0.53286
0.71573 0.28427
0.48124 0.51876
0.46176 0.53824
0.48048 0.51952
0.49216 0.50784
0.48533 0.51467
0.48357 0.51643
0.48048 0.51952
0.78727 0.21273
0.41766 0.58234
0.42087 0.57913
0.77902 0.22098
0.42568 0.57432
0.41728 0.58272
0.37269 0.62731
0.37366 0.62634
0.87039 0.12961
0.90771 0.09229
0.37677 0.62323
0.49646 0.50354
0.49646 0.50354
0.49646 0.50354
0.49646 0.50354
0.41377 0.58623
0.58079 0.41921
0.40827 0.59173
0.66996 0.33004
0.56765 0.43235
0.56765 0.43235
0.76427 0.23573
0.63092 0.36908
0.63092 0.36908
0.61494 0.38506
0.61494 0.38506
0.87940 0.12060
0.75424 0.24576
0.66818 0.33182
0.67822 0.32178
0.37626 0.62374
0.37860 0.62140
0.38001 0.61999
0.38599 0.61401
0.38758 0.61242
0.38868 0.61132
0.73928 0.26072
0.44315 0.55685
0.36920 0.63080
0.46087 0.53913
0.36993 0.63007
0.46087 0.53913
0.38717 0.61283
0.66424 0.33576
0.40311 0.59689
0.75017 0.24983
0.75164 0.24836
0.82647 0.17353
0.82772 0.17228
0.42263 0.57737
0.42027 0.57973
0.42263 0.57737
0.42027 0.57973
0.91343 0.08657
0.46449 0.53551
0.45323 0.54677
0.76665 0.23335
0.71924 0.28076
0.76665 0.23335
0.93276 0.06724
0.48030 0.51970
0.47613 0.52387
0.47613 0.52387
0.70066 0.29934
0.45388 0.54612
0.45357 0.54643
0.42251 0.57749
0.41903 0.58097
0.75035 0.24965
0.74689 0.25311
0.70946 0.29054
0.46540 0.53460
0.66829 0.33171
0.47205 0.52795
0.47276 0.52724
0.89798 0.10202
0.89451 0.10549
0.89408 0.10592
0.89056 0.10944
0.82496 0.17504
0.82496 0.17504
0.49070 0.50930
0.49070 0.50930
0.82927 0.17073
0.82927 0.17073
0.71378 0.28622
0.71378 0.28622
0.79842 0.20158
0.87059 0.12941
0.76899 0.23101
0.24354 0.75646
0.61365 0.38635
0.54464 0.45536
0.34889 0.65111
0.55119 0.44881
0.56193 0.43807
0.43455 0.56545
0.46123 0.53877
0.68594 0.31406
0.42000 0.58000
0.35457 0.64543
0.36067 0.63933
0.52246 0.47754
0.65478 0.34522
0.42564 0.57436
0.48498 0.51502
0.48728 0.51272
0.73509 0.26491
0.75524 0.24476
0.84971 0.15029
0.35823 0.64177
0.91688 0.08312
0.40442 0.59558
0.46891 0.53109
0.46891 0.53109
0.51663 0.48337
0.51424 0.48576
0.46169 0.53831
0.55091 0.44909
0.82060 0.17940
0.99765 0.00235
0.99637 0.00363
0.44378 0.55622
0.62512 0.37488
0.99793 0.00207
0.91193 0.08807
0.83457 0.16543
0.70073 0.29927
0.98418 0.01582
0.38323 0.61677
0.65094 0.34906
0.34452 0.65548
0.32289 0.67711
0.35744 0.64256
0.56868 0.43132
0.36117 0.63883
0.36534 0.63466
0.49124 0.50876
0.39335 0.60665
0.38949 0.61051
0.42276 0.57724
0.85205 0.14795
0.73523 0.26477
0.85861 0.14139
0.53766 0.46234
0.84433 0.15567
0.84433 0.15567
0.34750 0.65250
0.41089 0.58911
0.35826 0.64174
0.87517 0.12483
0.73068 0.26932
0.36709 0.63291
0.93306 0.06694
0.57332 0.42668
0.51325 0.48675
0.72730 0.27270
0.29953 0.70047
0.99754 0.00246
0.80752 0.19248
0.80752 0.19248
0.91220 0.08780
0.43285 0.56715
0.41489 0.58511
0.64045 0.35955
0.84624 0.15376
0.99673 0.00327
0.35900 0.64100
0.82753 0.17247
0.46826 0.53174
0.41881 0.58119
0.42164 0.57836
0.48050 0.51950
0.48371 0.51629
0.52893 0.47107
0.53253 0.46747
0.44319 0.55681
0.44272 0.55728
0.42075 0.57925
0.42261 0.57739
0.51189 0.48811
0.48449 0.51551
0.34529 0.65471
0.50017 0.49983
0.50017 0.49983
0.50282 0.49718
0.50282 0.49718
0.89706 0.10294
0.90953 0.09047
0.85282 0.14718
0.82987 0.17013
0.59214 0.40786
0.80736 0.19264
0.83465 0.16535
0.81758 0.18242
0.74562 0.25438
0.72350 0.27650
0.57396 0.42604
0.78424 0.21576
0.82485 0.17515
0.34046 0.65954
0.91728 0.08272
0.70529 0.29471
0.72540 0.27460
0.37623 0.62377
0.51396 0.48604
0.37623 0.62377
0.51396 0.48604
0.91336 0.08664
0.41465 0.58535
0.91336 0.08664
0.92390 0.07610
0.99341 0.00659
0.92390 0.07610
0.44313 0.55687
0.92620 0.07380
0.41053 0.58947
0.97168 0.02832
0.57205 0.42795
0.49455 0.50545
0.36210 0.63790
0.43578 0.56422
0.43578 0.56422
0.38451 0.61549
0.38878 0.61122
0.58682 0.41318
0.40721 0.59279
0.40125 0.59875
0.40125 0.59875
0.34321 0.65679
0.41212 0.58788
0.79645 0.20355
0.31012 0.68988
0.85553 0.14447
0.87858 0.12143
0.40245 0.59755
0.61188 0.38812
0.82219 0.17781
0.44041 0.55959
0.84274 0.15726
0.80784 0.19216
0.41245 0.58755
0.83037 0.16963
0.47763 0.52237
0.93094 0.06906
0.62824 0.37176
0.99837 0.00163
0.82233 0.17767
0.53685 0.46315
0.53685 0.46315
0.73068 0.26932
0.78470 0.21530
0.41020 0.58980
0.39322 0.60678
0.52784 0.47216
0.54828 0.45172
0.51971 0.48029
0.48983 0.51017
0.49738 0.50262
0.45951 0.54049
0.91127 0.08873
0.53955 0.46045
0.57560 0.42440
0.50521 0.49479
0.74626 0.25374
0.83082 0.16918
0.48117 0.51883
0.38565 0.61435
0.38565 0.61435
0.49798 0.50202
0.49524 0.50476
0.49799 0.50201
0.49792 0.50208
0.46630 0.53370
0.95651 0.04349
0.45572 0.54428
0.63686 0.36314
0.46760 0.53240
0.85055 0.14945
0.50536 0.49464
0.50023 0.49977
0.85016 0.14984
0.50431 0.49569
0.49920 0.50080
0.34944 0.65056
0.34944 0.65056
0.45221 0.54779
0.42398 0.57602
0.45317 0.54683
0.42482 0.57518
0.45231 0.54769
0.33980 0.66020
0.49098 0.50902
0.66481 0.33519
0.28438 0.71562
0.35879 0.64121
0.81813 0.18187
0.49836 0.50164
0.37040 0.62960
0.48331 0.51669
0.45848 0.54152
0.95622 0.04378
0.48657 0.51343
0.37407 0.62593
0.81282 0.18718
0.83788 0.16212
0.83788 0.16212
0.83788 0.16212
0.83788 0.16212
0.55906 0.44094
0.31352 0.68648
0.31837 0.68163
0.36870 0.63130
0.77583 0.22417
0.45431 0.54569
0.40901 0.59099
0.99055 0.00945
0.98039 0.01961
0.36677 0.63323
0.42747 0.57253
0.44507 0.55493
0.39620 0.60380
0.35351 0.64649
0.34325 0.65675
0.38380 0.61620
0.37993 0.62007
0.36654 0.63346
0.36318 0.63682
0.35985 0.64015
0.35985 0.64015
0.36318 0.63682
0.35985 0.64015
0.52909 0.47091
0.78302 0.21698
0.78302 0.21698
0.44371 0.55629
0.44469 0.55531
0.61343 0.38657
0.61531 0.38469
0.83473 0.16527
0.73455 0.26545
0.74038 0.25962
0.80628 0.19372
0.68367 0.31633
0.65616 0.34384
0.84208 0.15792
0.88544 0.11456
0.85405 0.14595
0.74247 0.25753
0.69205 0.30795
0.66937 0.33063
0.45590 0.54410
0.83839 0.16161
0.50280 0.49720
0.50840 0.49160
0.50840 0.49160
0.98127 0.01873
0.50840 0.49160
0.98203 0.01797
0.98227 0.01773
0.40903 0.59097
0.41219 0.58781
0.41726 0.58274
0.41219 0.58781
0.41726 0.58274
0.36761 0.63239
0.41170 0.58830
0.47657 0.52343
0.96589 0.03411
0.47509 0.52491
0.96604 0.03396
0.90190 0.09810
0.90921 0.09079
0.47949 0.52051
0.48931 0.51069
0.99410 0.00590
0.77380 0.22620
0.99177 0.00823
0.92063 0.07937
0.99909 0.00091
0.99909 0.00091
0.92044 0.07956
0.99914 0.00086
0.99918 0.00082
0.99918 0.00082
0.99914 0.00086
0.52838 0.47162
0.99924 0.00076
0.99924 0.00076
0.52607 0.47393
0.50853 0.49147
0.99905 0.00095
0.99905 0.00095
0.50626 0.49374
0.39155 0.60845
0.43000 0.57000
0.70283 0.29717
0.37376 0.62624
0.38610 0.61390
0.40628 0.59372
0.41398 0.58602
0.41312 0.58688
0.41655 0.58345
0.40799 0.59201
0.38346 0.61654
0.46607 0.53393
0.97867 0.02133
0.46607 0.53393
0.46639 0.53361
0.46784 0.53216
0.40014 0.59986
0.40231 0.59769
0.39854 0.60146
0.99703 0.00297
0.99703 0.00297
0.98726 0.01274
0.98726 0.01274
0.78740 0.21260
0.78740 0.21260
0.79021 0.20979
0.79021 0.20979
0.78840 0.21160
0.78840 0.21160
0.78740 0.21260
0.78740 0.21260
0.63435 0.36565
0.56095 0.43905
0.87958 0.12042
0.94500 0.05500
0.63435 0.36565
0.56095 0.43905
0.63435 0.36565
0.56095 0.43905
0.63845 0.36155
0.56478 0.43522
0.34916 0.65084
0.87748 0.12252
0.40146 0.59854
0.79343 0.20657
0.41244 0.58756
0.81688 0.18312
0.34934 0.65066
0.53173 0.46827
0.54111 0.45889
0.92946 0.07054
0.45814 0.54186
0.54652 0.45348
0.71522 0.28478
0.29905 0.70095
0.86876 0.13124
0.66433 0.33567
0.42041 0.57959
0.42890 0.57110
0.96123 0.03877
0.32688 0.67312
0.57490 0.42510
0.39696 0.60304
0.60652 0.39348
0.93719 0.06281
0.85521 0.14479
0.40769 0.59231
0.34947 0.65053
0.82194 0.17806
0.82194 0.17806
0.34183 0.65817
0.47729 0.52271
0.69213 0.30787
0.70661 0.29339
0.86057 0.13943
0.86057 0.13943
0.26589 0.73411
0.24184 0.75816
0.38590 0.61410
0.42256 0.57744
0.34218 0.65782
0.34830 0.65170
0.36405 0.63595
0.36116 0.63884
0.59531 0.40469
0.30291 0.69709
0.81510 0.18490
0.55570 0.44430
0.81510 0.18490
0.55570 0.44430
0.34944 0.65056
0.73692 0.26308
0.75060 0.24940
0.84340 0.15660
0.72405 0.27595
0.83291 0.16709
0.73469 0.26531
0.78770 0.21230
0.59869 0.40131
0.59627 0.40373
0.75356 0.24644
0.36447 0.63553
0.34576 0.65424
0.85950 0.14050
0.51340 0.48660
0.49619 0.50381
0.36902 0.63098
0.35664 0.64336
0.33095 0.66905
0.36640 0.63360
0.38895 0.61105
0.38429 0.61571
0.75878 0.24122
0.30718 0.69282
0.29635 0.70365
0.46132 0.53868
0.45236 0.54764
0.35947 0.64053
0.31585 0.68415
0.36960 0.63040
0.46871 0.53129
0.47432 0.52568
0.34772 0.65228
0.35082 0.64918
0.90148 0.09852
0.99004 0.00996
0.87336 0.12664
0.91241 0.08759
0.99065 0.00935
0.90148 0.09852
0.99004 0.00996
0.87336 0.12664
0.91241 0.08759
0.99065 0.00935
0.40679 0.59321
0.61577 0.38423
0.40665 0.59335
0.61182 0.38818
0.40486 0.59514
0.34972 0.65028
0.80419 0.19581
0.64810 0.35190
0.63494 0.36506
0.85811 0.14189
0.90439 0.09561
0.87066 0.12934
0.96428 0.03572
0.87670 0.12330
0.96626 0.03374
0.86167 0.13833
0.99868 0.00132
0.83911 0.16089
0.99891 0.00109
0.84023 0.15977
0.84946 0.15054
0.55843 0.44157
0.48860 0.51140
0.67398 0.32602
0.45498 0.54502
0.52343 0.47657
0.87882 0.12118
0.55361 0.44639
0.94355 0.05645
0.98133 0.01867
0.93281 0.06719
0.84708 0.15292
0.94966 0.05034
0.97148 0.02852
0.46823 0.53177
0.88684 0.11316
0.34228 0.65772
0.35785 0.64215
0.34838 0.65162
0.57371 0.42629
0.33555 0.66445
0.72475 0.27525
0.76547 0.23453
0.46235 0.53765
0.74041 0.25959
0.87876 0.12124
0.98597 0.01403
0.48950 0.51050
0.43735 0.56265
0.46841 0.53159
0.82193 0.17807
0.82193 0.17807
0.73673 0.26327
0.62531 0.37469
0.62531 0.37469
0.77908 0.22092
0.61597 0.38403
0.61597 0.38403
0.77206 0.22794
0.48986 0.51014
0.48724 0.51276
0.89805 0.10195
0.82193 0.17807
0.82193 0.17807
0.73673 0.26327
0.61597 0.38403
0.61597 0.38403
0.77206 0.22794
0.82193 0.17807
0.82193 0.17807
0.73673 0.26327
0.95252 0.04748
0.95252 0.04748
0.65000 0.35000
0.65000 0.35000
0.96759 0.03241
0.43286 0.56714
0.69383 0.30617
0.42348 0.57652
0.69058 0.30942
0.59981 0.40019
0.60718 0.39282
0.99919 0.00081
0.44556 0.55444
0.44518 0.55482
0.40848 0.59152
0.42952 0.57048
0.42921 0.57079
0.82364 0.17636
0.42756 0.57244
0.42720 0.57280
0.97471 0.02529
0.97136 0.02864
0.74568 0.25432
0.99139 0.00861
0.98994 0.01006
0.99686 0.00314
0.99681 0.00319
0.82648 0.17352
0.85336 0.14664
0.84603 0.15397
0.81438 0.18562
0.35660 0.64340
0.33289 0.66711
0.87460 0.12540
0.89798 0.10202
0.72967 0.27033
0.76609 0.23391
0.41621 0.58379
0.78519 0.21481
0.57631 0.42369
0.62673 0.37327
0.65290 0.34710
0.82381 0.17619
0.53088 0.46912
0.55356 0.44644
0.84503 0.15497
0.93219 0.06781
0.94541 0.05459
0.55957 0.44043
0.93675 0.06325
0.94912 0.05088
0.76341 0.23659
0.99670 0.00330
0.99842 0.00158
0.38777 0.61223
0.34196 0.65804
0.99978 0.00022
0.99969 0.00031
0.99969 0.00031
0.51960 0.48040
0.50827 0.49173
0.68061 0.31939
0.86062 0.13938
0.38341 0.61659
0.90351 0.09649
0.92419 0.07581
0.91651 0.08349
0.78178 0.21822
0.78867 0.21133
0.30354 0.69646
0.39956 0.60044
0.87513 0.12487
0.88145 0.11855
0.35959 0.64041
0.40415 0.59585
0.41318 0.58682
0.35644 0.64356
0.88258 0.11742
0.88258 0.11742
0.87521 0.12479
0.45089 0.54911
0.73708 0.26292
0.35755 0.64245
0.61310 0.38690
0.97424 0.02576
0.74432 0.25568
0.74374 0.25626
0.52809 0.47191
0.40703 0.59297
0.40435 0.59565
0.40340 0.59660
0.35568 0.64432
0.60317 0.39683
0.80975 0.19025
0.83410 0.16590
0.80625 0.19375
0.36523 0.63477
0.45607 0.54393
0.75352 0.24648
0.76855 0.23145
0.74302 0.25698
0.45607 0.54393
0.75352 0.24648
0.77327 0.22673
0.97964 0.02036
0.77357 0.22643
0.84882 0.15118
0.87024 0.12976
0.63767 0.36233
0.36554 0.63446
0.60607 0.39393
0.77078 0.22922
0.74756 0.25244
0.38695 0.61305
0.39635 0.60365
0.75031 0.24969
0.72603 0.27397
0.39830 0.60170
0.57831 0.42169
0.39830 0.60170
0.57831 0.42169
0.74872 0.25128
0.73030 0.26970
0.83210 0.16790
0.81245 0.18755
0.60507 0.39493
0.97898 0.02102
0.46297 0.53703
0.46886 0.53114
0.94070 0.05930
0.90451 0.09549
0.93731 0.06269
0.93731 0.06269
0.46275 0.53725
0.47655 0.52345
0.47655 0.52345
0.45954 0.54046
0.55252 0.44748
0.55252 0.44748
0.49179 0.50821
0.45872 0.54128
0.71534 0.28466
0.49179 0.50821
0.45872 0.54128
0.71534 0.28466
0.49179 0.50821
0.45872 0.54128
0.71534 0.28466
0.38620 0.61380
0.37739 0.62261
0.38797 0.61203
0.37578 0.62422
0.43589 0.56411
0.65112 0.34888
0.44571 0.55429
0.66454 0.33546
0.68871 0.31129
0.73441 0.26559
0.68684 0.31316
0.97981 0.02019
0.68452 0.31548
0.43823 0.56177
0.88621 0.11379
0.91687 0.08313
0.72042 0.27958
0.96593 0.03407
0.99592 0.00408
0.99715 0.00285
0.51566 0.48434
0.99192 0.00808
0.54992 0.45008
0.99192 0.00808
0.55124 0.44876
0.72525 0.27475
0.62806 0.37194
0.50749 0.49251
0.62806 0.37194
0.62373 0.37627
0.43953 0.56047
0.32182 0.67818
0.55918 0.44082
0.87790 0.12210
0.93357 0.06643
0.88998 0.11002
0.55918 0.44082
0.87790 0.12210
0.42127 0.57873
0.40722 0.59278
0.37097 0.62903
0.48350 0.51650
0.49854 0.50146
0.33367 0.66633
0.98580 0.01420
0.97959 0.02041
0.43656 0.56344
0.44463 0.55537
0.43167 0.56833
0.99882 0.00118
0.99904 0.00096
0.95807 0.04193
0.99893 0.00107
0.40840 0.59160
0.92071 0.07929
0.91162 0.08838
0.40498 0.59502
0.99862 0.00138
0.41281 0.58719
0.73631 0.26369
0.96315 0.03685
0.99931 0.00069
0.94415 0.05585
0.68455 0.31545
0.99710 0.00290
0.99745 0.00255
0.87701 0.12299
0.79778 0.20222
0.99908 0.00092
0.36619 0.63381
0.66593 0.33407
0.87616 0.12384
0.85954 0.14046
0.86457 0.13543
0.86997 0.13003
0.77182 0.22818
0.75072 0.24928
0.76016 0.23984
0.74126 0.25874
0.80426 0.19574
0.92835 0.07165
0.69219 0.30781
0.79683 0.20317
0.66093 0.33907
0.39330 0.60670
0.66624 0.33376
0.77593 0.22407
0.32782 0.67218
0.40758 0.59242
0.64618 0.35382
0.42692 0.57308
0.46379 0.53621
0.88542 0.11458
0.35187 0.64813
0.35200 0.64800
0.99776 0.00224
0.41543 0.58457
0.43461 0.56539
0.38067 0.61933
0.51810 0.48190
0.45104 0.54896
0.57792 0.42208
0.99044 0.00956
0.48961 0.51039
0.82874 0.17126
0.84240 0.15760
0.99617 0.00383
0.91621 0.08379
0.90103 0.09897
0.48801 0.51199
0.75183 0.24817
0.64202 0.35798
0.64821 0.35179
0.61942 0.38058
0.27707 0.72293
0.43180 0.56820
0.42900 0.57100
0.76586 0.23414
0.81532 0.18468
0.80741 0.19259
0.76318 0.23682
0.33484 0.66516
0.99861 0.00139
0.30277 0.69723
0.35002 0.64998
0.37257 0.62743
0.42941 0.57059
0.33547 0.66453
0.33955 0.66045
0.94050 0.05950
0.31359 0.68641
0.39883 0.60117
0.66489 0.33511
0.38361 0.61639
0.38470 0.61530
0.77414 0.22586
0.99895 0.00105
0.76671 0.23329
0.81539 0.18461
0.92585 0.07415
0.89226 0.10774
0.81666 0.18334
0.76097 0.23903
0.98756 0.01244
0.77085 0.22915
0.81666 0.18334
0.76097 0.23903
0.43721 0.56279
0.43136 0.56864
0.43095 0.56905
0.37728 0.62272
0.64114 0.35886
0.41806 0.58194
0.97177 0.02823
0.38387 0.61613
0.38362 0.61638
0.95346 0.04654
0.47993 0.52007
0.45661 0.54339
0.47082 0.52918
0.45645 0.54355
0.48032 0.51968
0.45645 0.54355
0.47066 0.52934
0.34977 0.65023
0.99926 0.00074
0.47063 0.52937
0.47007 0.52993
0.97339 0.02661
0.90665 0.09335
0.46854 0.53146
0.48441 0.51559
0.76538 0.23462
0.47731 0.52269
0.49705 0.50295
0.49316 0.50684
0.73565 0.26435
0.76488 0.23512
0.72309 0.27691
0.40596 0.59404
0.78352 0.21648
0.34822 0.65178
0.55264 0.44736
0.34127 0.65873
0.57967 0.42033
0.57967 0.42033
0.38993 0.61007
0.65272 0.34728
0.65418 0.34582
0.76908 0.23092
0.75094 0.24906
0.67615 0.32385
0.76908 0.23092
0.41807 0.58193
0.67880 0.32120
0.62277 0.37723
0.69747 0.30253
0.81561 0.18439
0.81658 0.18342
0.81946 0.18054
0.85640 0.14360
0.85640 0.14360
0.74968 0.25032
0.74968 0.25032
0.75642 0.24358
0.75642 0.24358
0.75156 0.24844
0.75156 0.24844
0.70590 0.29410
0.70873 0.29127
0.52262 0.47738
0.53899 0.46101
0.52874 0.47126
0.73782 0.26218
0.75236 0.24764
0.74321 0.25679
0.64530 0.35470
0.64530 0.35470
0.95412 0.04588
0.62586 0.37414
0.68889 0.31111
0.63674 0.36326
0.47634 0.52366
0.53070 0.46930
0.35945 0.64055
0.39291 0.60709
0.36042 0.63958
0.36042 0.63958
0.51943 0.48057
0.51943 0.48057
0.35873 0.64127
0.35873 0.64127
0.37531 0.62469
0.70356 0.29644
0.70164 0.29836
0.82538 0.17462
0.82538 0.17462
0.67918 0.32082
0.61829 0.38171
0.40417 0.59583
0.40010 0.59990
0.49221 0.50779
0.49208 0.50792
0.36970 0.63030
0.56363 0.43637
0.72219 0.27781
0.56780 0.43220
0.83057 0.16943
0.93203 0.06797
0.83474 0.16526
0.45709 0.54291
0.55441 0.44559
0.32234 0.67766
0.86538 0.13462
0.95264 0.04736
0.86983 0.13017
0.64109 0.35891
0.62457 0.37543
0.77040 0.22960
0.76193 0.23807
0.86655 0.13345
0.81315 0.18685
0.81315 0.18685
0.81315 0.18685
0.81315 0.18685
0.80035 0.19965
0.80588 0.19412
0.80035 0.19965
0.80588 0.19412
0.32715 0.67285
0.60122 0.39878
0.96146 0.03854
0.44477 0.55523
0.76217 0.23783
0.76838 0.23162
0.53258 0.46742
0.54556 0.45444
0.55185 0.44815
0.54556 0.45444
0.73780 0.26220
0.70885 0.29115
0.70885 0.29115
0.70223 0.29777
0.70223 0.29777
0.74304 0.25696
0.74860 0.25140
0.74304 0.25696
0.74860 0.25140
0.35351 0.64649
0.77393 0.22607
0.74973 0.25027
0.44953 0.55047
0.58378 0.41622
0.38213 0.61787
0.38671 0.61329
0.77481 0.22519
0.80783 0.19217
0.39039 0.60961
0.88362 0.11638
0.47343 0.52657
0.43898 0.56102
0.46911 0.53089
0.50937 0.49063
0.43785 0.56215
0.40427 0.59573
0.40144 0.59856
0.39635 0.60365
0.92719 0.07281
0.89402 0.10598
0.52328 0.47672
0.61276 0.38724
0.88394 0.11606
0.88394 0.11606
0.88246 0.11754
0.88246 0.11754
0.41378 0.58622
0.45922 0.54078
0.89503 0.10497
0.85093 0.14907
0.69005 0.30995
0.68232 0.31768
0.71972 0.28028
0.70822 0.29178
0.71972 0.28028
0.34444 0.65556
0.35073 0.64927
0.78207 0.21793
0.77701 0.22299
0.98009 0.01991
0.35434 0.64566
0.34548 0.65452
0.34412 0.65588
0.34619 0.65381
0.34208 0.65792
0.33738 0.66262
0.71289 0.28711
0.73989 0.26011
0.77085 0.22915
0.88424 0.11576
0.84098 0.15902
0.47916 0.52084
0.34180 0.65820
0.54832 0.45168
0.85860 0.14140
0.49163 0.50837
0.89534 0.10466
0.38405 0.61595
0.74465 0.25535
0.69746 0.30254
0.44261 0.55739
0.87575 0.12425
0.87575 0.12425
0.64325 0.35675
0.41676 0.58324
0.70515 0.29485
0.64325 0.35675
0.70515 0.29485
0.94359 0.05641
0.95853 0.04147
0.42752 0.57248
0.94359 0.05641
0.42752 0.57248
0.70969 0.29031
0.94935 0.05065
0.87035 0.12965
0.97275 0.02725
0.86737 0.13263
0.86012 0.13988
0.95835 0.04165
0.83224 0.16776
0.82550 0.17450
0.96513 0.03487
0.83820 0.16180
0.42689 0.57311
0.41812 0.58188
0.56206 0.43794
0.56206 0.43794
0.55592 0.44408
0.75519 0.24481
0.76026 0.23974
0.34810 0.65190
0.49450 0.50550
0.44430 0.55570
0.52078 0.47922
0.96371 0.03629
0.88885 0.11115
0.58169 0.41831
0.99700 0.00300
0.31515 0.68485
0.50143 0.49857
0.36995 0.63005
0.85006 0.14994
0.86816 0.13184
0.46440 0.53560
0.88372 0.11628
0.88661 0.11339
0.77571 0.22429
0.88462 0.11538
0.88661 0.11339
0.77571 0.22429
0.88462 0.11538
0.97904 0.02096
0.76434 0.23566
0.97887 0.02113
0.97904 0.02096
0.76434 0.23566
0.97887 0.02113
0.66864 0.33136
0.35043 0.64957
0.84400 0.15600
0.87912 0.12088
0.34684 0.65316
0.66942 0.33058
0.74522 0.25478
0.75899 0.24101
0.90292 0.09708
0.72403 0.27597
0.83720 0.16280
0.40285 0.59715
0.84551 0.15449
0.90887 0.09113
0.97346 0.02654
0.81955 0.18045
0.81955 0.18045
0.48810 0.51190
0.49662 0.50338
0.43275 0.56725
0.78995 0.21005
0.84668 0.15332
0.57859 0.42141
0.38518 0.61482
0.38852 0.61148
0.60903 0.39097
0.39578 0.60422
0.38976 0.61024
0.38957 0.61043
0.27956 0.72044
0.39973 0.60027
0.37324 0.62676
0.67690 0.32310
0.44533 0.55467
0.99875 0.00125
0.99869 0.00131
0.99872 0.00128
0.99872 0.00128
0.98001 0.01999
0.87369 0.12631
0.62121 0.37879
0.65537 0.34463
0.88054 0.11946
0.46503 0.53497
0.39493 0.60507
0.39693 0.60307
0.40317 0.59683
0.37452 0.62548
0.37635 0.62365
0.36429 0.63571
0.84256 0.15744
0.43679 0.56321
0.38558 0.61442
0.87885 0.12115
0.88019 0.11981
0.99301 0.00699
0.99301 0.00699
0.99308 0.00692
0.99308 0.00692
0.99159 0.00841
0.99159 0.00841
0.99146 0.00854
0.95789 0.04211
0.51593 0.48407
0.99841 0.00159
0.53539 0.46461
0.99841 0.00159
0.92838 0.07162
0.92928 0.07072
0.92928 0.07072
0.34611 0.65389
0.39639 0.60361
0.39994 0.60006
0.29814 0.70186
0.55574 0.44426
0.52883 0.47117
0.66751 0.33249
0.39240 0.60760
0.59898 0.40102
0.42449 0.57551
0.79211 0.20789
0.65900 0.34100
0.40441 0.59559
0.43875 0.56125
0.43006 0.56994
0.91698 0.08302
0.57051 0.42949
0.32800 0.67200
0.38671 0.61329
0.33300 0.66700
0.32690 0.67310
0.36899 0.63101
0.38158 0.61842
0.36951 0.63049
0.77459 0.22541
0.38196 0.61804
0.52025 0.47975
0.42935 0.57065
0.86449 0.13551
0.87948 0.12052
0.86400 0.13600
0.88446 0.11554
0.86953 0.13047
0.97715 0.02285
0.37859 0.62141
0.96977 0.03023
0.96977 0.03023
0.96977 0.03023
0.96817 0.03183
0.96817 0.03183
0.96817 0.03183
0.38395 0.61605
0.43375 0.56625
0.99796 0.00204
0.88122 0.11878
0.98371 0.01629
0.80424 0.19576
0.75298 0.24702
0.79571 0.20429
0.98371 0.01629
0.80424 0.19576
0.62913 0.37087
0.36931 0.63069
0.31542 0.68458
0.87144 0.12856
0.92926 0.07074
0.86191 0.13809
0.91847 0.08153
0.38157 0.61843
0.38646 0.61354
0.54124 0.45876
0.61060 0.38940
0.48850 0.51150
0.41029 0.58971
0.52071 0.47929
0.52351 0.47649
0.34109 0.65891
0.34109 0.65891
0.34267 0.65733
0.34267 0.65733
0.35732 0.64268
0.85864 0.14136
0.82375 0.17625
0.69042 0.30958
0.81348 0.18652
0.97178 0.02822
0.33150 0.66850
0.72407 0.27593
0.96535 0.03465
0.99801 0.00199
0.33037 0.66963
0.75166 0.24834
0.75166 0.24834
0.75166 0.24834
0.49691 0.50309
0.49691 0.50309
0.49691 0.50309
0.75166 0.24834
0.75166 0.24834
0.75166 0.24834
0.75166 0.24834
0.75166 0.24834
0.75166 0.24834
0.79505 0.20495
0.86713 0.13287
0.44770 0.55230
0.97462 0.02538
0.92948 0.07052
0.51477 0.48523
0.50036 0.49964
0.73147 0.26853
0.72463 0.27537
0.99830 0.00170
0.45677 0.54323
0.99830 0.00170
0.28912 0.71088
0.97568 0.02432
0.97201 0.02799
0.44174 0.55826
0.44171 0.55829
0.44175 0.55825
0.32786 0.67214
0.38477 0.61523
0.49102 0.50898
0.48118 0.51882
0.45736 0.54264
0.29524 0.70476
0.51070 0.48930
0.57348 0.42652
0.40352 0.59648
0.47642 0.52358
0.95985 0.04015
0.88766 0.11234
0.89724 0.10276
0.77396 0.22604
0.86950 0.13050
0.87477 0.12523
0.92736 0.07264
0.45152 0.54848
0.39147 0.60853
0.41504 0.58496
0.41504 0.58496
0.40238 0.59762
0.47920 0.52080
0.39594 0.60406
0.48571 0.51429
0.48571 0.51429
0.78542 0.21458
0.61345 0.38655
0.60551 0.39449
0.91753 0.08247
0.91711 0.08289
0.92359 0.07641
0.92316 0.07684
0.44531 0.55469
0.44531 0.55469
0.29743 0.70257
0.83061 0.16939
0.96887 0.03113
0.38412 0.61588
0.41966 0.58034
0.38917 0.61083
0.38205 0.61795
0.38917 0.61083
0.38205 0.61795
0.38347 0.61653
0.43307 0.56693
0.36690 0.63310
0.37715 0.62285
0.41510 0.58490
0.41847 0.58153
0.38500 0.61500
0.38500 0.61500
0.43201 0.56799
0.43151 0.56849
0.94890 0.05110
0.50750 0.49250
0.43618 0.56382
0.88218 0.11782
0.83043 0.16957
0.83043 0.16957
0.88391 0.11609
0.83253 0.16747
0.83253 0.16747
0.39542 0.60458
0.73365 0.26635
0.72910 0.27090
0.32318 0.67682
0.52241 0.47759
0.49124 0.50876
0.49124 0.50876
0.39123 0.60877
0.49103 0.50897
0.36141 0.63859
0.36709 0.63291
0.33453 0.66547
0.36279 0.63721
0.62000 0.38000
0.97509 0.02491
0.38254 0.61746
0.49789 0.50211
0.34013 0.65987
0.84484 0.15516
0.99350 0.00650
0.96715 0.03285
0.99945 0.00055
0.97087 0.02913
0.31065 0.68935
0.42732 0.57268
0.34755 0.65245
0.80286 0.19714
0.35828 0.64172
0.43969 0.56031
0.96430 0.03570
0.96939 0.03061
0.98259 0.01741
0.98259 0.01741
0.28534 0.71466
0.45525 0.54475
0.70581 0.29419
0.42670 0.57330
0.97472 0.02528
0.52725 0.47275
0.53229 0.46771
0.99818 0.00182
0.99803 0.00197
0.99813 0.00187
0.51478 0.48522
0.98259 0.01741
0.51297 0.48703
0.98239 0.01761
0.51045 0.48955
0.98209 0.01791
0.51835 0.48165
0.98299 0.01701
0.51403 0.48597
0.55004 0.44996
0.40482 0.59518
0.67474 0.32526
0.61586 0.38414
0.63878 0.36122
0.83292 0.16708
0.83307 0.16693
0.83042 0.16958
0.86881 0.13119
0.86885 0.13115
0.86630 0.13370
0.91423 0.08577
0.91371 0.08629
0.91371 0.08629
0.85403 0.14597
0.85325 0.14675
0.85325 0.14675
0.32099 0.67901
0.81520 0.18480
0.52089 0.47911
0.81147 0.18853
0.42318 0.57682
0.83862 0.16138
0.77455 0.22545
0.82867 0.17133
0.81272 0.18728
0.40935 0.59065
0.42392 0.57608
0.59080 0.40920
0.68057 0.31943
0.61141 0.38859
0.33953 0.66047
0.32670 0.67330
0.33729 0.66271
0.33953 0.66047
0.32670 0.67330
0.33729 0.66271
0.91919 0.08081
0.44695 0.55305
0.45025 0.54975
0.44417 0.55583
0.97594 0.02406
0.59140 0.40860
0.55607 0.44393
0.97063 0.02937
0.54711 0.45289
0.57088 0.42912
0.97339 0.02661
0.98310 0.01690
0.55157 0.44843
0.96995 0.03005
0.60930 0.39070
0.35087 0.64913
0.97401 0.02599
0.51232 0.48768
0.51604 0.48396
0.50879 0.49121
0.97401 0.02599
0.91526 0.08474
0.90358 0.09642
0.91526 0.08474
0.90476 0.09524
0.99470 0.00530
0.49940 0.50060
0.48880 0.51120
0.49940 0.50060
0.48675 0.51325
0.53589 0.46411
0.49563 0.50437
0.48499 0.51501
0.49563 0.50437
0.48290 0.51710
0.53215 0.46785
0.91526 0.08474
0.90358 0.09642
0.91526 0.08474
0.90476 0.09524
0.99470 0.00530
0.49191 0.50809
0.48125 0.51875
0.49191 0.50809
0.47906 0.52094
0.52844 0.47156
0.99910 0.00090
0.98111 0.01889
0.99885 0.00115
0.53561 0.46439
0.76676 0.23324
0.85518 0.14482
0.84015 0.15985
0.74663 0.25337
0.74663 0.25337
0.84015 0.15985
0.85663 0.14337
0.84176 0.15824
0.74807 0.25193
0.74807 0.25193
0.84176 0.15824
0.84822 0.15178
0.83328 0.16672
0.73769 0.26231
0.73769 0.26231
0.83328 0.16672
0.46895 0.53105
0.98321 0.01679
0.46001 0.53999
0.46001 0.53999
0.98321 0.01679
0.98510 0.01490
0.81885 0.18115
0.81720 0.18280
0.81720 0.18280
0.81885 0.18115
0.98550 0.01450
0.82220 0.17780
0.46725 0.53275
0.46725 0.53275
0.82220 0.17780
0.98550 0.01450
0.82220 0.17780
0.46725 0.53275
0.46725 0.53275
0.82220 0.17780
0.78649 0.21351
0.38115 0.61885
0.31513 0.68487
0.53511 0.46489
0.36668 0.63332
0.35174 0.64826
0.37893 0.62107
0.79709 0.20291
0.79519 0.20481
0.80202 0.19798
0.80758 0.19242
0.36927 0.63073
0.79161 0.20839
0.67611 0.32389
0.68589 0.31411
0.67457 0.32543
0.36178 0.63822
0.67382 0.32618
0.41734 0.58266
0.41334 0.58666
0.75192 0.24808
0.62397 0.37603
0.96132 0.03868
0.61221 0.38779
0.95868 0.04132
0.62397 0.37603
0.96132 0.03868
0.61221 0.38779
0.95868 0.04132
0.56740 0.43260
0.80806 0.19194
0.56740 0.43260
0.80806 0.19194
0.55595 0.44405
0.79929 0.20071
0.57390 0.42610
0.80806 0.19194
0.85990 0.14010
0.62808 0.37192
0.85990 0.14010
0.62808 0.37192
0.85128 0.14872
0.61429 0.38571
0.52964 0.47036
0.52295 0.47705
0.84246 0.15754
0.52964 0.47036
0.52295 0.47705
0.84246 0.15754
0.52119 0.47881
0.51449 0.48551
0.83613 0.16387
0.87539 0.12461
0.38181 0.61819
0.47905 0.52095
0.63232 0.36768
0.42908 0.57092
0.72255 0.27745
0.44184 0.55816
0.98054 0.01946
0.98032 0.01968
0.42910 0.57090
0.76602 0.23398
0.53630 0.46370
0.75882 0.24118
0.34686 0.65314
0.91829 0.08171
0.81831 0.18169
0.93462 0.06538
0.84736 0.15264
0.92266 0.07734
0.93023 0.06977
0.84844 0.15156
0.80983 0.19017
0.82401 0.17599
0.36645 0.63355
0.35729 0.64271
0.36107 0.63893
0.92660 0.07340
0.92660 0.07340
0.92660 0.07340
0.43721 0.56279
0.44676 0.55324
0.43721 0.56279
0.44676 0.55324
0.43721 0.56279
0.44676 0.55324
0.43721 0.56279
0.44676 0.55324
0.84499 0.15501
0.85872 0.14128
0.84499 0.15501
0.85872 0.14128
0.43721 0.56279
0.44676 0.55324
0.43721 0.56279
0.44676 0.55324
0.34787 0.65213
0.76862 0.23138
0.34787 0.65213
0.36552 0.63448
0.65295 0.34705
0.39196 0.60804
0.39156 0.60844
0.50524 0.49476
0.91490 0.08510
0.41888 0.58112
0.77946 0.22054
0.40574 0.59426
0.62598 0.37402
0.44175 0.55825
0.83068 0.16932
0.98313 0.01687
0.79152 0.20848
0.78736 0.21264
0.45052 0.54948
0.78736 0.21264
0.45052 0.54948
0.65301 0.34699
0.70969 0.29031
0.47911 0.52089
0.47509 0.52491
0.42812 0.57188
0.47101 0.52899
0.46700 0.53300
0.65992 0.34008
0.68139 0.31861
0.64008 0.35992
0.64008 0.35992
0.64008 0.35992
0.64008 0.35992
0.55321 0.44679
0.40689 0.59311
0.41455 0.58545
0.40983 0.59017
0.36855 0.63145
0.37903 0.62097
0.58282 0.41718
0.55012 0.44988
0.40039 0.59961
0.40577 0.59423
0.40191 0.59809
0.46303 0.53697
0.44785 0.55215
0.43857 0.56143
0.35766 0.64234
0.94720 0.05280
0.35919 0.64081
0.35448 0.64552
0.88763 0.11237
0.84711 0.15289
0.37819 0.62181
0.37590 0.62410
0.35148 0.64852
0.42744 0.57256
0.39392 0.60608
0.44993 0.55007
0.47783 0.52217
0.38449 0.61551
0.40659 0.59341
0.80765 0.19235
0.40110 0.59890
0.37538 0.62462
0.48355 0.51645
0.34060 0.65940
0.26619 0.73381
0.42700 0.57300
0.37629 0.62371
0.42700 0.57300
0.37629 0.62371
0.33348 0.66652
0.38172 0.61829
0.41347 0.58653
0.48077 0.51923
0.74711 0.25289
0.48979 0.51021
0.63555 0.36445
0.33845 0.66155
0.40845 0.59155
0.53557 0.46443
0.40845 0.59155
0.53557 0.46443
0.97109 0.02891
0.59021 0.40979
0.97131 0.02869
0.64426 0.35574
0.64520 0.35480
0.50184 0.49816
0.50069 0.49931
0.50184 0.49816
0.50069 0.49931
0.50184 0.49816
0.50184 0.49816
0.83920 0.16080
0.84004 0.15996
0.69622 0.30378
0.98002 0.01998
0.40209 0.59791
0.66699 0.33301
0.64846 0.35154
0.65234 0.34766
0.93778 0.06222
0.57999 0.42001
0.57702 0.42298
0.38821 0.61179
0.38791 0.61209
0.57914 0.42086
0.38693 0.61307
0.37101 0.62899
0.36958 0.63042
0.50135 0.49865
0.41339 0.58661
0.76974 0.23026
0.48160 0.51840
0.58541 0.41459
0.42036 0.57964
0.42036 0.57964
0.42036 0.57964
0.42229 0.57771
0.42229 0.57771
0.42229 0.57771
0.43098 0.56902
0.43098 0.56902
0.43098 0.56902
0.75200 0.24800
0.88785 0.11215
0.90570 0.09430
0.49785 0.50215
0.48814 0.51186
0.99233 0.00767
0.46219 0.53781
0.90134 0.09866
0.87285 0.12715
0.47324 0.52676
0.47289 0.52711
0.98894 0.01106
0.99243 0.00757
0.88317 0.11683
0.99078 0.00922
0.99230 0.00770
0.99952 0.00048
0.67104 0.32896
0.97317 0.02683
0.42506 0.57494
0.67515 0.32485
0.36380 0.63620
0.69443 0.30557
0.69616 0.30384
0.99288 0.00712
0.98524 0.01476
0.36438 0.63562
0.40267 0.59733
0.85603 0.14397
0.99735 0.00265
0.94859 0.05141
0.82738 0.17262
0.43573 0.56427
0.56888 0.43112
0.72027 0.27973
0.37764 0.62236
0.72481 0.27519
0.48184 0.51816
0.48185 0.51815
0.51347 0.48653
0.50411 0.49589
0.51100 0.48900
0.51323 0.48677
0.51989 0.48011
0.51323 0.48677
0.51989 0.48011
0.44700 0.55300
0.99832 0.00168
0.48384 0.51616
0.99824 0.00176
0.44971 0.55029
0.44580 0.55420
0.44580 0.55420
0.45000 0.55000
0.41027 0.58973
0.38374 0.61626
0.41392 0.58608
0.73557 0.26443
0.45265 0.54735
0.38625 0.61375
0.38603 0.61397
0.36271 0.63729
0.49216 0.50784
0.52387 0.47613
0.58214 0.41786
0.85834 0.14166
0.53012 0.46988
0.52193 0.47807
0.49115 0.50885
0.71137 0.28863
0.46769 0.53231
0.57896 0.42104
0.46769 0.53231
0.58278 0.41722
0.37315 0.62685
0.42324 0.57676
0.88931 0.11069
0.42324 0.57676
0.42324 0.57676
0.88885 0.11115
0.42324 0.57676
0.39317 0.60683
0.70575 0.29425
0.42438 0.57562
0.41189 0.58811
0.42392 0.57608
0.42374 0.57626
0.42438 0.57562
0.41189 0.58811
0.42392 0.57608
0.42374 0.57626
0.27627 0.72373
0.78864 0.21136
0.78440 0.21560
0.32356 0.67644
0.62772 0.37228
0.60610 0.39390
0.43250 0.56750
0.43250 0.56750
0.42659 0.57341
0.71083 0.28917
0.80346 0.19654
0.79315 0.20685
0.39311 0.60689
0.72579 0.27421
0.76773 0.23227
0.51080 0.48920
0.97105 0.02895
0.97105 0.02895
0.99926 0.00074
0.96946 0.03054
0.96946 0.03054
0.51251 0.48749
0.96847 0.03153
0.96750 0.03250
0.49171 0.50829
0.49369 0.50631
0.49369 0.50631
0.47421 0.52579
0.47629 0.52371
0.47629 0.52371
0.99202 0.00798
0.48182 0.51818
0.48182 0.51818
0.74871 0.25129
0.51764 0.48236
0.52339 0.47661
0.82695 0.17305
0.39497 0.60503
0.37571 0.62429
0.39120 0.60880
0.39928 0.60072
0.58814 0.41186
0.65975 0.34025
0.99181 0.00819
0.87589 0.12411
0.96431 0.03569
0.45562 0.54438
0.46005 0.53995
0.88216 0.11784
0.47964 0.52036
0.44321 0.55679
0.86181 0.13819
0.98005 0.01995
0.86116 0.13884
0.74051 0.25949
0.56952 0.43048
0.60597 0.39403
0.73253 0.26747
0.53102 0.46898
0.56689 0.43311
0.92382 0.07618
0.56689 0.43311
0.92980 0.07020
0.92980 0.07020
0.92980 0.07020
0.46714 0.53286
0.79165 0.20835
0.80755 0.19245
0.80755 0.19245
0.44439 0.55561
0.46926 0.53074
0.35374 0.64626
0.38282 0.61718
0.51392 0.48608
0.39651 0.60349
0.59391 0.40609
0.91264 0.08736
0.82229 0.17771
0.82229 0.17771
0.74151 0.25849
0.31672 0.68328
0.32758 0.67242
0.52878 0.47122
0.99805 0.00195
0.42188 0.57812
0.30919 0.69081
0.84390 0.15610
0.47360 0.52640
0.99055 0.00945
0.79931 0.20069
0.86388 0.13612
0.99488 0.00512
0.84517 0.15483
0.34541 0.65459
0.66010 0.33990
0.37016 0.62984
0.95980 0.04020
0.99902 0.00098
0.95980 0.04020
0.99902 0.00098
0.99402 0.00598
0.44241 0.55759
0.82948 0.17052
0.86476 0.13524
0.87105 0.12895
0.64286 0.35714
0.67989 0.32011
0.68850 0.31150
0.61386 0.38614
0.65239 0.34761
0.66124 0.33876
0.77358 0.22642
0.40083 0.59917
0.99004 0.00996
0.50192 0.49808
0.79049 0.20951
0.48226 0.51774
0.46407 0.53593
0.48226 0.51774
0.46407 0.53593
0.40940 0.59060
0.40339 0.59661
0.40089 0.59911
0.90869 0.09131
0.72204 0.27796
0.46653 0.53347
0.90869 0.09131
0.72204 0.27796
0.46653 0.53347
0.73066 0.26934
0.45771 0.54229
0.41760 0.58240
0.60418 0.39582
0.41760 0.58240
0.60418 0.39582
0.98217 0.01783
0.67507 0.32493
0.37765 0.62235
0.38642 0.61358
0.37085 0.62915
0.35017 0.64983
0.81679 0.18321
0.89304 0.10696
0.41948 0.58052
0.57383 0.42617
0.87933 0.12067
0.82520 0.17480
0.43059 0.56941
0.65363 0.34637
0.93560 0.06440
0.33692 0.66308
0.33965 0.66035
0.94371 0.05629
0.98134 0.01866
0.77750 0.22250
0.87666 0.12334
0.40153 0.59847
0.87666 0.12334
0.87666 0.12334
0.36769 0.63231
0.89224 0.10776
0.94399 0.05601
0.89224 0.10776
0.89230 0.10770
0.74603 0.25397
0.44640 0.55360
0.72706 0.27294
0.61456 0.38544
0.36240 0.63760
0.59689 0.40311
0.83277 0.16723
0.75938 0.24062
0.37478 0.62522
0.73141 0.26859
0.67741 0.32259
0.73884 0.26116
0.91930 0.08070
0.97608 0.02392
0.78525 0.21475
0.81099 0.18901
0.49561 0.50439
0.80174 0.19826
0.49561 0.50439
0.80174 0.19826
0.99899 0.00101
0.40571 0.59429
0.86511 0.13489
0.51022 0.48978
0.51432 0.48568
0.88329 0.11671
0.99832 0.00168
0.71813 0.28187
0.99445 0.00555
0.79868 0.20132
0.42439 0.57561
0.38881 0.61119
0.47159 0.52841
0.96431 0.03569
0.51238 0.48762
0.91592 0.08408
0.69746 0.30254
0.39821 0.60179
0.54163 0.45837
0.33653 0.66347
0.89719 0.10281
0.90510 0.09490
0.35935 0.64065
0.92755 0.07245
0.95157 0.04843
0.92161 0.07839
0.46917 0.53083
0.54342 0.45658
0.75338 0.24662
0.34846 0.65154
0.49289 0.50711
0.99852 0.00148
0.94502 0.05499
0.99808 0.00192
0.93822 0.06178
0.40769 0.59231
0.88551 0.11449
0.95701 0.04299
0.47947 0.52053
0.99890 0.00110
0.99864 0.00136
0.99916 0.00084
0.99864 0.00136
0.99916 0.00084
0.99894 0.00106
0.68648 0.31352
0.48836 0.51164
0.86211 0.13789
0.47656 0.52344
0.84977 0.15023
0.46083 0.53917
0.79154 0.20846
0.41534 0.58466
0.73816 0.26184
0.86741 0.13259
0.89027 0.10973
0.42401 0.57599
0.88323 0.11677
0.99940 0.00060
0.46703 0.53297
0.76947 0.23053
0.80201 0.19799
0.76947 0.23053
0.78769 0.21231
0.42007 0.57993
0.34094 0.65906
0.37581 0.62419
0.42379 0.57621
0.97996 0.02004
0.34958 0.65042
0.34422 0.65578
0.46772 0.53228
0.44829 0.55171
0.71405 0.28595
0.52945 0.47055
0.95132 0.04868
0.54341 0.45659
0.52687 0.47313
0.52341 0.47659
0.35586 0.64415
0.40803 0.59197
0.40151 0.59849
0.36990 0.63010
0.42307 0.57693
0.40647 0.59353
0.71100 0.28900
0.42132 0.57868
0.94119 0.05881
0.99814 0.00186
0.94078 0.05922
0.88345 0.11655
0.86070 0.13930
0.44531 0.55469
0.37757 0.62243
0.39216 0.60784
0.49700 0.50300
0.32627 0.67373
0.48548 0.51452
0.50572 0.49428
0.32804 0.67196
0.91777 0.08223
0.83444 0.16556
0.97583 0.02417
0.34308 0.65692
0.85708 0.14292
0.28886 0.71114
0.37301 0.62699
0.37840 0.62160
0.37301 0.62699
0.37840 0.62160
0.52021 0.47979
0.52021 0.47979
0.94778 0.05222
0.99712 0.00288
0.91816 0.08184
0.52021 0.47979
0.52021 0.47979
0.52021 0.47979
0.94778 0.05222
0.99712 0.00288
0.91816 0.08184
0.52021 0.47979
0.45606 0.54394
0.95563 0.04437
0.97687 0.02313
0.45606 0.54394
0.45606 0.54394
0.95563 0.04437
0.97687 0.02313
0.45606 0.54394
0.89124 0.10876
0.47377 0.52623
0.48869 0.51131
0.90085 0.09915
0.87296 0.12704
0.37876 0.62124
0.37817 0.62183
0.39541 0.60459
0.48884 0.51116
0.84505 0.15495
0.86594 0.13406
0.80229 0.19771
0.46308 0.53692
0.46385 0.53615
0.45634 0.54366
0.94207 0.05793
0.45634 0.54366
0.46333 0.53667
0.94207 0.05793
0.44758 0.55242
0.44758 0.55242
0.83405 0.16595
0.43086 0.56914
0.67915 0.32085
0.76955 0.23045
0.60279 0.39721
0.60669 0.39331
0.81553 0.18447
0.29414 0.70586
0.39119 0.60882
0.54932 0.45068
0.36895 0.63105
0.33326 0.66674
0.77886 0.22114
0.77307 0.22693
0.96126 0.03874
0.95478 0.04522
0.89570 0.10430
0.99027 0.00973
0.98989 0.01011
0.98890 0.01110
0.92554 0.07446
0.89683 0.10317
0.44953 0.55047
0.43672 0.56328
0.89455 0.10545
0.89455 0.10545
0.87922 0.12078
0.87922 0.12078
0.77998 0.22002
0.74672 0.25328
0.75931 0.24069
0.46526 0.53474
0.45040 0.54960
0.74494 0.25506
0.74897 0.25103
0.59455 0.40545
0.61407 0.38593
0.60918 0.39082
0.30614 0.69385
0.49511 0.50489
0.35051 0.64949
0.99134 0.00866
0.46584 0.53416
0.34597 0.65403
0.35201 0.64799
0.36901 0.63099
0.42738 0.57262
0.35062 0.64938
0.80054 0.19946
0.67566 0.32434
0.67319 0.32681
0.36539 0.63461
0.39233 0.60767
0.44928 0.55072
0.40890 0.59110
0.95956 0.04044
0.98565 0.01435
0.56951 0.43049
0.88680 0.11320
0.40189 0.59811
0.71600 0.28400
0.85849 0.14151
0.44740 0.55260
0.50730 0.49270
0.95096 0.04904
0.90983 0.09017
0.48303 0.51697
0.96025 0.03975
0.33956 0.66044
0.39075 0.60925
0.76992 0.23008
0.99972 0.00028
0.99988 0.00012
0.96201 0.03799
0.97903 0.02097
0.99004 0.00996
0.73612 0.26388
0.35445 0.64555
0.45412 0.54588
0.38057 0.61943
0.95119 0.04881
0.36172 0.63828
0.89377 0.10623
0.91475 0.08525
0.33340 0.66660
0.33252 0.66748
0.85533 0.14467
0.87802 0.12198
0.95908 0.04092
0.67321 0.32679
0.77182 0.22818
0.40597 0.59403
0.37977 0.62023
0.95947 0.04053
0.46417 0.53583
0.74387 0.25613
0.36938 0.63062
0.34318 0.65682
0.92846 0.07154
0.42707 0.57293
0.43546 0.56454
0.52994 0.47006
0.35728 0.64272
0.35536 0.64464
0.44711 0.55289
0.51770 0.48230
0.93590 0.06410
0.87642 0.12358
0.92385 0.07615
0.94728 0.05272
0.92639 0.07361
