0.73009 0.26991
0.65999 0.34001
0.92863 0.07137
0.44366 0.55634
0.46806 0.53194
0.81541 0.18459
0.31167 0.68833
0.33115 0.66885
0.85283 0.14717
0.18067 0.81933
0.15779 0.84221
0.51454 0.48546
0.40662 0.59338
0.67249 0.32751
0.20710 0.79290
0.33581 0.66419
0.72315 0.27685
0.49141 0.50859
0.43157 0.56843
0.68047 0.31953
0.73082 0.26918
0.70935 0.29065
0.21159 0.78841
0.10922 0.89078
0.32643 0.67357
0.47943 0.52057
0.98059 0.01941
0.84533 0.15467
0.97104 0.02896
0.34616 0.65384
0.81009 0.18991
0.42415 0.57585
0.55006 0.44994
0.59315 0.40685
0.99717 0.00283
0.99717 0.00283
0.99717 0.00283
0.87053 0.12947
0.99838 0.00162
0.99783 0.00217
0.99783 0.00217
0.99783 0.00217
0.87053 0.12947
0.99838 0.00162
0.99783 0.00217
0.99783 0.00217
0.99783 0.00217
0.95567 0.04433
0.96711 0.03289
0.95567 0.04433
0.97674 0.02326
0.99802 0.00198
0.97674 0.02326
0.99802 0.00198
0.91614 0.08386
0.63170 0.36830
0.44987 0.55013
0.15623 0.84377
0.80226 0.19774
0.93460 0.06540
0.40506 0.59494
0.51434 0.48566
0.25944 0.74056
0.75650 0.24350
0.38965 0.61035
0.38965 0.61035
0.97064 0.02936
0.99878 0.00122
0.66302 0.33698
0.28068 0.71932
0.28068 0.71932
0.22484 0.77516
0.49210 0.50790
0.78763 0.21237
0.27777 0.72223
0.51529 0.48471
0.82173 0.17827
0.34255 0.65745
0.76608 0.23392
0.42754 0.57246
0.69328 0.30672
0.30747 0.69253
0.60377 0.39623
0.35662 0.64338
0.37939 0.62061
0.35662 0.64338
0.31910 0.68090
0.30863 0.69137
0.25682 0.74318
0.34505 0.65495
0.26046 0.73954
0.46837 0.53163
0.28645 0.71355
0.46837 0.53163
0.28645 0.71355
0.60441 0.39559
0.41414 0.58586
0.78831 0.21169
0.46491 0.53509
0.46003 0.53997
0.64769 0.35231
0.22366 0.77634
0.20022 0.79978
0.22876 0.77124
0.21937 0.78063
0.26459 0.73541
0.37509 0.62491
0.49967 0.50033
0.50061 0.49939
0.49570 0.50430
0.54487 0.45513
0.21341 0.78659
0.98231 0.01769
0.30182 0.69818
0.99953 0.00047
0.99957 0.00043
0.84324 0.15676
0.85121 0.14879
0.49306 0.50694
0.99955 0.00045
0.99981 0.00019
0.99981 0.00019
0.20661 0.79339
0.99675 0.00325
0.99519 0.00481
0.23763 0.76237
0.36218 0.63782
0.26483 0.73517
0.36472 0.63528
0.23976 0.76024
0.22787 0.77213
0.28169 0.71831
0.27949 0.72051
0.27949 0.72051
0.28790 0.71210
0.28790 0.71210
0.30587 0.69413
0.44002 0.55998
0.37760 0.62240
0.37760 0.62240
0.18469 0.81531
0.35760 0.64240
0.35913 0.64087
0.42429 0.57571
0.24586 0.75414
0.47117 0.52883
0.46581 0.53419
0.32684 0.67316
0.38430 0.61570
0.38120 0.61880
0.40378 0.59622
0.23883 0.76117
0.33927 0.66073
0.39328 0.60672
0.83754 0.16246
0.88025 0.11975
0.51429 0.48571
0.34235 0.65765
0.30489 0.69511
0.35380 0.64620
0.35643 0.64357
0.35380 0.64620
0.35643 0.64357
0.68454 0.31546
0.77114 0.22886
0.66164 0.33836
0.27922 0.72078
0.44697 0.55303
0.93088 0.06912
0.44280 0.55720
0.44609 0.55391
0.93088 0.06912
0.93088 0.06912
0.93088 0.06912
0.37989 0.62011
0.81257 0.18743
0.35459 0.64541
0.32189 0.67811
0.79813 0.20187
0.72356 0.27644
0.99433 0.00567
0.47652 0.52348
0.90574 0.09426
0.20057 0.79943
0.95802 0.04198
0.31306 0.68694
0.97918 0.02082
0.94686 0.05314
0.52723 0.47277
0.81595 0.18405
0.84013 0.15987
0.24052 0.75948
0.38242 0.61758
0.68316 0.31684
0.88159 0.11841
0.30076 0.69924
0.99115 0.00885
0.18457 0.81543
0.28766 0.71234
0.66688 0.33312
0.58570 0.41430
0.41546 0.58454
0.37933 0.62067
0.95427 0.04573
0.95427 0.04573
0.97946 0.02054
0.97946 0.02054
0.58509 0.41491
0.58509 0.41491
0.44460 0.55540
0.91808 0.08192
0.96767 0.03233
0.92190 0.07810
0.63952 0.36048
0.52633 0.47367
0.38282 0.61718
0.93541 0.06459
0.98228 0.01772
0.98228 0.01772
0.50248 0.49752
0.50248 0.49752
0.60852 0.39148
0.47250 0.52750
0.21465 0.78535
0.40491 0.59509
0.37609 0.62391
0.32893 0.67107
0.36607 0.63393
0.34270 0.65730
0.42626 0.57374
0.41670 0.58330
0.37162 0.62838
0.88513 0.11487
0.99657 0.00343
0.99704 0.00296
0.99573 0.00427
0.82744 0.17256
0.74949 0.25051
0.53957 0.46043
0.35833 0.64167
0.53957 0.46043
0.53957 0.46043
0.35833 0.64167
0.53957 0.46043
0.65544 0.34456
0.55244 0.44756
0.74801 0.25199
0.29437 0.70563
0.29437 0.70563
0.59110 0.40890
0.64078 0.35922
0.84878 0.15122
0.96719 0.03281
0.60704 0.39296
0.50686 0.49314
0.91985 0.08015
0.24021 0.75979
0.86737 0.13263
0.40896 0.59104
0.93366 0.06634
0.48463 0.51537
0.64131 0.35869
0.91695 0.08305
0.78740 0.21260
0.62770 0.37230
0.73850 0.26150
0.29190 0.70810
0.81415 0.18585
0.17041 0.82959
0.18305 0.81695
0.22662 0.77338
0.35646 0.64354
0.98083 0.01917
0.33104 0.66896
0.96318 0.03682
0.53946 0.46054
0.54151 0.45849
0.95881 0.04119
0.51838 0.48162
0.52109 0.47891
0.84067 0.15933
0.90846 0.09154
0.90471 0.09529
0.99898 0.00102
0.99889 0.00111
0.99824 0.00176
0.99813 0.00187
0.99886 0.00114
0.99876 0.00124
0.82454 0.17546
0.97039 0.02961
0.88784 0.11216
0.24006 0.75994
0.24526 0.75474
0.93164 0.06836
0.92422 0.07578
0.29156 0.70844
0.38474 0.61526
0.89550 0.10450
0.38474 0.61526
0.89550 0.10450
0.40025 0.59975
0.77087 0.22913
0.99662 0.00338
0.25352 0.74648
0.36027 0.63973
0.36818 0.63182
0.34887 0.65113
0.86224 0.13776
0.81491 0.18509
0.46735 0.53265
0.86629 0.13371
0.83438 0.16562
0.77472 0.22528
0.97472 0.02528
0.91265 0.08735
0.86223 0.13777
0.99476 0.00524
0.88683 0.11317
0.68695 0.31305
0.86070 0.13930
0.99877 0.00123
0.91905 0.08095
0.88493 0.11507
0.81123 0.18877
0.91250 0.08750
0.83684 0.16316
0.45162 0.54838
0.81123 0.18877
0.91250 0.08750
0.83684 0.16316
0.45162 0.54838
0.91709 0.08291
0.90062 0.09938
0.98009 0.01991
0.94868 0.05132
0.98662 0.01338
0.99682 0.00318
0.59523 0.40477
0.56815 0.43185
0.61448 0.38552
0.81422 0.18578
0.81422 0.18578
0.81275 0.18725
0.96568 0.03432
0.95880 0.04120
0.91549 0.08451
0.90302 0.09698
0.84583 0.15417
0.43238 0.56762
0.63840 0.36160
0.61083 0.38917
0.63840 0.36160
0.61083 0.38917
0.60615 0.39385
0.91071 0.08929
0.60615 0.39385
0.91071 0.08929
0.61173 0.38827
0.37897 0.62103
0.89553 0.10447
0.49505 0.50495
0.84257 0.15743
0.40127 0.59873
0.35062 0.64938
0.75361 0.24639
0.57738 0.42262
0.48158 0.51842
0.45573 0.54427
0.43681 0.56319
0.42970 0.57030
0.44051 0.55949
0.43024 0.56976
0.81402 0.18598
0.81402 0.18598
0.57181 0.42819
0.57181 0.42819
0.35690 0.64310
0.35690 0.64310
0.34283 0.65717
0.96058 0.03942
0.34444 0.65556
0.96428 0.03572
0.68614 0.31386
0.68614 0.31386
0.68614 0.31386
0.93602 0.06398
0.93602 0.06398
0.93602 0.06398
0.68614 0.31386
0.68614 0.31386
0.68614 0.31386
0.68614 0.31386
0.68614 0.31386
0.68614 0.31386
0.32808 0.67192
0.66845 0.33155
0.70383 0.29617
0.34739 0.65261
0.99076 0.00924
0.38242 0.61758
0.84611 0.15389
0.35522 0.64478
0.30122 0.69878
0.96943 0.03057
0.97601 0.02399
0.97601 0.02399
0.49585 0.50415
0.49585 0.50415
0.70674 0.29326
0.34597 0.65403
0.83042 0.16958
0.36216 0.63784
0.84792 0.15208
0.61001 0.38999
0.61001 0.38999
0.62669 0.37331
0.59360 0.40640
0.60310 0.39690
0.97939 0.02061
0.42251 0.57749
0.43418 0.56582
0.87318 0.12682
0.88320 0.11680
0.99626 0.00374
0.65719 0.34281
0.68990 0.31010
0.99648 0.00352
0.66847 0.33153
0.70060 0.29941
0.44680 0.55320
0.67087 0.32913
0.37993 0.62007
0.45416 0.54584
0.37168 0.62832
0.38576 0.61424
0.90480 0.09520
0.82540 0.17460
0.96930 0.03070
0.92021 0.07979
0.99003 0.00997
0.94292 0.05708
0.94997 0.05003
0.27623 0.72377
0.26360 0.73640
0.34277 0.65723
0.33353 0.66647
0.87719 0.12281
0.99947 0.00053
0.97843 0.02157
0.99924 0.00076
0.33133 0.66867
0.33757 0.66243
0.31943 0.68057
0.32587 0.67413
0.32132 0.67868
0.69151 0.30849
0.38137 0.61863
0.39882 0.60118
0.34959 0.65041
0.34959 0.65041
0.61028 0.38972
0.59706 0.40294
0.62792 0.37208
0.58042 0.41958
0.61697 0.38303
0.60333 0.39667
0.63440 0.36560
0.58667 0.41333
0.95693 0.04307
0.94998 0.05002
0.94655 0.05345
0.95207 0.04793
0.94948 0.05052
0.94986 0.05014
0.94998 0.05002
0.94655 0.05345
0.95207 0.04793
0.94948 0.05052
0.94986 0.05014
0.91373 0.08627
0.89894 0.10106
0.92625 0.07375
0.91718 0.08282
0.39074 0.60926
0.99980 0.00020
0.99981 0.00019
0.92212 0.07788
0.98475 0.01525
0.73655 0.26345
0.99941 0.00059
0.90575 0.09425
0.98807 0.01193
0.91278 0.08722
0.69297 0.30703
0.69297 0.30703
0.69297 0.30703
0.79023 0.20977
0.77500 0.22500
0.94502 0.05498
0.78257 0.21743
0.77786 0.22214
0.98862 0.01138
0.79034 0.20966
0.77736 0.22264
0.19848 0.80152
0.82600 0.17400
0.98588 0.01412
0.84204 0.15796
0.74407 0.25593
0.28483 0.71517
0.84816 0.15184
0.93146 0.06854
0.35934 0.64066
0.28127 0.71873
0.32514 0.67486
0.27856 0.72144
0.16307 0.83693
0.47460 0.52540
0.87132 0.12868
0.82685 0.17315
0.99117 0.00883
0.92602 0.07398
0.92602 0.07398
0.30706 0.69294
0.64287 0.35713
0.99653 0.00347
0.88708 0.11292
0.65918 0.34082
0.95486 0.04514
0.95486 0.04514
0.95907 0.04093
0.94700 0.05300
0.89003 0.10997
0.93909 0.06091
0.29194 0.70806
0.96225 0.03775
0.35927 0.64073
0.94193 0.05807
0.99605 0.00395
0.95435 0.04565
0.81265 0.18735
0.94000 0.06000
0.29257 0.70743
0.93909 0.06091
0.29194 0.70806
0.96225 0.03775
0.35927 0.64073
0.95961 0.04039
0.99752 0.00248
0.98930 0.01070
0.46458 0.53542
0.53237 0.46763
0.54964 0.45036
0.99084 0.00916
0.59740 0.40260
0.99235 0.00765
0.61626 0.38374
0.99313 0.00687
0.55733 0.44267
0.99053 0.00947
0.36619 0.63381
0.36619 0.63381
0.36619 0.63381
0.36619 0.63381
0.98853 0.01147
0.52094 0.47906
0.21351 0.78649
0.71536 0.28464
0.46703 0.53297
0.46630 0.53370
0.98534 0.01466
0.48436 0.51564
0.99897 0.00103
0.27143 0.72857
0.36412 0.63588
0.34094 0.65906
0.71660 0.28340
0.43104 0.56896
0.45248 0.54752
0.43073 0.56927
0.43612 0.56388
0.41822 0.58178
0.41894 0.58106
0.38100 0.61900
0.44552 0.55448
0.44689 0.55311
0.44552 0.55448
0.44689 0.55311
0.99810 0.00190
0.98677 0.01323
0.96183 0.03817
0.96804 0.03196
0.99859 0.00141
0.99859 0.00141
0.90222 0.09778
0.91095 0.08905
0.85638 0.14362
0.85638 0.14362
0.87628 0.12372
0.88684 0.11316
0.87049 0.12951
0.87049 0.12951
0.88867 0.11133
0.99884 0.00116
0.99826 0.00174
0.99826 0.00174
0.88465 0.11535
0.89462 0.10538
0.99973 0.00027
0.99844 0.00156
0.72675 0.27325
0.72675 0.27325
0.98792 0.01208
0.82735 0.17265
0.84208 0.15792
0.97258 0.02742
0.96786 0.03214
0.45582 0.54418
0.88596 0.11404
0.50564 0.49436
0.98199 0.01801
0.38654 0.61346
0.78630 0.21370
0.81466 0.18534
0.36152 0.63848
0.48985 0.51015
0.48985 0.51015
0.77304 0.22696
0.77304 0.22696
0.99538 0.00462
0.99538 0.00462
0.79269 0.20731
0.79269 0.20731
0.79201 0.20799
0.97829 0.02171
0.76299 0.23701
0.31416 0.68584
0.75134 0.24866
0.61853 0.38147
0.79985 0.20015
0.34244 0.65756
0.75134 0.24866
0.61853 0.38147
0.78746 0.21254
0.33457 0.66543
0.75134 0.24866
0.61853 0.38147
0.56914 0.43086
0.99278 0.00722
0.29460 0.70540
0.29460 0.70540
0.28378 0.71622
0.28378 0.71622
0.79516 0.20484
0.79516 0.20484
0.59607 0.40393
0.76975 0.23025
0.75598 0.24402
0.70484 0.29516
0.70484 0.29516
0.38667 0.61333
0.43497 0.56503
0.70389 0.29611
0.80525 0.19475
0.62806 0.37194
0.91091 0.08909
0.96132 0.03868
0.94362 0.05638
0.73128 0.26872
0.66720 0.33280
0.84627 0.15373
0.49621 0.50379
0.70026 0.29974
0.95049 0.04951
0.27094 0.72906
0.53846 0.46154
0.27371 0.72629
0.99353 0.00647
0.23992 0.76008
0.25911 0.74089
0.58820 0.41180
0.39379 0.60621
0.93683 0.06317
0.80414 0.19586
0.47923 0.52077
0.94243 0.05757
0.70847 0.29153
0.68868 0.31132
0.81629 0.18371
0.97737 0.02263
0.97037 0.02963
0.82682 0.17318
0.94564 0.05436
0.97037 0.02963
0.96886 0.03114
0.97037 0.02963
0.71973 0.28027
0.94850 0.05150
0.78387 0.21613
0.94799 0.05201
0.65356 0.34644
0.85388 0.14612
0.96218 0.03782
0.97264 0.02736
0.75773 0.24227
0.66690 0.33310
0.92811 0.07189
0.95811 0.04189
0.98083 0.01917
0.49438 0.50562
0.71146 0.28854
0.62360 0.37640
0.98290 0.01710
0.48055 0.51945
0.21580 0.78420
0.20327 0.79673
0.31209 0.68791
0.24415 0.75585
0.52809 0.47191
0.68679 0.31321
0.47535 0.52465
0.68679 0.31321
0.63987 0.36013
0.26285 0.73715
0.57370 0.42630
0.30613 0.69387
0.60812 0.39188
0.28039 0.71961
0.28275 0.71725
0.60470 0.39530
0.63235 0.36765
0.74671 0.25329
0.19679 0.80321
0.28841 0.71159
0.39943 0.60057
0.81604 0.18396
0.85610 0.14390
0.44068 0.55932
0.50233 0.49767
0.53473 0.46527
0.52797 0.47203
0.93911 0.06089
0.97638 0.02362
0.56704 0.43296
0.66789 0.33211
0.86594 0.13406
0.99949 0.00051
0.89503 0.10497
0.99839 0.00161
0.99839 0.00161
0.98914 0.01086
0.96128 0.03872
0.96128 0.03872
0.99808 0.00192
0.99808 0.00192
0.99807 0.00193
0.99807 0.00193
0.99865 0.00135
0.99865 0.00135
0.99788 0.00212
0.99788 0.00212
0.99888 0.00112
0.34433 0.65567
0.99897 0.00103
0.97251 0.02749
0.16575 0.83425
0.24585 0.75415
0.27549 0.72451
0.27892 0.72108
0.28060 0.71940
0.18452 0.81548
0.19363 0.80637
0.29581 0.70419
0.89726 0.10274
0.46950 0.53050
0.24954 0.75046
0.77279 0.22721
0.26759 0.73241
0.29358 0.70642
0.85045 0.14955
0.99839 0.00161
0.97212 0.02788
0.99825 0.00175
0.57729 0.42271
0.96965 0.03035
0.92611 0.07389
0.99788 0.00212
0.99757 0.00243
0.99757 0.00243
0.99757 0.00243
0.85712 0.14288
0.86880 0.13120
0.99757 0.00243
0.79295 0.20705
0.98164 0.01836
0.81321 0.18679
0.44741 0.55259
0.66820 0.33180
0.63603 0.36397
0.35285 0.64715
0.61147 0.38853
0.53943 0.46057
0.21067 0.78933
0.84768 0.15232
0.29849 0.70151
0.64050 0.35950
0.29080 0.70920
0.74661 0.25339
0.43893 0.56107
0.55735 0.44265
0.81633 0.18367
0.50177 0.49823
0.44376 0.55624
0.56218 0.43782
0.82094 0.17906
0.33401 0.66599
0.64825 0.35175
0.65557 0.34443
0.99639 0.00361
0.92984 0.07016
0.99884 0.00116
0.34141 0.65859
0.71684 0.28316
0.28815 0.71185
0.78989 0.21011
0.99626 0.00374
0.38495 0.61505
0.14572 0.85428
0.22537 0.77463
0.42206 0.57794
0.96962 0.03038
0.23049 0.76951
0.76020 0.23980
0.27086 0.72914
0.26859 0.73141
0.93858 0.06142
0.46177 0.53823
0.94976 0.05024
0.31881 0.68119
0.97636 0.02364
0.62287 0.37713
0.72331 0.27669
0.16877 0.83123
0.22638 0.77362
0.31222 0.68778
0.59160 0.40840
0.47325 0.52675
0.41278 0.58722
0.42998 0.57002
0.75597 0.24403
0.43502 0.56498
0.69116 0.30884
0.43176 0.56824
0.71679 0.28321
0.29920 0.70080
0.71679 0.28321
0.46365 0.53635
0.89781 0.10219
0.98608 0.01392
0.98608 0.01392
0.51632 0.48368
0.84769 0.15231
0.20171 0.79829
0.19452 0.80548
0.51718 0.48282
0.43541 0.56459
0.99992 0.00008
0.42593 0.57407
0.29688 0.70312
0.29089 0.70911
0.40418 0.59582
0.39607 0.60393
0.36040 0.63960
0.34960 0.65040
0.82789 0.17211
0.77555 0.22445
0.78181 0.21819
0.91153 0.08847
0.89348 0.10652
0.80064 0.19936
0.79806 0.20194
0.80064 0.19936
0.79806 0.20194
0.41141 0.58859
0.43410 0.56590
0.89683 0.10317
0.19487 0.80513
0.20083 0.79917
0.29145 0.70855
0.29145 0.70855
0.84198 0.15802
0.83706 0.16294
0.83706 0.16294
0.83753 0.16247
0.83252 0.16748
0.83252 0.16748
0.21122 0.78878
0.20744 0.79256
0.19548 0.80452
0.19457 0.80543
0.37283 0.62717
0.71631 0.28369
0.80649 0.19351
0.45989 0.54011
0.45989 0.54011
0.47458 0.52542
0.79664 0.20336
0.81121 0.18879
0.81121 0.18879
0.93607 0.06393
0.79664 0.20336
0.55243 0.44757
0.48342 0.51658
0.54660 0.45340
0.99382 0.00618
0.93926 0.06074
0.99954 0.00046
0.96713 0.03287
0.84035 0.15965
0.96146 0.03854
0.83987 0.16013
0.30473 0.69527
0.74861 0.25139
0.47873 0.52127
0.88086 0.11914
0.29578 0.70422
0.27936 0.72064
0.32199 0.67801
0.37988 0.62012
0.85108 0.14892
0.93914 0.06086
0.39148 0.60852
0.58047 0.41953
0.55137 0.44863
0.47257 0.52743
0.58047 0.41953
0.55137 0.44863
0.47257 0.52743
0.97094 0.02906
0.96406 0.03594
0.80083 0.19917
0.51843 0.48157
0.27146 0.72854
0.33970 0.66030
0.33970 0.66030
0.40584 0.59416
0.40584 0.59416
0.33970 0.66030
0.33970 0.66030
0.70818 0.29182
0.85659 0.14341
0.93552 0.06448
0.72499 0.27501
0.25572 0.74428
0.69555 0.30445
0.86506 0.13494
0.91893 0.08107
0.80884 0.19116
0.57930 0.42070
0.89475 0.10525
0.80311 0.19689
0.88130 0.11870
0.74317 0.25683
0.50920 0.49080
0.74776 0.25224
0.66737 0.33263
0.36659 0.63341
0.79207 0.20793
0.95220 0.04780
0.31544 0.68456
0.34868 0.65132
0.34937 0.65063
0.34937 0.65063
0.34937 0.65063
0.32965 0.67035
0.33355 0.66645
0.33355 0.66645
0.50808 0.49192
0.69160 0.30840
0.87416 0.12584
0.76569 0.23431
0.63732 0.36268
0.79199 0.20801
0.36217 0.63783
0.37933 0.62067
0.40086 0.59914
0.98054 0.01946
0.20074 0.79926
0.20927 0.79073
0.25060 0.74940
0.26468 0.73532
0.28382 0.71618
0.30789 0.69211
0.27574 0.72426
0.21279 0.78721
0.38762 0.61238
0.55496 0.44504
0.98738 0.01262
0.55496 0.44504
0.55496 0.44504
0.54908 0.45092
0.39877 0.60123
0.42459 0.57541
0.42459 0.57541
0.23678 0.76322
0.63300 0.36700
0.75160 0.24840
0.99766 0.00234
0.38901 0.61099
0.68399 0.31601
0.78483 0.21517
0.76020 0.23980
0.97935 0.02065
0.99778 0.00222
0.88732 0.11268
0.32411 0.67589
0.94870 0.05130
0.34756 0.65244
0.40558 0.59442
0.84603 0.15397
0.81537 0.18463
0.95775 0.04225
0.87750 0.12250
0.99705 0.00295
0.99705 0.00295
0.30103 0.69897
0.30103 0.69897
0.82662 0.17338
0.82136 0.17864
0.78918 0.21082
0.78918 0.21082
0.86400 0.13600
0.78253 0.21747
0.39438 0.60562
0.85084 0.14916
0.75604 0.24396
0.73434 0.26566
0.73434 0.26566
0.92339 0.07661
0.85276 0.14724
0.85276 0.14724
0.92339 0.07661
0.92339 0.07661
0.85276 0.14724
0.54493 0.45507
0.76215 0.23785
0.78910 0.21090
0.84136 0.15864
0.83157 0.16843
0.33788 0.66212
0.26514 0.73486
0.99955 0.00045
0.26514 0.73486
0.99955 0.00045
0.99919 0.00081
0.99919 0.00081
0.97016 0.02984
0.98937 0.01063
0.99996 0.00004
0.38183 0.61817
0.99959 0.00041
0.13168 0.86832
0.39047 0.60953
0.34468 0.65532
0.39146 0.60854
0.30647 0.69353
0.30647 0.69353
0.30876 0.69124
0.30876 0.69124
0.31304 0.68696
0.31304 0.68696
0.34253 0.65747
0.38322 0.61678
0.35743 0.64257
0.53534 0.46466
0.53427 0.46573
0.53534 0.46466
0.53427 0.46573
0.21478 0.78522
0.56849 0.43151
0.96934 0.03066
0.22376 0.77624
0.51864 0.48136
0.49304 0.50696
0.91391 0.08609
0.29371 0.70629
0.79048 0.20952
0.43932 0.56068
0.85470 0.14530
0.87451 0.12549
0.50384 0.49616
0.51099 0.48901
0.53118 0.46882
0.53003 0.46997
0.55012 0.44988
0.99832 0.00168
0.49707 0.50293
0.87451 0.12549
0.50384 0.49616
0.21037 0.78963
0.67000 0.33000
0.72815 0.27185
0.21857 0.78143
0.21857 0.78143
0.36799 0.63201
0.36799 0.63201
0.40299 0.59701
0.40299 0.59701
0.21516 0.78484
0.41647 0.58353
0.65750 0.34250
0.24127 0.75873
0.49584 0.50416
0.49921 0.50079
0.32667 0.67333
0.98261 0.01739
0.39584 0.60416
0.99504 0.00496
0.33846 0.66154
0.99921 0.00079
0.99911 0.00089
0.98538 0.01462
0.99977 0.00023
0.99998 0.00002
0.88941 0.11059
0.92250 0.07750
0.75291 0.24709
0.52572 0.47428
0.25098 0.74902
0.25301 0.74699
0.97899 0.02101
0.45568 0.54432
0.47346 0.52654
0.45700 0.54300
0.46094 0.53906
0.47917 0.52083
0.46256 0.53744
0.87093 0.12907
0.92139 0.07861
0.95105 0.04895
0.83442 0.16558
0.90671 0.09329
0.89093 0.10907
0.89339 0.10661
0.89339 0.10661
0.89231 0.10769
0.89339 0.10661
0.87424 0.12576
0.87274 0.12726
0.93431 0.06569
0.93457 0.06543
0.99958 0.00042
0.60419 0.39581
0.60136 0.39864
0.60661 0.39339
0.99405 0.00595
0.60424 0.39576
0.99405 0.00595
0.63938 0.36062
0.63179 0.36821
0.62922 0.37078
0.85474 0.14526
0.99959 0.00041
0.99959 0.00041
0.36193 0.63807
0.36193 0.63807
0.83410 0.16590
0.83410 0.16590
0.84538 0.15462
0.84538 0.15462
0.38564 0.61436
0.38564 0.61436
0.98461 0.01539
0.98461 0.01539
0.35675 0.64325
0.35675 0.64325
0.76825 0.23175
0.76825 0.23175
0.74703 0.25297
0.74703 0.25297
0.38750 0.61250
0.38750 0.61250
0.86746 0.13254
0.87312 0.12688
0.99540 0.00461
0.99540 0.00461
0.53662 0.46338
0.52554 0.47446
0.52623 0.47376
0.52623 0.47376
0.95482 0.04518
0.58487 0.41513
0.60132 0.39868
0.99964 0.00036
0.98696 0.01304
0.92979 0.07021
0.95717 0.04283
0.98834 0.01166
0.99317 0.00683
0.46663 0.53337
0.43246 0.56754
0.47762 0.52238
0.99732 0.00268
0.96480 0.03520
0.97824 0.02176
0.89200 0.10800
0.31720 0.68280
0.99886 0.00114
0.33152 0.66848
0.91605 0.08395
0.99631 0.00369
0.94686 0.05314
0.99969 0.00031
0.99918 0.00082
0.99970 0.00030
0.99981 0.00019
0.99968 0.00032
0.49274 0.50726
0.53887 0.46113
0.48503 0.51497
0.50314 0.49686
0.54908 0.45092
0.49532 0.50468
0.99970 0.00030
0.99981 0.00019
0.99968 0.00032
0.58837 0.41163
0.59093 0.40907
0.59763 0.40237
0.60309 0.39691
0.41946 0.58054
0.72618 0.27382
0.73524 0.26476
0.63070 0.36930
0.46250 0.53750
0.44183 0.55817
0.44485 0.55515
0.96536 0.03464
0.96880 0.03120
0.99664 0.00336
0.72890 0.27110
0.98889 0.01111
0.39116 0.60884
0.70082 0.29918
0.54961 0.45039
0.31836 0.68164
0.14090 0.85910
0.90117 0.09883
0.44917 0.55083
0.91721 0.08279
0.47678 0.52322
0.91789 0.08211
0.92379 0.07621
0.90204 0.09796
0.90718 0.09282
0.89852 0.10148
0.44454 0.55546
0.42274 0.57726
0.95940 0.04060
0.85355 0.14645
0.81311 0.18689
0.70234 0.29766
0.72970 0.27030
0.85123 0.14877
0.81418 0.18582
0.31701 0.68299
0.73418 0.26582
0.97164 0.02836
0.95591 0.04409
0.88710 0.11290
0.83957 0.16043
0.60585 0.39415
0.60585 0.39415
0.53461 0.46539
0.53461 0.46539
0.59225 0.40775
0.60879 0.39121
0.98165 0.01835
0.98118 0.01882
0.99783 0.00217
0.97861 0.02139
0.52381 0.47619
0.51188 0.48812
0.92429 0.07571
0.92612 0.07388
0.93231 0.06769
0.80750 0.19250
0.35119 0.64881
0.90767 0.09233
0.92328 0.07672
0.90215 0.09785
0.46010 0.53990
0.71890 0.28110
0.99526 0.00474
0.23555 0.76445
0.57804 0.42196
0.94096 0.05904
0.94251 0.05749
0.99656 0.00344
0.28335 0.71665
0.80805 0.19195
0.29758 0.70242
0.85185 0.14815
0.79252 0.20748
0.38780 0.61220
0.45230 0.54770
0.70656 0.29344
0.98421 0.01579
0.69938 0.30062
0.87473 0.12527
0.11010 0.88990
0.83606 0.16394
0.40873 0.59127
0.38968 0.61032
0.40873 0.59127
0.38968 0.61032
0.36999 0.63001
0.37375 0.62625
0.99605 0.00395
0.39562 0.60438
0.39875 0.60125
0.83771 0.16229
0.28199 0.71801
0.87016 0.12984
0.54105 0.45895
0.86111 0.13889
0.24195 0.75805
0.58027 0.41973
0.40684 0.59316
0.40684 0.59316
0.58027 0.41973
0.40684 0.59316
0.34943 0.65057
0.33367 0.66633
0.48412 0.51588
0.84829 0.15171
0.88238 0.11762
0.60533 0.39467
0.85885 0.14115
0.80634 0.19366
0.56367 0.43633
0.82485 0.17515
0.71964 0.28036
0.48956 0.51044
0.49725 0.50275
0.30142 0.69858
0.31649 0.68351
0.56410 0.43590
0.54384 0.45616
0.24481 0.75519
0.24237 0.75763
0.82960 0.17040
0.47116 0.52884
0.87908 0.12092
0.93270 0.06730
0.92216 0.07784
0.57149 0.42851
0.59598 0.40402
0.29959 0.70041
0.64123 0.35877
0.35162 0.64838
0.61113 0.38887
0.60674 0.39326
0.60674 0.39326
0.63451 0.36549
0.63451 0.36549
0.61379 0.38621
0.61379 0.38621
0.70515 0.29485
0.68550 0.31450
0.70515 0.29485
0.69095 0.30905
0.68550 0.31450
0.45412 0.54588
0.45412 0.54588
0.51175 0.48825
0.53229 0.46771
0.56743 0.43257
0.53997 0.46003
0.94629 0.05371
0.93739 0.06261
0.44448 0.55552
0.42424 0.57576
0.83349 0.16651
0.99924 0.00076
0.37459 0.62541
0.32000 0.68000
0.95846 0.04154
0.90801 0.09199
0.42093 0.57907
0.90688 0.09312
0.42093 0.57907
0.90688 0.09312
0.99974 0.00026
0.31071 0.68929
0.29934 0.70066
0.26679 0.73321
0.47400 0.52600
0.45806 0.54194
0.99977 0.00023
0.98521 0.01479
0.85466 0.14534
0.47052 0.52948
0.35538 0.64462
0.39142 0.60858
0.36190 0.63810
0.65808 0.34192
0.35131 0.64869
0.94489 0.05511
0.96451 0.03549
0.94660 0.05340
0.26766 0.73234
0.47218 0.52782
0.45123 0.54877
0.89351 0.10649
0.40300 0.59700
0.99044 0.00956
0.31643 0.68357
0.33854 0.66146
0.33625 0.66375
0.88829 0.11171
0.34363 0.65637
0.35750 0.64250
0.95348 0.04652
0.94844 0.05156
0.95272 0.04728
0.94874 0.05126
0.31316 0.68684
0.35072 0.64928
0.81950 0.18050
0.45973 0.54027
0.45509 0.54491
0.58347 0.41653
0.57763 0.42237
0.17176 0.82824
0.85681 0.14319
0.37752 0.62248
0.93575 0.06425
0.36712 0.63288
0.31715 0.68285
0.31252 0.68748
0.33895 0.66105
0.33622 0.66378
0.36345 0.63655
0.91195 0.08805
0.35035 0.64965
0.98876 0.01124
0.97921 0.02079
0.15089 0.84911
0.50270 0.49730
0.23874 0.76126
0.67869 0.32131
0.33758 0.66242
0.76751 0.23249
0.88269 0.11731
0.90493 0.09507
0.26805 0.73195
0.71188 0.28812
0.91765 0.08235
0.99873 0.00127
0.91765 0.08235
0.99873 0.00127
0.99152 0.00848
0.58184 0.41816
0.95289 0.04711
0.95289 0.04711
0.57713 0.42287
0.34973 0.65027
0.23654 0.76346
0.34074 0.65926
0.23541 0.76459
0.50793 0.49207
0.96981 0.03019
0.98780 0.01220
0.98472 0.01528
0.77785 0.22215
0.97670 0.02330
0.96225 0.03775
0.56527 0.43473
0.31104 0.68896
0.80156 0.19844
0.84751 0.15249
0.99978 0.00022
0.36110 0.63890
0.44780 0.55220
0.65207 0.34793
0.45724 0.54276
0.41709 0.58291
0.55659 0.44341
0.83962 0.16038
0.69403 0.30597
0.65108 0.34892
0.23505 0.76495
0.53081 0.46919
0.82077 0.17923
0.20822 0.79178
0.85914 0.14086
0.96125 0.03875
0.34349 0.65651
0.51410 0.48590
0.84038 0.15962
0.86262 0.13738
0.37344 0.62656
0.85080 0.14920
0.99989 0.00011
0.99973 0.00027
0.99984 0.00016
0.51850 0.48150
0.99986 0.00014
0.99967 0.00033
0.99989 0.00011
0.51466 0.48534
0.99985 0.00015
0.99965 0.00035
0.99980 0.00020
0.49239 0.50761
0.56618 0.43382
0.99948 0.00052
0.94239 0.05761
0.49537 0.50463
0.44643 0.55357
0.95061 0.04939
0.80892 0.19108
0.48394 0.51606
0.70730 0.29270
0.29138 0.70862
0.99015 0.00985
0.82379 0.17621
0.68346 0.31654
0.66280 0.33720
0.84453 0.15547
0.95321 0.04679
0.63413 0.36587
0.41269 0.58731
0.80833 0.19167
0.82495 0.17505
0.89194 0.10806
0.47952 0.52048
0.30340 0.69660
0.98548 0.01452
0.14777 0.85223
0.42766 0.57234
0.44558 0.55442
0.20980 0.79020
0.63420 0.36580
0.61535 0.38465
0.63420 0.36580
0.63420 0.36580
0.73006 0.26994
0.19631 0.80369
0.19191 0.80809
0.82522 0.17478
0.97497 0.02503
0.99273 0.00727
0.97497 0.02503
0.99273 0.00727
0.45052 0.54948
0.49572 0.50428
0.99074 0.00926
0.46175 0.53825
0.40017 0.59983
0.60880 0.39120
0.22130 0.77870
0.82267 0.17733
0.35696 0.64304
0.64503 0.35497
0.18863 0.81137
0.39580 0.60420
0.40565 0.59435
0.39580 0.60420
0.43230 0.56770
0.53210 0.46790
0.75888 0.24112
0.60511 0.39489
0.87967 0.12033
0.56152 0.43848
0.85248 0.14752
0.99876 0.00124
0.97212 0.02788
0.97674 0.02326
0.55144 0.44856
0.99851 0.00149
0.52213 0.47787
0.61747 0.38253
0.99230 0.00770
0.58610 0.41390
0.99965 0.00035
0.99080 0.00920
0.99971 0.00029
0.08034 0.91966
0.65223 0.34777
0.91158 0.08842
0.18731 0.81269
0.74759 0.25241
0.99377 0.00623
0.83429 0.16571
0.47733 0.52267
0.99432 0.00568
0.56208 0.43792
0.48401 0.51599
0.99497 0.00503
0.57123 0.42877
0.92341 0.07659
0.75953 0.24047
0.98099 0.01901
0.65746 0.34254
0.87139 0.12861
0.99996 0.00004
0.90459 0.09541
0.99997 0.00003
0.43984 0.56016
0.52559 0.47441
0.97480 0.02520
0.92021 0.07979
0.97480 0.02520
0.92021 0.07979
0.97012 0.02988
0.96947 0.03053
0.75279 0.24721
0.99495 0.00505
0.80038 0.19962
0.99614 0.00386
0.80038 0.19962
0.99614 0.00386
0.48814 0.51186
0.58961 0.41039
0.99796 0.00204
0.99309 0.00691
0.30670 0.69330
0.48810 0.51190
0.26170 0.73830
0.57552 0.42448
0.99313 0.00687
0.20728 0.79272
0.24006 0.75994
0.97595 0.02405
0.33471 0.66529
0.20596 0.79404
0.74865 0.25135
0.33596 0.66404
0.74078 0.25922
0.87530 0.12470
0.81231 0.18769
0.82357 0.17643
0.97281 0.02719
0.98944 0.01056
0.94614 0.05386
0.82507 0.17493
0.26335 0.73665
0.15029 0.84971
0.29035 0.70965
0.26033 0.73967
0.29629 0.70371
0.82256 0.17744
0.29629 0.70371
0.82256 0.17744
0.36751 0.63249
0.25681 0.74319
0.39942 0.60058
0.22542 0.77458
0.99956 0.00044
0.67287 0.32713
0.68186 0.31814
0.93141 0.06859
0.66647 0.33353
0.99940 0.00060
0.59504 0.40496
0.66460 0.33540
0.67484 0.32516
0.61322 0.38678
0.60412 0.39588
0.93141 0.06859
0.66647 0.33353
0.99940 0.00060
0.59504 0.40496
0.65094 0.34906
0.69203 0.30797
0.61322 0.38678
0.60412 0.39588
0.54209 0.45791
0.43647 0.56353
0.99796 0.00204
0.33945 0.66055
0.90994 0.09006
0.34817 0.65183
0.86480 0.13520
0.76453 0.23547
0.76453 0.23547
0.26075 0.73925
0.29176 0.70824
0.88550 0.11450
0.32583 0.67417
0.48382 0.51618
0.43012 0.56988
0.48808 0.51192
0.58137 0.41863
0.26963 0.73037
0.35442 0.64558
0.90928 0.09072
0.36654 0.63346
0.38088 0.61912
0.42035 0.57965
0.77600 0.22400
0.30096 0.69904
0.89228 0.10772
0.29667 0.70333
0.39583 0.60417
0.76272 0.23728
0.79722 0.20278
0.40408 0.59592
0.78028 0.21972
0.74829 0.25171
0.79191 0.20809
0.40233 0.59767
0.55956 0.44044
0.59320 0.40680
0.59320 0.40680
0.91000 0.09000
0.59320 0.40680
0.57202 0.42798
0.59419 0.40581
0.59419 0.40581
0.90846 0.09154
0.59419 0.40581
0.55736 0.44264
0.59122 0.40878
0.59122 0.40878
0.90887 0.09113
0.59122 0.40878
0.56824 0.43176
0.56824 0.43176
0.85797 0.14203
0.60688 0.39312
0.39340 0.60660
0.98845 0.01155
0.36682 0.63318
0.31768 0.68232
0.45830 0.54170
0.99642 0.00358
0.47627 0.52373
0.97519 0.02481
0.98424 0.01576
0.94273 0.05727
0.86062 0.13938
0.95749 0.04251
0.96555 0.03445
0.82427 0.17573
0.82427 0.17573
0.82427 0.17573
0.82427 0.17573
0.73794 0.26206
0.73794 0.26206
0.85903 0.14097
0.73794 0.26206
0.73794 0.26206
0.85903 0.14097
0.78574 0.21426
0.74076 0.25924
0.64623 0.35377
0.78574 0.21426
0.74076 0.25924
0.64623 0.35377
0.84564 0.15436
0.19054 0.80946
0.45642 0.54358
0.95717 0.04283
0.97780 0.02220
0.98937 0.01063
0.26219 0.73781
0.17235 0.82765
0.34387 0.65613
0.34387 0.65613
0.59177 0.40823
0.50568 0.49432
0.98860 0.01140
0.98315 0.01685
0.45595 0.54405
0.51939 0.48061
0.45675 0.54325
0.51939 0.48061
0.30369 0.69631
0.87322 0.12678
0.98657 0.01343
0.37348 0.62652
0.17539 0.82461
0.17025 0.82975
0.42706 0.57294
0.44697 0.55303
0.34992 0.65008
0.32970 0.67030
0.48320 0.51680
0.45269 0.54731
0.69967 0.30033
0.66684 0.33316
0.80251 0.19749
0.99938 0.00062
0.44917 0.55083
0.39283 0.60717
0.89875 0.10125
0.94008 0.05992
0.81744 0.18256
0.85214 0.14786
0.87536 0.12464
0.43736 0.56264
0.96339 0.03661
0.99241 0.00759
0.99521 0.00479
0.99641 0.00359
0.41497 0.58503
0.95717 0.04283
0.99985 0.00015
0.99986 0.00014
0.82148 0.17852
0.23344 0.76656
0.94563 0.05437
0.94563 0.05437
0.28124 0.71876
0.28124 0.71876
0.96590 0.03410
0.96516 0.03484
0.77029 0.22971
0.28863 0.71137
0.34697 0.65303
0.85598 0.14402
0.70641 0.29359
0.31741 0.68259
0.45065 0.54935
0.88552 0.11448
0.43747 0.56253
0.46219 0.53781
0.34874 0.65126
0.21657 0.78343
0.22410 0.77590
0.21373 0.78627
0.88234 0.11766
0.66373 0.33627
0.80822 0.19178
0.32491 0.67509
0.52350 0.47650
0.89900 0.10100
0.99603 0.00397
0.99603 0.00397
0.92803 0.07197
0.92776 0.07224
0.91493 0.08507
0.98624 0.01376
0.98322 0.01678
0.97733 0.02267
0.97659 0.02341
0.85314 0.14686
0.99927 0.00073
0.73395 0.26605
0.20754 0.79246
0.74853 0.25147
0.59777 0.40223
0.35218 0.64782
0.35218 0.64782
0.45411 0.54589
0.45411 0.54589
0.23957 0.76043
0.15281 0.84719
0.30986 0.69014
0.84492 0.15508
0.78894 0.21106
0.34408 0.65592
0.34408 0.65592
0.15335 0.84665
0.35044 0.64956
0.83317 0.16683
0.40301 0.59699
0.52446 0.47554
0.43421 0.56579
0.38887 0.61113
0.50319 0.49681
0.64700 0.35300
0.54366 0.45634
0.64700 0.35300
0.54366 0.45634
0.85584 0.14416
0.85967 0.14033
0.75068 0.24932
0.75068 0.24932
0.85792 0.14208
0.75068 0.24932
0.87253 0.12747
0.77222 0.22778
0.76943 0.23057
0.66632 0.33368
0.23677 0.76323
0.42646 0.57354
0.29998 0.70002
0.15555 0.84445
0.96519 0.03481
0.48286 0.51714
0.93964 0.06036
0.30016 0.69984
0.73710 0.26290
0.82346 0.17654
0.24757 0.75243
0.99448 0.00552
0.51916 0.48084
0.99412 0.00588
0.51371 0.48629
0.81626 0.18374
0.92964 0.07036
0.89100 0.10900
0.60202 0.39798
0.52317 0.47683
0.39558 0.60442
0.50582 0.49418
0.50582 0.49418
0.80643 0.19357
0.55447 0.44553
0.59594 0.40406
0.99461 0.00539
0.30012 0.69988
0.99747 0.00253
0.30849 0.69151
0.33868 0.66132
0.96436 0.03564
0.38288 0.61712
0.38388 0.61612
0.24156 0.75844
0.38961 0.61039
0.38833 0.61167
0.39639 0.60361
0.39461 0.60539
0.39157 0.60843
0.99974 0.00026
0.99513 0.00487
0.99629 0.00371
0.50118 0.49882
0.46379 0.53621
0.50543 0.49457
0.82782 0.17218
0.14759 0.85241
0.98955 0.01045
0.84050 0.15950
0.93530 0.06470
0.91460 0.08540
0.52657 0.47343
0.87208 0.12792
0.92967 0.07033
0.92198 0.07802
0.89319 0.10681
0.96875 0.03125
0.96050 0.03950
0.95186 0.04814
0.36956 0.63044
0.24195 0.75805
0.28000 0.72000
0.50652 0.49348
0.95089 0.04911
0.58740 0.41260
0.59696 0.40304
0.51659 0.48341
0.99340 0.00660
0.50590 0.49410
0.27109 0.72891
0.56439 0.43561
0.61340 0.38660
0.60861 0.39139
0.28258 0.71742
0.26131 0.73869
0.25931 0.74069
0.23781 0.76219
0.23430 0.76570
0.35610 0.64390
0.32643 0.67357
0.32643 0.67357
0.32643 0.67357
0.28240 0.71760
0.33417 0.66583
0.36265 0.63735
0.30634 0.69366
0.87310 0.12690
0.20460 0.79540
0.84332 0.15668
0.98528 0.01472
0.99258 0.00742
0.47511 0.52489
0.32377 0.67623
0.41232 0.58768
0.48377 0.51623
0.57519 0.42481
0.36203 0.63797
0.43262 0.56738
0.35965 0.64035
0.35083 0.64917
0.37400 0.62600
0.42701 0.57299
0.91692 0.08308
0.40517 0.59483
0.40517 0.59483
0.40517 0.59483
0.42049 0.57951
0.96644 0.03356
0.96858 0.03142
0.96220 0.03780
0.96866 0.03134
0.45228 0.54772
0.93799 0.06201
0.45786 0.54214
0.43420 0.56580
0.93657 0.06343
0.98971 0.01029
0.94168 0.05832
0.90559 0.09441
0.39897 0.60103
0.40494 0.59506
0.20176 0.79824
0.41365 0.58635
0.38633 0.61367
0.61490 0.38510
0.80687 0.19313
0.80549 0.19451
0.47207 0.52793
0.90494 0.09506
0.48806 0.51194
0.58210 0.41790
0.51455 0.48545
0.89050 0.10950
0.89172 0.10828
0.42739 0.57261
0.74330 0.25670
0.35211 0.64789
0.73272 0.26728
0.68872 0.31128
0.69119 0.30881
0.99884 0.00116
0.99902 0.00098
0.99936 0.00064
0.99881 0.00119
0.88351 0.11649
0.99876 0.00124
0.99895 0.00105
0.99932 0.00068
0.99873 0.00127
0.87854 0.12146
0.99988 0.00012
0.37159 0.62841
0.99989 0.00011
0.37676 0.62324
0.22836 0.77164
0.23947 0.76053
0.86751 0.13249
0.48860 0.51140
0.44523 0.55477
0.38291 0.61709
0.40292 0.59708
0.41898 0.58102
0.35685 0.64315
0.34385 0.65615
0.34835 0.65165
0.44520 0.55480
0.44360 0.55640
0.99965 0.00035
0.99812 0.00188
0.82820 0.17180
0.99992 0.00008
0.99800 0.00200
0.63975 0.36025
0.33587 0.66413
0.30990 0.69010
0.30645 0.69355
0.44483 0.55517
0.40239 0.59761
0.41067 0.58933
0.36931 0.63069
0.40632 0.59368
0.36513 0.63487
0.99028 0.00972
0.47811 0.52189
0.56836 0.43164
0.44226 0.55774
0.99942 0.00058
0.43810 0.56190
0.56836 0.43164
0.44226 0.55774
0.99942 0.00058
0.43810 0.56190
0.99028 0.00972
0.47811 0.52189
0.83169 0.16831
0.88239 0.11761
0.87721 0.12279
0.62103 0.37897
0.60095 0.39905
0.41754 0.58246
0.41046 0.58954
0.99995 0.00005
0.99576 0.00424
0.82577 0.17423
0.98545 0.01455
0.42913 0.57087
0.99890 0.00110
0.82967 0.17033
0.84158 0.15842
0.85029 0.14971
0.82954 0.17046
0.81971 0.18029
0.76565 0.23435
0.81971 0.18029
0.73550 0.26450
0.94178 0.05822
0.82708 0.17293
0.98480 0.01520
0.68599 0.31401
0.79945 0.20055
0.79945 0.20055
0.39145 0.60855
0.36568 0.63432
0.41757 0.58243
0.48160 0.51840
0.72941 0.27059
0.44769 0.55231
0.69056 0.30944
0.86313 0.13687
0.86313 0.13687
0.85549 0.14451
0.85549 0.14451
0.60330 0.39670
0.84619 0.15381
0.56837 0.43163
0.81130 0.18870
0.77793 0.22207
0.96727 0.03273
0.96514 0.03486
0.76786 0.23214
0.43319 0.56681
0.77471 0.22529
0.77354 0.22646
0.85198 0.14802
0.88970 0.11030
0.88530 0.11470
0.65860 0.34140
0.81809 0.18191
0.81240 0.18760
0.99896 0.00104
0.99550 0.00450
0.66113 0.33887
0.41614 0.58386
0.57103 0.42897
0.50190 0.49810
0.21589 0.78411
0.54874 0.45126
0.86566 0.13434
0.34171 0.65829
0.56150 0.43850
0.54420 0.45580
0.78652 0.21348
0.58037 0.41963
0.81776 0.18224
0.91218 0.08782
0.81880 0.18120
0.52243 0.47757
0.91936 0.08064
0.47077 0.52923
0.32923 0.67077
0.97116 0.02884
0.98470 0.01530
0.98997 0.01003
0.43844 0.56156
0.47869 0.52131
0.98934 0.01066
0.87123 0.12877
0.91423 0.08577
0.99065 0.00935
0.29529 0.70471
0.31880 0.68120
0.95774 0.04226
0.74318 0.25682
0.81146 0.18854
0.96227 0.03773
0.90942 0.09058
0.94806 0.05194
0.95868 0.04132
0.94656 0.05345
0.97200 0.02800
0.97837 0.02163
0.44645 0.55355
0.49791 0.50209
0.97543 0.02457
0.83917 0.16083
0.89340 0.10660
0.97886 0.02114
0.74898 0.25102
0.39095 0.60905
0.79041 0.20959
0.87031 0.12969
0.38848 0.61152
0.82405 0.17595
0.86926 0.13074
0.51368 0.48632
0.81082 0.18918
0.79169 0.20831
0.83762 0.16238
0.36357 0.63643
0.23350 0.76650
0.27942 0.72058
0.27142 0.72858
0.76385 0.23615
0.77267 0.22733
0.86630 0.13370
0.77497 0.22503
0.78001 0.21999
0.18994 0.81006
0.19371 0.80629
0.66596 0.33404
0.64182 0.35818
0.67027 0.32973
0.96401 0.03599
0.96401 0.03599
0.81233 0.18767
0.81233 0.18767
0.43032 0.56968
0.43032 0.56968
0.80519 0.19481
0.88140 0.11860
0.28574 0.71426
0.25755 0.74245
0.96273 0.03727
0.95660 0.04340
0.96174 0.03826
0.64367 0.35633
0.90352 0.09648
0.99364 0.00636
0.22167 0.77833
0.99987 0.00013
0.32133 0.67867
0.55320 0.44680
0.55320 0.44680
0.85777 0.14223
0.44119 0.55881
0.92729 0.07271
0.99985 0.00015
0.99989 0.00011
0.48853 0.51147
0.99980 0.00020
0.55996 0.44004
0.79248 0.20752
0.49135 0.50865
0.77476 0.22524
0.88572 0.11428
0.70496 0.29504
0.83940 0.16060
0.54995 0.45005
0.33867 0.66133
0.60079 0.39921
0.77088 0.22912
0.38387 0.61613
0.28052 0.71948
0.28052 0.71948
0.99895 0.00105
0.35298 0.64702
0.81314 0.18686
0.27201 0.72799
0.28788 0.71212
0.90916 0.09084
0.99947 0.00053
0.90916 0.09084
0.90916 0.09084
0.77737 0.22263
0.50752 0.49248
0.53419 0.46581
0.18106 0.81894
0.30873 0.69127
0.84227 0.15773
0.71235 0.28765
0.85169 0.14831
0.96008 0.03992
0.99608 0.00392
0.20038 0.79962
0.78065 0.21935
0.26749 0.73251
0.35943 0.64057
0.82012 0.17988
0.97982 0.02018
0.29362 0.70638
0.24540 0.75460
0.25138 0.74862
0.78676 0.21324
0.25830 0.74170
0.90888 0.09112
0.69083 0.30917
0.16771 0.83229
0.86159 0.13841
0.37675 0.62325
0.86564 0.13436
0.86649 0.13351
0.24700 0.75300
0.45136 0.54864
0.30069 0.69931
0.99919 0.00081
0.36685 0.63315
0.98991 0.01009
0.86232 0.13768
0.86232 0.13768
0.96672 0.03328
0.97054 0.02946
0.43771 0.56229
0.38918 0.61082
0.36510 0.63490
0.41386 0.58614
0.42388 0.57612
0.40012 0.59988
0.56526 0.43474
0.55483 0.44517
0.56769 0.43231
0.18893 0.81107
0.18877 0.81123
0.34808 0.65192
0.36912 0.63088
0.99983 0.00017
0.98385 0.01615
0.85076 0.14924
0.85076 0.14924
0.30129 0.69871
0.39372 0.60628
0.92517 0.07483
0.34206 0.65794
0.77042 0.22958
0.40201 0.59799
0.68199 0.31801
0.58688 0.41312
0.85300 0.14700
0.99498 0.00502
0.92711 0.07289
0.43063 0.56937
0.64488 0.35512
0.34550 0.65450
0.91834 0.08166
0.40213 0.59787
0.31734 0.68266
0.47760 0.52240
0.85237 0.14763
0.23856 0.76144
0.28816 0.71184
0.81067 0.18933
0.30116 0.69884
0.23509 0.76491
0.84432 0.15568
0.42047 0.57953
0.42838 0.57162
0.82226 0.17774
0.45027 0.54973
0.41748 0.58252
0.88634 0.11366
0.55655 0.44345
0.55782 0.44218
0.86157 0.13843
0.59098 0.40902
0.55400 0.44600
0.50589 0.49411
0.53213 0.46787
0.52161 0.47839
0.51500 0.48500
0.50589 0.49411
0.79175 0.20825
0.35270 0.64730
0.35540 0.64460
0.76927 0.23073
0.36561 0.63439
0.34971 0.65029
0.28716 0.71284
0.29216 0.70784
0.90365 0.09635
0.95744 0.04256
0.35199 0.64801
0.55922 0.44078
0.55922 0.44078
0.55922 0.44078
0.55922 0.44078
0.40432 0.59568
0.61599 0.38401
0.37102 0.62898
0.79110 0.20890
0.67429 0.32571
0.67429 0.32571
0.86154 0.13846
0.75793 0.24207
0.75793 0.24207
0.72271 0.27729
0.72271 0.27729
0.87519 0.12481
0.73650 0.26350
0.71413 0.28587
0.74042 0.25958
0.28610 0.71390
0.29834 0.70166
0.30664 0.69336
0.27633 0.72367
0.28338 0.71662
0.28868 0.71132
0.83259 0.16741
0.43817 0.56183
0.26629 0.73371
0.58769 0.41231
0.26834 0.73166
0.58769 0.41231
0.35925 0.64075
0.78687 0.21313
0.37662 0.62338
0.84160 0.15840
0.84203 0.15797
0.93709 0.06291
0.93743 0.06257
0.43553 0.56447
0.43025 0.56975
0.43553 0.56447
0.43025 0.56975
0.90888 0.09112
0.38736 0.61264
0.36029 0.63971
0.90331 0.09669
0.82885 0.17115
0.90331 0.09669
0.96595 0.03405
0.45859 0.54141
0.44558 0.55442
0.44558 0.55442
0.86744 0.13256
0.50522 0.49478
0.51234 0.48766
0.41748 0.58252
0.40535 0.59465
0.81658 0.18342
0.80736 0.19264
0.79110 0.20890
0.47072 0.52928
0.70273 0.29727
0.50807 0.49193
0.50838 0.49162
0.94183 0.05817
0.93902 0.06098
0.93194 0.06806
0.92890 0.07110
0.86957 0.13043
0.86957 0.13043
0.54540 0.45460
0.54540 0.45460
0.88408 0.11592
0.88408 0.11592
0.80104 0.19896
0.80104 0.19896
0.87662 0.12338
0.94667 0.05333
0.81394 0.18606
0.10649 0.89351
0.75169 0.24831
0.64254 0.35746
0.25155 0.74845
0.62417 0.37583
0.64381 0.35619
0.47340 0.52660
0.54885 0.45115
0.77793 0.22207
0.43169 0.56831
0.31809 0.68191
0.33075 0.66925
0.59726 0.40274
0.82087 0.17913
0.44922 0.55078
0.53573 0.46427
0.54047 0.45953
0.78274 0.21726
0.75454 0.24546
0.83699 0.16301
0.38907 0.61093
0.97292 0.02708
0.34917 0.65083
0.55892 0.44108
0.55892 0.44108
0.56339 0.43661
0.60124 0.39876
0.47646 0.52354
0.67719 0.32281
0.79989 0.20011
0.99930 0.00070
0.99869 0.00131
0.39335 0.60665
0.73311 0.26689
0.99957 0.00043
0.94162 0.05838
0.91503 0.08497
0.78236 0.21764
0.99487 0.00513
0.29245 0.70755
0.75380 0.24620
0.23360 0.76640
0.18587 0.81413
0.23506 0.76494
0.81168 0.18832
0.25198 0.74802
0.41906 0.58094
0.78317 0.21683
0.37364 0.62636
0.35801 0.64199
0.42428 0.57572
0.93146 0.06854
0.77226 0.22774
0.93418 0.06582
0.63768 0.36232
0.83685 0.16315
0.83685 0.16315
0.26383 0.73617
0.49515 0.50485
0.23465 0.76535
0.93245 0.06755
0.69700 0.30300
0.28800 0.71200
0.98185 0.01815
0.67428 0.32572
0.55488 0.44512
0.69778 0.30222
0.17696 0.82304
0.99948 0.00052
0.88111 0.11889
0.88111 0.11889
0.97552 0.02448
0.46907 0.53093
0.49013 0.50987
0.80043 0.19957
0.85872 0.14128
0.99914 0.00086
0.29954 0.70046
0.89719 0.10281
0.50537 0.49463
0.37804 0.62196
0.38702 0.61298
0.47676 0.52324
0.48669 0.51331
0.64167 0.35833
0.65219 0.34781
0.48407 0.51593
0.47992 0.52008
0.43381 0.56619
0.44299 0.55701
0.53241 0.46759
0.47494 0.52506
0.30490 0.69510
0.54901 0.45099
0.54901 0.45099
0.55817 0.44183
0.55817 0.44183
0.91249 0.08751
0.92208 0.07792
0.90846 0.09154
0.89251 0.10749
0.69570 0.30430
0.84464 0.15536
0.89940 0.10060
0.85219 0.14781
0.85613 0.14387
0.82534 0.17466
0.71916 0.28084
0.87685 0.12315
0.92680 0.07320
0.19539 0.80461
0.93328 0.06672
0.89855 0.10145
0.91941 0.08059
0.31868 0.68132
0.67635 0.32365
0.31868 0.68132
0.67635 0.32365
0.95994 0.04006
0.31988 0.68012
0.95994 0.04006
0.97443 0.02557
0.99838 0.00162
0.97443 0.02557
0.37360 0.62640
0.95762 0.04238
0.32729 0.67271
0.99337 0.00663
0.55799 0.44201
0.53872 0.46128
0.24375 0.75625
0.55390 0.44610
0.55390 0.44610
0.32685 0.67315
0.35088 0.64912
0.64447 0.35553
0.36144 0.63856
0.28541 0.71459
0.28541 0.71459
0.21632 0.78368
0.36699 0.63301
0.90259 0.09741
0.17963 0.82037
0.88524 0.11476
0.93157 0.06843
0.40503 0.59497
0.82117 0.17883
0.82902 0.17098
0.38596 0.61404
0.85785 0.14215
0.79784 0.20216
0.32924 0.67076
0.83227 0.16773
0.41291 0.58709
0.92446 0.07554
0.69562 0.30438
0.99975 0.00025
0.87383 0.12617
0.58029 0.41971
0.58029 0.41971
0.86145 0.13855
0.84918 0.15082
0.50824 0.49176
0.37087 0.62913
0.54767 0.45233
0.60714 0.39286
0.53480 0.46520
0.55418 0.44582
0.56825 0.43175
0.47871 0.52129
0.95359 0.04641
0.60617 0.39383
0.68272 0.31728
0.52835 0.47165
0.92766 0.07234
0.87864 0.12136
0.49128 0.50872
0.31972 0.68028
0.31972 0.68028
0.59216 0.40784
0.58659 0.41341
0.59273 0.40727
0.59135 0.40865
0.50075 0.49925
0.98687 0.01313
0.47794 0.52206
0.81461 0.18539
0.51397 0.48603
0.93594 0.06406
0.53819 0.46181
0.53199 0.46801
0.93535 0.06465
0.53333 0.46667
0.52721 0.47279
0.24237 0.75763
0.24237 0.75763
0.42061 0.57939
0.35716 0.64284
0.42527 0.57473
0.36155 0.63845
0.42035 0.57965
0.31621 0.68379
0.56725 0.43275
0.80897 0.19103
0.15188 0.84812
0.34442 0.65558
0.83928 0.16072
0.52526 0.47474
0.25969 0.74031
0.46842 0.53158
0.53556 0.46444
0.98653 0.01347
0.43187 0.56813
0.29669 0.70331
0.89300 0.10700
0.90131 0.09869
0.90131 0.09869
0.90131 0.09869
0.90131 0.09869
0.68545 0.31455
0.20480 0.79520
0.22753 0.77247
0.37445 0.62555
0.92233 0.07767
0.51581 0.48419
0.42054 0.57946
0.99785 0.00215
0.99318 0.00682
0.35245 0.64755
0.41051 0.58949
0.46592 0.53408
0.31604 0.68396
0.28287 0.71713
0.29113 0.70887
0.29820 0.70180
0.27831 0.72169
0.26535 0.73465
0.27517 0.72483
0.25248 0.74752
0.25248 0.74752
0.27517 0.72483
0.25248 0.74752
0.68195 0.31805
0.86011 0.13989
0.86011 0.13989
0.40836 0.59164
0.44405 0.55595
0.72373 0.27627
0.72683 0.27317
0.87611 0.12389
0.77582 0.22418
0.80981 0.19019
0.85785 0.14215
0.70221 0.29779
0.87305 0.12695
0.95409 0.04591
0.97463 0.02537
0.96319 0.03681
0.86863 0.13137
0.88876 0.11124
0.86204 0.13796
0.41727 0.58273
0.83002 0.16998
0.63722 0.36278
0.65006 0.34994
0.65006 0.34994
0.99637 0.00363
0.65006 0.34994
0.99646 0.00354
0.99649 0.00351
0.35914 0.64086
0.34515 0.65485
0.35693 0.64307
0.34515 0.65485
0.35693 0.64307
0.24355 0.75645
0.31048 0.68952
0.51439 0.48561
0.98907 0.01093
0.51150 0.48850
0.98914 0.01086
0.96660 0.03340
0.97053 0.02947
0.46638 0.53362
0.50407 0.49593
0.99825 0.00175
0.80543 0.19457
0.99707 0.00293
0.93540 0.06460
0.99977 0.00023
0.99977 0.00023
0.93510 0.06490
0.99977 0.00023
0.99977 0.00023
0.99977 0.00023
0.99977 0.00023
0.55690 0.44310
0.99982 0.00018
0.99982 0.00018
0.55384 0.44616
0.51745 0.48255
0.99975 0.00025
0.99975 0.00025
0.51436 0.48564
0.33196 0.66804
0.47279 0.52721
0.88846 0.11154
0.24929 0.75071
0.28814 0.71186
0.31806 0.68194
0.34691 0.65309
0.33277 0.66723
0.35029 0.64971
0.32434 0.67566
0.27092 0.72908
0.45340 0.54660
0.99024 0.00976
0.45340 0.54660
0.45254 0.54746
0.46116 0.53884
0.32588 0.67412
0.33051 0.66949
0.33062 0.66938
0.99936 0.00064
0.99936 0.00064
0.99469 0.00531
0.99469 0.00531
0.75386 0.24614
0.75386 0.24614
0.76452 0.23548
0.76452 0.23548
0.75905 0.24095
0.75905 0.24095
0.75386 0.24614
0.75386 0.24614
0.70596 0.29404
0.68006 0.31994
0.95561 0.04439
0.98823 0.01177
0.70596 0.29404
0.68006 0.31994
0.70596 0.29404
0.68006 0.31994
0.71666 0.28334
0.69073 0.30927
0.26892 0.73108
0.96495 0.03505
0.35374 0.64626
0.91994 0.08006
0.34322 0.65678
0.88777 0.11223
0.22610 0.77390
0.58087 0.41913
0.60776 0.39224
0.97514 0.02486
0.55685 0.44315
0.68727 0.31273
0.72501 0.27499
0.14538 0.85462
0.89944 0.10056
0.66538 0.33462
0.43590 0.56410
0.38543 0.61457
0.99164 0.00836
0.19582 0.80418
0.68838 0.31162
0.33478 0.66522
0.74155 0.25845
0.96503 0.03497
0.89226 0.10774
0.51304 0.48696
0.23234 0.76766
0.82209 0.17791
0.82209 0.17791
0.20516 0.79484
0.56915 0.43085
0.64331 0.35669
0.78814 0.21186
0.89444 0.10556
0.89444 0.10556
0.13499 0.86501
0.13424 0.86576
0.27487 0.72513
0.38807 0.61193
0.21800 0.78200
0.22235 0.77765
0.28613 0.71387
0.40908 0.59092
0.77082 0.22918
0.23046 0.76954
0.94483 0.05517
0.67702 0.32298
0.94483 0.05517
0.67702 0.32298
0.21446 0.78554
0.71858 0.28142
0.74581 0.25419
0.89722 0.10278
0.61653 0.38347
0.85887 0.14113
0.64110 0.35890
0.84432 0.15568
0.76908 0.23092
0.72714 0.27286
0.77607 0.22393
0.26010 0.73990
0.21074 0.78926
0.88763 0.11237
0.50032 0.49968
0.46988 0.53012
0.34575 0.65425
0.28122 0.71878
0.19959 0.80041
0.26532 0.73468
0.33459 0.66541
0.30467 0.69533
0.79379 0.20621
0.16968 0.83032
0.20698 0.79302
0.51869 0.48131
0.48485 0.51515
0.23481 0.76519
0.14741 0.85259
0.22485 0.77515
0.53185 0.46815
0.54197 0.45803
0.22360 0.77640
0.22711 0.77289
0.95471 0.04529
0.99651 0.00349
0.93695 0.06305
0.96615 0.03385
0.99684 0.00316
0.95471 0.04529
0.99651 0.00349
0.93695 0.06305
0.96615 0.03385
0.99684 0.00316
0.37179 0.62821
0.76295 0.23705
0.36391 0.63609
0.75269 0.24731
0.42902 0.57098
0.26291 0.73709
0.89231 0.10769
0.72085 0.27915
0.66616 0.33384
0.83892 0.16108
0.91555 0.08445
0.87403 0.12597
0.98804 0.01196
0.88886 0.11114
0.98975 0.01025
0.85077 0.14923
0.99955 0.00045
0.79383 0.20617
0.99954 0.00046
0.82106 0.17894
0.84982 0.15018
0.68979 0.31021
0.54022 0.45978
0.68063 0.31937
0.43745 0.56255
0.69354 0.30646
0.93645 0.06355
0.64425 0.35575
0.96602 0.03398
0.99469 0.00531
0.95752 0.04248
0.86803 0.13197
0.96672 0.03328
0.99541 0.00459
0.57606 0.42394
0.93981 0.06019
0.28394 0.71606
0.24854 0.75146
0.25827 0.74173
0.57199 0.42801
0.24615 0.75385
0.82946 0.17054
0.89888 0.10112
0.54243 0.45757
0.85696 0.14304
0.97245 0.02755
0.99527 0.00473
0.58483 0.41517
0.44414 0.55586
0.52356 0.47644
0.88717 0.11283
0.88717 0.11283
0.86446 0.13554
0.70499 0.29501
0.70499 0.29501
0.91009 0.08991
0.68208 0.31792
0.68208 0.31792
0.90099 0.09901
0.53153 0.46847
0.52635 0.47364
0.95666 0.04334
0.88717 0.11283
0.88717 0.11283
0.86446 0.13554
0.68208 0.31792
0.68208 0.31792
0.90099 0.09901
0.88717 0.11283
0.88717 0.11283
0.86446 0.13554
0.97297 0.02703
0.97297 0.02703
0.67658 0.32342
0.67658 0.32342
0.98129 0.01871
0.43107 0.56893
0.70479 0.29521
0.41066 0.58934
0.83846 0.16154
0.78679 0.21321
0.79485 0.20515
0.99972 0.00028
0.43453 0.56547
0.43334 0.56666
0.33479 0.66521
0.38910 0.61090
0.38812 0.61188
0.79003 0.20997
0.39996 0.60004
0.39890 0.60110
0.98987 0.01013
0.99157 0.00843
0.87915 0.12085
0.99820 0.00180
0.99755 0.00245
0.99930 0.00070
0.99931 0.00069
0.82785 0.17215
0.85784 0.14216
0.85890 0.14110
0.81064 0.18936
0.51013 0.48987
0.28832 0.71168
0.95622 0.04378
0.97138 0.02862
0.77835 0.22165
0.83826 0.16174
0.40627 0.59373
0.86091 0.13909
0.69465 0.30535
0.64474 0.35526
0.70080 0.29920
0.87045 0.12955
0.59125 0.40875
0.63888 0.36112
0.90297 0.09703
0.98196 0.01804
0.98763 0.01237
0.64805 0.35195
0.98462 0.01538
0.98945 0.01055
0.69073 0.30927
0.99951 0.00049
0.99982 0.00018
0.49479 0.50521
0.31438 0.68562
0.99998 0.00002
0.99996 0.00004
0.99996 0.00004
0.62351 0.37649
0.58271 0.41729
0.75255 0.24745
0.90692 0.09308
0.33729 0.66271
0.92647 0.07353
0.95806 0.04194
0.94363 0.05637
0.75244 0.24756
0.78259 0.21741
0.16545 0.83455
0.39098 0.60902
0.86806 0.13194
0.88791 0.11209
0.27841 0.72159
0.49225 0.50775
0.53731 0.46269
0.29025 0.70975
0.88388 0.11612
0.88388 0.11612
0.86512 0.13488
0.40119 0.59881
0.73497 0.26503
0.22384 0.77616
0.55115 0.44885
0.98633 0.01367
0.70155 0.29845
0.71754 0.28246
0.59402 0.40598
0.37474 0.62526
0.31566 0.68434
0.31863 0.68137
0.22866 0.77134
0.52706 0.47294
0.73533 0.26467
0.78318 0.21682
0.77633 0.22367
0.27061 0.72939
0.41080 0.58920
0.72482 0.27518
0.74149 0.25851
0.69690 0.30310
0.41080 0.58920
0.72482 0.27518
0.78861 0.21139
0.99368 0.00632
0.78861 0.21139
0.93160 0.06840
0.95021 0.04979
0.68751 0.31249
0.28925 0.71075
0.61691 0.38309
0.79391 0.20609
0.78297 0.21703
0.35833 0.64167
0.38163 0.61837
0.75041 0.24959
0.73703 0.26297
0.33629 0.66371
0.54983 0.45017
0.33629 0.66371
0.54983 0.45017
0.68539 0.31461
0.63846 0.36154
0.83438 0.16562
0.79356 0.20644
0.69991 0.30009
0.99209 0.00791
0.43516 0.56484
0.44927 0.55073
0.98258 0.01742
0.96810 0.03190
0.97045 0.02955
0.97045 0.02955
0.41914 0.58086
0.44736 0.55264
0.44736 0.55264
0.41055 0.58945
0.63240 0.36760
0.63240 0.36760
0.55837 0.44163
0.48308 0.51692
0.84319 0.15681
0.55837 0.44163
0.48308 0.51692
0.84319 0.15681
0.55837 0.44163
0.48308 0.51692
0.84319 0.15681
0.27013 0.72987
0.24154 0.75846
0.28416 0.71584
0.25022 0.74978
0.40657 0.59343
0.69234 0.30766
0.43908 0.56092
0.73161 0.26839
0.70499 0.29501
0.76894 0.23106
0.70399 0.29601
0.99258 0.00742
0.69528 0.30472
0.38590 0.61410
0.81259 0.18741
0.87140 0.12860
0.79675 0.20325
0.98659 0.01341
0.99831 0.00169
0.99929 0.00071
0.58958 0.41042
0.99761 0.00239
0.67087 0.32913
0.99761 0.00239
0.67220 0.32780
0.88106 0.11894
0.84217 0.15783
0.65478 0.34522
0.84217 0.15783
0.68791 0.31209
0.39735 0.60265
0.18317 0.81683
0.63360 0.36640
0.93782 0.06218
0.98186 0.01814
0.94817 0.05183
0.63360 0.36640
0.93782 0.06218
0.32151 0.67849
0.29439 0.70561
0.31056 0.68944
0.51056 0.48944
0.54113 0.45887
0.23669 0.76331
0.99775 0.00225
0.99583 0.00417
0.41780 0.58220
0.44016 0.55984
0.40157 0.59843
0.99990 0.00010
0.99993 0.00007
0.99365 0.00635
0.99977 0.00023
0.39515 0.60485
0.96663 0.03337
0.95591 0.04409
0.31865 0.68135
0.99951 0.00049
0.35248 0.64752
0.83288 0.16712
0.98337 0.01663
0.99977 0.00023
0.98955 0.01045
0.84485 0.15515
0.99913 0.00087
0.99932 0.00068
0.91245 0.08755
0.89371 0.10629
0.99970 0.00030
0.29845 0.70155
0.76286 0.23714
0.90139 0.09861
0.86438 0.13562
0.87884 0.12116
0.88776 0.11224
0.83282 0.16718
0.79225 0.20775
0.80753 0.19247
0.76521 0.23479
0.90426 0.09574
0.96209 0.03791
0.74793 0.25207
0.89059 0.10941
0.67419 0.32581
0.34980 0.65020
0.69283 0.30717
0.85926 0.14074
0.20738 0.79262
0.52071 0.47929
0.79610 0.20390
0.41847 0.58153
0.41078 0.58922
0.87416 0.12584
0.28769 0.71232
0.29516 0.70484
0.99938 0.00062
0.35715 0.64285
0.41020 0.58980
0.29695 0.70305
0.63808 0.36192
0.47391 0.52609
0.68460 0.31540
0.99768 0.00232
0.50963 0.49037
0.88725 0.11275
0.90898 0.09102
0.99943 0.00057
0.97953 0.02047
0.87128 0.12872
0.51415 0.48585
0.71257 0.28743
0.72152 0.27848
0.73618 0.26382
0.68238 0.31762
0.16085 0.83915
0.38902 0.61098
0.37883 0.62117
0.82549 0.17451
0.91825 0.08175
0.90702 0.09298
0.82096 0.17904
0.34388 0.65612
0.99981 0.00019
0.16822 0.83178
0.26369 0.73631
0.26047 0.73953
0.42252 0.57748
0.21286 0.78714
0.20781 0.79219
0.97444 0.02556
0.14192 0.85808
0.30546 0.69454
0.74313 0.25687
0.25384 0.74616
0.25357 0.74643
0.76361 0.23639
0.99983 0.00017
0.74258 0.25742
0.80358 0.19642
0.91803 0.08197
0.87218 0.12782
0.88250 0.11750
0.81884 0.18116
0.99733 0.00267
0.83574 0.16426
0.88250 0.11750
0.81884 0.18116
0.44591 0.55409
0.42647 0.57353
0.42584 0.57416
0.30793 0.69207
0.85756 0.14244
0.39999 0.60001
0.98960 0.01040
0.36666 0.63334
0.36670 0.63330
0.98071 0.01929
0.52314 0.47686
0.46672 0.53328
0.49843 0.50157
0.46719 0.53281
0.51801 0.48199
0.46719 0.53281
0.49891 0.50109
0.23573 0.76427
0.99977 0.00023
0.41781 0.58219
0.44284 0.55716
0.98583 0.01417
0.96215 0.03785
0.47635 0.52365
0.52423 0.47577
0.83542 0.16458
0.50980 0.49020
0.41390 0.58610
0.39414 0.60586
0.80584 0.19416
0.82270 0.17730
0.77694 0.22306
0.41217 0.58783
0.82414 0.17586
0.21850 0.78150
0.69956 0.30044
0.23501 0.76499
0.61261 0.38739
0.61261 0.38739
0.35150 0.64850
0.68723 0.31277
0.68716 0.31284
0.87605 0.12395
0.84375 0.15625
0.74055 0.25945
0.87605 0.12395
0.37524 0.62476
0.75241 0.24759
0.66691 0.33309
0.79112 0.20888
0.71507 0.28493
0.72493 0.27507
0.73694 0.26306
0.79306 0.20694
0.79306 0.20694
0.65450 0.34550
0.65450 0.34550
0.68433 0.31567
0.68433 0.31567
0.66751 0.33249
0.66751 0.33249
0.65576 0.34424
0.67345 0.32655
0.56864 0.43136
0.61879 0.38121
0.59125 0.40875
0.72789 0.27211
0.76894 0.23106
0.74702 0.25298
0.62620 0.37380
0.62620 0.37380
0.94501 0.05499
0.71357 0.28643
0.75466 0.24534
0.67845 0.32155
0.49898 0.50102
0.57277 0.42723
0.23196 0.76804
0.34303 0.65697
0.28054 0.71946
0.28054 0.71946
0.61885 0.38115
0.61885 0.38115
0.28394 0.71606
0.28394 0.71606
0.27834 0.72166
0.69640 0.30360
0.69774 0.30226
0.90718 0.09282
0.90718 0.09282
0.84920 0.15080
0.76759 0.23241
0.41083 0.58917
0.38469 0.61531
0.61697 0.38303
0.61807 0.38193
0.34140 0.65860
0.62427 0.37573
0.88602 0.11398
0.65904 0.34096
0.89640 0.10360
0.98758 0.01242
0.90992 0.09008
0.55832 0.44168
0.77168 0.22832
0.27714 0.72286
0.92787 0.07213
0.99290 0.00710
0.93906 0.06094
0.60384 0.39616
0.59393 0.40607
0.67503 0.32497
0.68004 0.31996
0.92766 0.07234
0.86127 0.13873
0.86127 0.13873
0.86127 0.13873
0.86127 0.13873
0.87925 0.12075
0.89180 0.10820
0.87925 0.12075
0.89180 0.10820
0.17902 0.82098
0.84767 0.15233
0.98716 0.01284
0.40302 0.59698
0.81860 0.18140
0.82765 0.17235
0.55555 0.44445
0.61350 0.38650
0.62495 0.37505
0.61350 0.38650
0.81389 0.18611
0.72726 0.27274
0.72726 0.27274
0.71458 0.28542
0.71458 0.28542
0.79090 0.20910
0.79985 0.20015
0.79090 0.20910
0.79985 0.20015
0.22275 0.77725
0.70362 0.29638
0.73409 0.26591
0.44291 0.55709
0.56908 0.43092
0.26660 0.73340
0.27582 0.72418
0.80503 0.19497
0.84588 0.15412
0.27310 0.72690
0.92890 0.07110
0.45683 0.54317
0.38044 0.61956
0.44195 0.55805
0.43351 0.56649
0.34835 0.65165
0.33572 0.66428
0.32915 0.67085
0.30889 0.69111
0.97922 0.02078
0.96476 0.03524
0.69329 0.30671
0.84202 0.15798
0.94699 0.05301
0.94699 0.05301
0.94704 0.05296
0.94704 0.05296
0.31709 0.68291
0.42503 0.57497
0.88357 0.11643
0.88558 0.11442
0.69363 0.30637
0.64745 0.35255
0.81044 0.18956
0.77556 0.22444
0.81044 0.18956
0.37128 0.62872
0.34378 0.65622
0.74814 0.25186
0.71299 0.28701
0.99015 0.00985
0.26957 0.73043
0.28850 0.71150
0.27912 0.72088
0.32426 0.67574
0.34841 0.65159
0.33492 0.66508
0.73237 0.26763
0.78267 0.21733
0.80878 0.19122
0.93337 0.06663
0.88865 0.11135
0.52556 0.47444
0.27245 0.72755
0.65640 0.34360
0.83410 0.16590
0.47453 0.52547
0.89977 0.10023
0.32383 0.67617
0.82125 0.17875
0.75697 0.24303
0.57358 0.42642
0.94350 0.05650
0.94350 0.05650
0.67558 0.32442
0.41782 0.58218
0.77451 0.22549
0.67558 0.32442
0.77451 0.22549
0.97999 0.02001
0.98883 0.01117
0.45095 0.54905
0.97999 0.02001
0.45095 0.54905
0.62952 0.37048
0.98729 0.01271
0.94326 0.05673
0.99480 0.00520
0.94129 0.05871
0.92924 0.07076
0.98447 0.01553
0.83182 0.16818
0.80945 0.19055
0.98620 0.01380
0.83463 0.16537
0.56900 0.43100
0.53096 0.46904
0.73421 0.26579
0.73421 0.26579
0.71725 0.28275
0.84841 0.15159
0.85871 0.14129
0.24333 0.75667
0.68244 0.31756
0.60954 0.39046
0.74540 0.25460
0.98816 0.01184
0.93650 0.06350
0.71236 0.28764
0.99940 0.00060
0.22797 0.77203
0.68594 0.31406
0.27981 0.72019
0.90620 0.09380
0.88880 0.11120
0.48316 0.51684
0.91319 0.08681
0.96423 0.03577
0.86579 0.13421
0.96381 0.03619
0.96423 0.03577
0.86579 0.13421
0.96381 0.03619
0.99437 0.00563
0.84557 0.15443
0.99434 0.00566
0.99437 0.00563
0.84557 0.15443
0.99434 0.00566
0.85380 0.14620
0.23610 0.76390
0.88640 0.11360
0.91641 0.08359
0.20637 0.79363
0.89546 0.10454
0.93684 0.06316
0.91646 0.08354
0.97138 0.02862
0.77622 0.22378
0.93391 0.06609
0.36236 0.63764
0.93811 0.06189
0.91584 0.08416
0.99170 0.00830
0.88423 0.11577
0.88423 0.11577
0.51131 0.48869
0.52816 0.47184
0.36291 0.63709
0.89476 0.10524
0.96760 0.03240
0.72874 0.27126
0.26116 0.73884
0.26405 0.73595
0.72379 0.27621
0.29272 0.70728
0.27922 0.72078
0.28256 0.71744
0.13910 0.86090
0.34270 0.65730
0.24333 0.75667
0.74583 0.25417
0.37651 0.62349
0.99964 0.00036
0.99962 0.00038
0.99964 0.00036
0.99964 0.00036
0.99388 0.00612
0.88045 0.11955
0.74797 0.25203
0.80934 0.19066
0.89542 0.10458
0.46888 0.53112
0.33190 0.66810
0.33278 0.66722
0.34028 0.65972
0.31010 0.68990
0.31488 0.68512
0.39957 0.60043
0.83387 0.16613
0.38363 0.61637
0.34772 0.65228
0.96339 0.03661
0.96461 0.03539
0.99727 0.00273
0.99727 0.00273
0.99732 0.00268
0.99732 0.00268
0.99844 0.00156
0.99844 0.00156
0.99840 0.00160
0.94456 0.05544
0.50578 0.49422
0.99956 0.00044
0.55754 0.44246
0.99956 0.00044
0.97650 0.02350
0.97720 0.02280
0.97720 0.02280
0.25230 0.74770
0.34939 0.65061
0.37220 0.62780
0.15998 0.84002
0.62055 0.37945
0.55910 0.44090
0.79758 0.20242
0.32342 0.67658
0.64444 0.35556
0.40520 0.59480
0.90297 0.09703
0.86531 0.13469
0.41548 0.58452
0.44887 0.55113
0.43122 0.56878
0.97872 0.02128
0.69921 0.30079
0.20087 0.79913
0.66663 0.33337
0.20614 0.79386
0.21567 0.78433
0.35176 0.64824
0.32069 0.67931
0.37297 0.62703
0.90375 0.09625
0.32400 0.67600
0.64023 0.35977
0.45858 0.54142
0.93530 0.06470
0.94944 0.05056
0.93413 0.06587
0.95531 0.04469
0.94182 0.05818
0.98846 0.01154
0.26623 0.73377
0.99014 0.00986
0.99014 0.00986
0.99014 0.00986
0.98900 0.01100
0.98900 0.01100
0.98900 0.01100
0.30272 0.69728
0.42162 0.57838
0.99950 0.00050
0.94254 0.05746
0.99621 0.00379
0.91919 0.08081
0.85021 0.14979
0.90865 0.09135
0.99621 0.00379
0.91919 0.08081
0.78224 0.21776
0.40751 0.59249
0.22548 0.77452
0.95756 0.04244
0.98392 0.01608
0.94980 0.05020
0.98109 0.01891
0.30671 0.69329
0.36783 0.63217
0.59532 0.40468
0.72409 0.27591
0.65323 0.34677
0.45175 0.54825
0.45962 0.54038
0.47441 0.52559
0.26125 0.73875
0.26125 0.73875
0.26762 0.73238
0.26762 0.73238
0.32666 0.67334
0.90065 0.09935
0.93267 0.06733
0.71432 0.28568
0.81480 0.18520
0.97941 0.02059
0.20868 0.79132
0.75872 0.24128
0.98856 0.01144
0.99954 0.00046
0.35183 0.64817
0.91140 0.08860
0.91140 0.08860
0.91140 0.08860
0.66888 0.33112
0.66888 0.33112
0.66888 0.33112
0.91140 0.08860
0.91140 0.08860
0.91140 0.08860
0.91140 0.08860
0.91140 0.08860
0.91140 0.08860
0.90190 0.09810
0.96523 0.03477
0.54824 0.45176
0.99550 0.00450
0.97611 0.02389
0.56950 0.43050
0.54136 0.45864
0.78131 0.21869
0.75661 0.24339
0.99951 0.00049
0.49462 0.50538
0.99951 0.00049
0.15530 0.84470
0.98602 0.01398
0.98275 0.01725
0.47788 0.52212
0.47831 0.52169
0.47781 0.52219
0.20589 0.79411
0.35139 0.64861
0.52723 0.47277
0.46342 0.53658
0.49154 0.50846
0.13444 0.86556
0.59776 0.40224
0.71261 0.28739
0.32967 0.67033
0.44155 0.55845
0.99235 0.00765
0.94301 0.05699
0.95479 0.04521
0.81754 0.18246
0.97384 0.02616
0.97682 0.02318
0.97821 0.02179
0.45182 0.54818
0.35556 0.64444
0.31681 0.68319
0.31681 0.68319
0.31217 0.68783
0.43646 0.56354
0.36856 0.63144
0.44280 0.55720
0.44280 0.55720
0.92080 0.07920
0.84675 0.15325
0.84553 0.15447
0.93561 0.06439
0.93484 0.06516
0.95920 0.04080
0.95871 0.04129
0.38014 0.61986
0.38014 0.61986
0.18056 0.81944
0.92336 0.07664
0.99233 0.00767
0.31729 0.68271
0.47259 0.52741
0.29493 0.70507
0.28017 0.71983
0.29493 0.70507
0.28017 0.71983
0.27531 0.72469
0.36894 0.63106
0.22323 0.77677
0.30823 0.69177
0.38060 0.61940
0.38713 0.61287
0.36312 0.63688
0.36312 0.63688
0.42189 0.57811
0.42221 0.57779
0.98204 0.01796
0.71516 0.28484
0.56571 0.43429
0.89071 0.10929
0.80523 0.19477
0.80523 0.19477
0.89359 0.10641
0.80952 0.19048
0.80952 0.19048
0.32027 0.67973
0.67246 0.32754
0.67430 0.32570
0.27395 0.72605
0.50419 0.49581
0.49914 0.50086
0.49914 0.50086
0.31648 0.68352
0.52900 0.47100
0.30807 0.69193
0.25120 0.74880
0.18494 0.81506
0.24083 0.75917
0.87657 0.12343
0.99227 0.00773
0.32098 0.67902
0.67689 0.32311
0.19144 0.80856
0.93595 0.06405
0.99818 0.00182
0.99175 0.00825
0.99991 0.00009
0.99327 0.00673
0.16467 0.83533
0.37989 0.62011
0.22474 0.77526
0.80199 0.19801
0.25362 0.74638
0.42586 0.57414
0.98297 0.01703
0.99088 0.00912
0.99496 0.00504
0.99496 0.00504
0.12696 0.87304
0.46990 0.53010
0.75345 0.24655
0.40526 0.59474
0.99557 0.00443
0.65430 0.34570
0.67467 0.32533
0.99961 0.00039
0.99957 0.00043
0.99962 0.00038
0.50205 0.49795
0.99625 0.00375
0.49549 0.50451
0.99615 0.00385
0.49163 0.50837
0.99601 0.00399
0.51029 0.48971
0.99647 0.00353
0.50613 0.49387
0.58631 0.41369
0.32633 0.67367
0.83380 0.16620
0.76841 0.23159
0.78978 0.21022
0.90346 0.09654
0.90255 0.09745
0.89861 0.10139
0.94137 0.05863
0.94212 0.05788
0.93883 0.06117
0.95767 0.04233
0.95615 0.04385
0.95615 0.04385
0.90817 0.09183
0.90537 0.09463
0.90537 0.09463
0.20687 0.79313
0.90518 0.09482
0.56818 0.43182
0.91822 0.08178
0.40042 0.59958
0.94131 0.05869
0.87772 0.12228
0.93153 0.06847
0.91404 0.08596
0.34819 0.65181
0.40353 0.59647
0.69670 0.30330
0.82940 0.17060
0.73034 0.26966
0.21931 0.78069
0.20730 0.79270
0.21823 0.78177
0.21931 0.78069
0.20730 0.79270
0.21823 0.78177
0.97879 0.02121
0.42842 0.57158
0.44081 0.55919
0.42686 0.57314
0.99365 0.00635
0.67792 0.32208
0.62009 0.37991
0.99305 0.00695
0.60157 0.39843
0.64181 0.35819
0.99199 0.00801
0.99568 0.00432
0.60628 0.39372
0.99260 0.00740
0.91743 0.08257
0.50123 0.49877
0.99285 0.00715
0.54485 0.45515
0.55722 0.44278
0.54043 0.45957
0.99285 0.00715
0.97205 0.02795
0.96338 0.03662
0.97205 0.02795
0.96351 0.03649
0.99882 0.00118
0.51700 0.48300
0.48735 0.51265
0.51700 0.48300
0.48429 0.51571
0.59758 0.40242
0.50450 0.49550
0.47467 0.52533
0.50450 0.49550
0.47153 0.52847
0.58550 0.41450
0.97205 0.02795
0.96338 0.03662
0.97205 0.02795
0.96351 0.03649
0.99882 0.00118
0.49983 0.50017
0.47000 0.53000
0.49983 0.50017
0.46677 0.53323
0.58096 0.41904
0.99980 0.00020
0.99558 0.00442
0.99969 0.00031
0.60606 0.39394
0.82863 0.17137
0.93332 0.06668
0.92213 0.07787
0.80372 0.19628
0.80372 0.19628
0.92213 0.07787
0.93370 0.06630
0.92265 0.07735
0.80355 0.19645
0.80355 0.19645
0.92265 0.07735
0.92291 0.07709
0.91104 0.08896
0.78434 0.21566
0.78434 0.21566
0.91104 0.08896
0.50469 0.49531
0.99190 0.00810
0.48423 0.51577
0.48423 0.51577
0.99190 0.00810
0.99319 0.00681
0.89468 0.10532
0.89296 0.10704
0.89296 0.10704
0.89468 0.10532
0.99357 0.00643
0.90026 0.09974
0.50280 0.49720
0.50280 0.49720
0.90026 0.09974
0.99357 0.00643
0.90026 0.09974
0.50280 0.49720
0.50280 0.49720
0.90026 0.09974
0.91189 0.08811
0.31493 0.68507
0.17484 0.82516
0.43397 0.56603
0.24439 0.75561
0.22990 0.77010
0.34272 0.65728
0.71757 0.28243
0.71158 0.28842
0.73647 0.26353
0.75196 0.24804
0.23947 0.76053
0.69207 0.30793
0.55259 0.44741
0.58546 0.41454
0.54705 0.45295
0.23151 0.76849
0.53261 0.46739
0.34781 0.65219
0.33720 0.66280
0.68010 0.31990
0.71397 0.28603
0.98211 0.01789
0.68188 0.31812
0.97863 0.02137
0.71397 0.28603
0.98211 0.01789
0.68188 0.31812
0.97863 0.02137
0.69294 0.30706
0.91288 0.08712
0.69294 0.30706
0.91288 0.08712
0.65947 0.34053
0.89833 0.10167
0.70466 0.29534
0.91288 0.08712
0.94102 0.05898
0.78458 0.21542
0.94102 0.05898
0.78458 0.21542
0.93057 0.06943
0.75480 0.24520
0.61192 0.38808
0.59719 0.40281
0.90397 0.09603
0.61192 0.38808
0.59719 0.40281
0.90397 0.09603
0.58402 0.41598
0.56898 0.43102
0.89088 0.10912
0.96849 0.03151
0.39143 0.60857
0.48052 0.51948
0.65101 0.34899
0.39596 0.60404
0.73432 0.26568
0.42629 0.57371
0.99448 0.00552
0.99449 0.00551
0.40294 0.59706
0.93448 0.06552
0.70822 0.29178
0.95302 0.04698
0.34638 0.65362
0.98958 0.01042
0.94778 0.05222
0.98754 0.01246
0.84155 0.15845
0.94947 0.05053
0.95848 0.04152
0.84228 0.15772
0.76790 0.23210
0.79658 0.20342
0.28069 0.71931
0.23777 0.76223
0.25242 0.74758
0.97848 0.02152
0.97848 0.02152
0.97848 0.02152
0.39525 0.60475
0.41784 0.58216
0.39525 0.60475
0.41784 0.58216
0.39525 0.60475
0.41784 0.58216
0.39525 0.60475
0.41784 0.58216
0.84135 0.15865
0.86464 0.13536
0.84135 0.15865
0.86464 0.13536
0.39525 0.60475
0.41784 0.58216
0.39525 0.60475
0.41784 0.58216
0.34193 0.65807
0.84318 0.15682
0.34193 0.65807
0.30034 0.69966
0.78266 0.21734
0.28965 0.71035
0.30286 0.69714
0.70455 0.29545
0.90715 0.09285
0.39201 0.60799
0.87814 0.12186
0.34228 0.65772
0.74143 0.25857
0.38841 0.61159
0.94004 0.05996
0.99392 0.00608
0.79468 0.20532
0.80014 0.19986
0.37304 0.62696
0.80014 0.19986
0.37304 0.62696
0.79489 0.20511
0.82934 0.17066
0.50857 0.49143
0.50533 0.49467
0.39048 0.60952
0.49120 0.50880
0.48796 0.51204
0.73478 0.26522
0.72258 0.27742
0.56705 0.43295
0.56705 0.43295
0.56705 0.43295
0.56705 0.43295
0.68699 0.31301
0.39929 0.60071
0.44054 0.55946
0.40996 0.59004
0.26783 0.73217
0.27111 0.72889
0.71791 0.28209
0.63704 0.36296
0.35583 0.64417
0.39378 0.60622
0.36625 0.63375
0.52451 0.47549
0.46683 0.53317
0.44552 0.55448
0.26993 0.73007
0.97291 0.02709
0.28873 0.71127
0.31375 0.68625
0.94617 0.05383
0.90921 0.09079
0.31353 0.68647
0.30097 0.69903
0.22070 0.77930
0.48774 0.51226
0.29590 0.70410
0.59505 0.40495
0.58390 0.41610
0.26437 0.73563
0.28773 0.71227
0.79948 0.20052
0.26789 0.73211
0.25802 0.74198
0.53867 0.46133
0.21996 0.78004
0.15001 0.84999
0.48841 0.51159
0.38846 0.61154
0.48841 0.51159
0.38846 0.61154
0.24749 0.75251
0.35256 0.64744
0.46686 0.53314
0.59730 0.40270
0.74826 0.25174
0.60405 0.39595
0.76334 0.23666
0.26205 0.73795
0.44982 0.55018
0.65155 0.34845
0.44982 0.55018
0.65155 0.34845
0.98087 0.01913
0.65527 0.34473
0.98098 0.01902
0.78882 0.21118
0.78883 0.21117
0.55726 0.44274
0.55620 0.44380
0.55726 0.44274
0.55620 0.44380
0.55726 0.44274
0.55726 0.44274
0.85833 0.14167
0.85912 0.14088
0.71227 0.28773
0.99195 0.00805
0.33974 0.66026
0.68178 0.31822
0.63900 0.36100
0.65060 0.34940
0.96978 0.03022
0.56322 0.43678
0.55494 0.44506
0.34129 0.65871
0.32751 0.67249
0.68285 0.31715
0.27552 0.72448
0.26873 0.73127
0.27174 0.72826
0.53465 0.46535
0.32817 0.67183
0.81850 0.18150
0.49749 0.50251
0.62026 0.37974
0.30369 0.69631
0.30369 0.69631
0.30369 0.69631
0.30419 0.69581
0.30419 0.69581
0.30419 0.69581
0.33077 0.66923
0.33077 0.66923
0.33077 0.66923
0.94797 0.05203
0.95917 0.04083
0.97653 0.02347
0.52276 0.47724
0.50019 0.49981
0.99840 0.00160
0.43236 0.56764
0.95358 0.04642
0.92831 0.07169
0.45742 0.54258
0.45815 0.54185
0.99543 0.00457
0.99750 0.00250
0.94369 0.05631
0.99673 0.00327
0.99763 0.00237
0.99987 0.00013
0.89366 0.10635
0.98823 0.01177
0.36633 0.63367
0.61848 0.38152
0.22021 0.77979
0.55658 0.44342
0.56716 0.43284
0.99722 0.00278
0.99354 0.00646
0.22692 0.77308
0.50550 0.49450
0.90644 0.09356
0.99970 0.00030
0.99143 0.00857
0.90788 0.09212
0.36335 0.63665
0.68772 0.31228
0.87555 0.12445
0.26359 0.73641
0.85785 0.14215
0.48729 0.51271
0.48076 0.51924
0.51501 0.48499
0.50118 0.49882
0.51427 0.48573
0.55371 0.44629
0.56408 0.43592
0.55371 0.44629
0.56408 0.43592
0.41158 0.58842
0.99945 0.00055
0.49513 0.50487
0.99941 0.00059
0.42147 0.57853
0.40918 0.59082
0.40918 0.59082
0.44680 0.55320
0.36961 0.63039
0.29601 0.70399
0.48732 0.51268
0.85942 0.14058
0.42785 0.57215
0.36017 0.63983
0.36103 0.63897
0.25072 0.74928
0.56583 0.43417
0.64996 0.35004
0.62615 0.37385
0.85168 0.14832
0.58430 0.41570
0.55771 0.44229
0.49494 0.50506
0.75775 0.24225
0.54401 0.45599
0.77090 0.22910
0.54401 0.45599
0.78023 0.21977
0.26698 0.73302
0.39555 0.60445
0.95822 0.04178
0.39555 0.60445
0.39555 0.60445
0.95831 0.04169
0.39555 0.60445
0.28746 0.71254
0.77172 0.22828
0.35226 0.64774
0.31070 0.68930
0.35414 0.64586
0.34359 0.65641
0.35226 0.64774
0.31070 0.68930
0.35414 0.64586
0.34359 0.65641
0.14688 0.85312
0.74180 0.25820
0.73522 0.26478
0.33257 0.66743
0.69965 0.30035
0.65912 0.34088
0.35029 0.64971
0.35029 0.64971
0.35384 0.64616
0.96327 0.03673
0.85450 0.14550
0.85144 0.14856
0.32606 0.67394
0.77012 0.22988
0.80962 0.19038
0.56124 0.43876
0.99343 0.00657
0.99343 0.00657
0.99983 0.00017
0.99354 0.00646
0.99354 0.00646
0.56410 0.43590
0.99187 0.00813
0.99205 0.00795
0.50017 0.49983
0.50108 0.49892
0.50108 0.49892
0.43499 0.56501
0.43610 0.56390
0.43610 0.56390
0.99752 0.00248
0.47196 0.52804
0.47196 0.52804
0.88674 0.11326
0.64090 0.35910
0.69902 0.30098
0.96431 0.03569
0.27617 0.72383
0.24840 0.75160
0.29375 0.70625
0.30960 0.69040
0.77005 0.22995
0.85405 0.14595
0.99794 0.00206
0.95805 0.04195
0.98889 0.01111
0.44325 0.55675
0.45465 0.54535
0.96345 0.03655
0.48506 0.51494
0.38144 0.61856
0.94867 0.05133
0.99169 0.00831
0.95327 0.04673
0.80284 0.19716
0.69492 0.30508
0.77335 0.22665
0.94066 0.05934
0.71182 0.28818
0.68077 0.31923
0.97375 0.02625
0.68077 0.31923
0.97347 0.02653
0.97347 0.02653
0.97347 0.02653
0.58052 0.41948
0.77841 0.22159
0.83006 0.16994
0.83006 0.16994
0.57640 0.42360
0.65220 0.34780
0.28064 0.71936
0.33779 0.66221
0.45563 0.54437
0.42461 0.57539
0.53626 0.46374
0.93431 0.06569
0.76540 0.23460
0.76540 0.23460
0.85819 0.14181
0.21659 0.78341
0.25294 0.74706
0.66273 0.33727
0.99974 0.00026
0.69849 0.30151
0.26923 0.73077
0.84308 0.15692
0.41229 0.58771
0.99717 0.00283
0.82913 0.17087
0.91853 0.08147
0.99909 0.00091
0.81265 0.18735
0.22368 0.77632
0.64951 0.35049
0.27810 0.72190
0.98879 0.01121
0.99977 0.00023
0.98879 0.01121
0.99977 0.00023
0.99827 0.00173
0.40840 0.59160
0.84038 0.15962
0.88301 0.11699
0.89050 0.10950
0.74996 0.25004
0.79449 0.20551
0.80485 0.19515
0.68405 0.31595
0.73746 0.26254
0.74928 0.25072
0.88819 0.11181
0.32221 0.67779
0.99730 0.00270
0.48962 0.51038
0.84642 0.15358
0.50048 0.49952
0.45766 0.54234
0.50048 0.49952
0.45766 0.54234
0.35624 0.64376
0.32464 0.67536
0.32133 0.67867
0.96765 0.03235
0.81185 0.18815
0.45302 0.54698
0.96765 0.03235
0.81185 0.18815
0.45302 0.54698
0.80033 0.19967
0.42639 0.57361
0.44057 0.55943
0.76444 0.23556
0.44057 0.55943
0.76444 0.23556
0.99189 0.00811
0.71375 0.28625
0.21745 0.78255
0.23927 0.76073
0.21226 0.78774
0.23621 0.76379
0.84874 0.15126
0.95074 0.04926
0.35536 0.64464
0.67013 0.32987
0.88744 0.11256
0.84892 0.15108
0.35525 0.64475
0.71236 0.28764
0.97674 0.02326
0.31683 0.68317
0.24588 0.75412
0.98318 0.01682
0.99604 0.00396
0.80271 0.19729
0.95832 0.04168
0.46219 0.53781
0.95832 0.04168
0.95832 0.04168
0.35281 0.64719
0.96982 0.03018
0.98815 0.01185
0.96982 0.03018
0.96994 0.03006
0.82502 0.17498
0.37555 0.62445
0.82833 0.17167
0.66535 0.33465
0.47948 0.52052
0.74138 0.25862
0.93786 0.06214
0.75902 0.24098
0.40085 0.59915
0.88164 0.11836
0.80025 0.19975
0.88209 0.11791
0.97841 0.02159
0.99431 0.00569
0.86355 0.13645
0.89137 0.10863
0.57492 0.42508
0.88674 0.11326
0.57492 0.42508
0.88674 0.11326
0.99983 0.00017
0.39995 0.60005
0.95616 0.04384
0.57091 0.42909
0.58296 0.41704
0.95045 0.04955
0.99968 0.00032
0.82732 0.17268
0.99804 0.00196
0.84765 0.15235
0.43008 0.56992
0.34572 0.65428
0.48146 0.51854
0.98304 0.01696
0.59337 0.40663
0.97673 0.02327
0.70269 0.29731
0.33353 0.66647
0.69153 0.30847
0.22666 0.77334
0.94197 0.05803
0.95100 0.04900
0.21543 0.78457
0.97918 0.02082
0.98911 0.01089
0.97721 0.02279
0.44854 0.55146
0.51772 0.48228
0.87919 0.12081
0.25799 0.74201
0.51112 0.48888
0.99945 0.00055
0.97992 0.02008
0.99919 0.00081
0.97494 0.02506
0.38266 0.61734
0.86093 0.13907
0.98471 0.01529
0.48490 0.51510
0.99959 0.00041
0.99945 0.00055
0.99973 0.00027
0.99945 0.00055
0.99973 0.00027
0.99961 0.00039
0.90073 0.09927
0.57201 0.42799
0.89029 0.10971
0.53632 0.46368
0.83513 0.16487
0.45362 0.54638
0.90009 0.09991
0.36457 0.63543
0.86748 0.13252
0.87443 0.12557
0.90409 0.09591
0.35102 0.64898
0.88743 0.11257
0.99984 0.00016
0.45337 0.54663
0.78849 0.21151
0.83065 0.16935
0.78849 0.21151
0.80100 0.19900
0.37788 0.62212
0.21601 0.78399
0.30339 0.69661
0.36183 0.63817
0.99059 0.00941
0.25806 0.74194
0.23847 0.76153
0.52593 0.47407
0.47986 0.52014
0.90319 0.09681
0.54635 0.45365
0.98139 0.01861
0.53156 0.46844
0.50885 0.49115
0.49335 0.50665
0.25677 0.74323
0.32634 0.67366
0.31848 0.68152
0.29868 0.70132
0.39495 0.60505
0.35443 0.64557
0.79916 0.20084
0.39124 0.60876
0.98138 0.01862
0.99966 0.00034
0.98439 0.01561
0.92526 0.07474
0.90027 0.09973
0.46069 0.53931
0.28119 0.71881
0.28849 0.71151
0.64559 0.35441
0.21769 0.78231
0.54214 0.45786
0.58417 0.41583
0.29107 0.70893
0.96508 0.03492
0.85617 0.14383
0.98888 0.01112
0.23682 0.76318
0.91367 0.08633
0.19857 0.80143
0.30246 0.69754
0.31186 0.68814
0.30246 0.69754
0.31186 0.68814
0.56881 0.43119
0.56881 0.43119
0.98579 0.01421
0.99897 0.00103
0.96415 0.03585
0.56881 0.43119
0.56881 0.43119
0.56881 0.43119
0.98579 0.01421
0.99897 0.00103
0.96415 0.03585
0.56881 0.43119
0.41305 0.58695
0.97747 0.02253
0.98941 0.01059
0.41305 0.58695
0.41305 0.58695
0.97747 0.02253
0.98941 0.01059
0.41305 0.58695
0.95929 0.04071
0.44954 0.55046
0.48778 0.51222
0.95174 0.04826
0.93817 0.06183
0.27354 0.72646
0.27188 0.72812
0.33179 0.66821
0.67475 0.32525
0.85667 0.14333
0.88885 0.11115
0.85704 0.14296
0.45423 0.54577
0.45616 0.54384
0.44087 0.55913
0.97942 0.02058
0.44087 0.55913
0.45524 0.54476
0.97942 0.02058
0.41776 0.58224
0.41776 0.58224
0.86690 0.13310
0.38643 0.61357
0.71722 0.28278
0.88701 0.11299
0.61370 0.38630
0.62843 0.37157
0.78837 0.21163
0.18292 0.81708
0.30188 0.69812
0.75217 0.24783
0.25723 0.74277
0.27292 0.72708
0.81578 0.18422
0.80727 0.19273
0.99198 0.00802
0.98916 0.01084
0.95894 0.04106
0.99669 0.00331
0.99572 0.00428
0.99550 0.00450
0.97494 0.02506
0.95674 0.04326
0.43281 0.56719
0.40346 0.59654
0.95350 0.04650
0.95350 0.04650
0.93526 0.06474
0.93526 0.06474
0.96157 0.03843
0.94400 0.05600
0.93922 0.06078
0.45791 0.54209
0.42139 0.57861
0.82724 0.17276
0.83569 0.16431
0.69210 0.30790
0.72229 0.27771
0.71052 0.28948
0.20953 0.79047
0.83451 0.16549
0.26425 0.73575
0.99606 0.00394
0.43357 0.56643
0.24404 0.75596
0.21706 0.78294
0.24607 0.75393
0.41991 0.58009
0.25207 0.74793
0.90899 0.09101
0.76231 0.23769
0.75808 0.24192
0.23744 0.76256
0.30248 0.69752
0.56508 0.43492
0.33698 0.66302
0.97816 0.02184
0.99848 0.00152
0.69232 0.30768
0.91217 0.08783
0.35125 0.64875
0.81576 0.18424
0.91759 0.08241
0.49866 0.50134
0.51230 0.48770
0.96908 0.03092
0.98312 0.01688
0.46141 0.53859
0.98495 0.01505
0.19645 0.80355
0.35925 0.64075
0.95698 0.04302
0.99995 0.00005
0.99999 0.00001
0.97554 0.02446
0.99208 0.00792
0.99730 0.00270
0.83299 0.16701
0.21075 0.78925
0.45739 0.54261
0.25769 0.74231
0.97304 0.02696
0.21728 0.78272
0.98471 0.01529
0.98925 0.01075
0.31367 0.68633
0.35226 0.64774
0.97490 0.02510
0.98071 0.01929
0.98782 0.01218
0.85840 0.14160
0.91207 0.08793
0.31647 0.68353
0.26855 0.73145
0.98880 0.01120
0.45789 0.54211
0.86063 0.13937
0.25268 0.74732
0.29724 0.70276
0.97551 0.02449
0.35710 0.64290
0.37774 0.62226
0.59703 0.40297
0.31295 0.68705
0.36171 0.63829
0.50407 0.49593
0.63298 0.36702
0.96712 0.03288
0.91379 0.08621
0.95593 0.04407
0.97649 0.02351
0.95898 0.04102
