0.59012 0.40988
0.63543 0.36457
0.62019 0.37981
0.62792 0.37208
0.64136 0.35864
0.59640 0.40360
0.60263 0.39737
0.61640 0.38360
0.61272 0.38728
0.59989 0.40011
0.58158 0.41842
0.61173 0.38827
0.59993 0.40007
0.60018 0.39982
0.63065 0.36935
0.59255 0.40745
0.60314 0.39686
0.59963 0.40037
0.58969 0.41031
0.62000 0.38000
0.62348 0.37652
0.62291 0.37709
0.62461 0.37539
0.61586 0.38414
0.60378 0.39622
0.61660 0.38340
0.61554 0.38446
0.61690 0.38310
0.61331 0.38669
0.61368 0.38632
0.61443 0.38557
0.61218 0.38782
0.62803 0.37197
0.63499 0.36501
0.63666 0.36334
0.63666 0.36334
0.63666 0.36334
0.63429 0.36571
0.64236 0.35764
0.64156 0.35844
0.64156 0.35844
0.64156 0.35844
0.63429 0.36571
0.64236 0.35764
0.64156 0.35844
0.64156 0.35844
0.64156 0.35844
0.61591 0.38409
0.62116 0.37884
0.61591 0.38409
0.62514 0.37486
0.63149 0.36851
0.62514 0.37486
0.63149 0.36851
0.65675 0.34325
0.64609 0.35391
0.59598 0.40402
0.59761 0.40239
0.62220 0.37780
0.62937 0.37063
0.62006 0.37994
0.58829 0.41171
0.58902 0.41098
0.63170 0.36830
0.62840 0.37160
0.62840 0.37160
0.62014 0.37986
0.62480 0.37520
0.61532 0.38468
0.61357 0.38643
0.61357 0.38643
0.60919 0.39081
0.61644 0.38356
0.62800 0.37200
0.61058 0.38942
0.61540 0.38460
0.60382 0.39618
0.59116 0.40885
0.59605 0.40395
0.60103 0.39897
0.62303 0.37697
0.61943 0.38057
0.59110 0.40890
0.62705 0.37295
0.63091 0.36909
0.62705 0.37295
0.62404 0.37596
0.61072 0.38928
0.59004 0.40996
0.64561 0.35439
0.62025 0.37975
0.58072 0.41928
0.58835 0.41165
0.58072 0.41928
0.58835 0.41165
0.58996 0.41004
0.61369 0.38631
0.61875 0.38125
0.62314 0.37686
0.62064 0.37936
0.58879 0.41121
0.59631 0.40369
0.58605 0.41395
0.60939 0.39061
0.59767 0.40233
0.59907 0.40093
0.59949 0.40051
0.62083 0.37917
0.62355 0.37645
0.62376 0.37624
0.62890 0.37110
0.59028 0.40972
0.60549 0.39451
0.59535 0.40465
0.63527 0.36473
0.63501 0.36499
0.62296 0.37704
0.62498 0.37502
0.62597 0.37403
0.63507 0.36493
0.65165 0.34835
0.65330 0.34670
0.60514 0.39486
0.60612 0.39388
0.66032 0.33968
0.64308 0.35692
0.63027 0.36973
0.60133 0.39867
0.62824 0.37176
0.61722 0.38278
0.58970 0.41030
0.60279 0.39721
0.63545 0.36455
0.63545 0.36455
0.63457 0.36543
0.63457 0.36543
0.59326 0.40674
0.59711 0.40289
0.63625 0.36375
0.63625 0.36375
0.60060 0.39940
0.59589 0.40411
0.61694 0.38306
0.61028 0.38972
0.63079 0.36921
0.61761 0.38239
0.61669 0.38331
0.62556 0.37444
0.60898 0.39102
0.60884 0.39116
0.60710 0.39290
0.59276 0.40724
0.58418 0.41582
0.58392 0.41608
0.58893 0.41107
0.60119 0.39881
0.59474 0.40526
0.59548 0.40452
0.59375 0.40625
0.59079 0.40921
0.59276 0.40724
0.59079 0.40921
0.59276 0.40724
0.61163 0.38837
0.61908 0.38092
0.61057 0.38943
0.65528 0.34472
0.61982 0.38018
0.59869 0.40131
0.61969 0.38031
0.61986 0.38014
0.59869 0.40131
0.59869 0.40131
0.59869 0.40131
0.59386 0.40614
0.61102 0.38898
0.61338 0.38662
0.60703 0.39297
0.60266 0.39734
0.59680 0.40320
0.63996 0.36004
0.62862 0.37138
0.62525 0.37475
0.59919 0.40081
0.60524 0.39476
0.60570 0.39430
0.60979 0.39021
0.61920 0.38080
0.61414 0.38586
0.62334 0.37666
0.63170 0.36830
0.63310 0.36690
0.61054 0.38946
0.60435 0.39565
0.58246 0.41754
0.65107 0.34893
0.65822 0.34178
0.63321 0.36679
0.61129 0.38871
0.64791 0.35209
0.65459 0.34541
0.62850 0.37150
0.62618 0.37382
0.61943 0.38057
0.61943 0.38057
0.61982 0.38018
0.61982 0.38018
0.62861 0.37139
0.62861 0.37139
0.62071 0.37929
0.61381 0.38619
0.62496 0.37504
0.62499 0.37501
0.63643 0.36357
0.63648 0.36352
0.63093 0.36907
0.64543 0.35457
0.60116 0.39884
0.60116 0.39884
0.61461 0.38539
0.61461 0.38539
0.61628 0.38372
0.60814 0.39186
0.62059 0.37941
0.60966 0.39034
0.60805 0.39195
0.60061 0.39939
0.60765 0.39235
0.62933 0.37067
0.62200 0.37800
0.62137 0.37863
0.61233 0.38767
0.59264 0.40736
0.64206 0.35794
0.64735 0.35265
0.64172 0.35828
0.62303 0.37697
0.59443 0.40557
0.59179 0.40821
0.58484 0.41516
0.59179 0.40821
0.59179 0.40821
0.58484 0.41516
0.59179 0.40821
0.61539 0.38461
0.57925 0.42075
0.60250 0.39750
0.59604 0.40396
0.59604 0.40396
0.62204 0.37796
0.62080 0.37920
0.62717 0.37283
0.61711 0.38289
0.62606 0.37394
0.60801 0.39199
0.62636 0.37364
0.63070 0.36930
0.62926 0.37074
0.62220 0.37780
0.62439 0.37561
0.62446 0.37554
0.60406 0.39594
0.67486 0.32514
0.61976 0.38024
0.62745 0.37255
0.61393 0.38607
0.61887 0.38113
0.63214 0.36786
0.60180 0.39820
0.60491 0.39509
0.62673 0.37327
0.60437 0.39563
0.61544 0.38456
0.62916 0.37084
0.64393 0.35607
0.64145 0.35855
0.64429 0.35571
0.64364 0.35636
0.64116 0.35884
0.64402 0.35598
0.59656 0.40344
0.61766 0.38234
0.61725 0.38275
0.62844 0.37156
0.62513 0.37487
0.61836 0.38164
0.61793 0.38207
0.62822 0.37178
0.62492 0.37508
0.61262 0.38738
0.60234 0.39766
0.60195 0.39805
0.61137 0.38863
0.61176 0.38824
0.63609 0.36391
0.63616 0.36384
0.62354 0.37646
0.59538 0.40462
0.59997 0.40003
0.59538 0.40462
0.59997 0.40003
0.59570 0.40430
0.59971 0.40029
0.61030 0.38970
0.59907 0.40093
0.62499 0.37501
0.62612 0.37388
0.60995 0.39005
0.63670 0.36330
0.62330 0.37670
0.61492 0.38508
0.64484 0.35516
0.61511 0.38489
0.60001 0.39999
0.62075 0.37925
0.63769 0.36231
0.62025 0.37975
0.62521 0.37479
0.62067 0.37933
0.59888 0.40112
0.60163 0.39837
0.60521 0.39479
0.65170 0.34830
0.64512 0.35488
0.60901 0.39099
0.59412 0.40588
0.61290 0.38710
0.59697 0.40303
0.60901 0.39099
0.59412 0.40588
0.61290 0.38710
0.59697 0.40303
0.63563 0.36437
0.63108 0.36892
0.62430 0.37570
0.60074 0.39926
0.61253 0.38747
0.61543 0.38457
0.63727 0.36273
0.63319 0.36681
0.64052 0.35948
0.62283 0.37717
0.62283 0.37717
0.62412 0.37588
0.65213 0.34787
0.65077 0.34923
0.62020 0.37980
0.61905 0.38095
0.60258 0.39742
0.60088 0.39912
0.63657 0.36343
0.63313 0.36687
0.63657 0.36343
0.63313 0.36687
0.63531 0.36469
0.63303 0.36697
0.63531 0.36469
0.63303 0.36697
0.58935 0.41065
0.58819 0.41181
0.62582 0.37418
0.64049 0.35951
0.64434 0.35566
0.62474 0.37526
0.60368 0.39632
0.62866 0.37134
0.65023 0.34977
0.62691 0.37309
0.62487 0.37513
0.61783 0.38217
0.60798 0.39202
0.61784 0.38216
0.60739 0.39261
0.62918 0.37082
0.62918 0.37082
0.62778 0.37222
0.62778 0.37222
0.63093 0.36907
0.63093 0.36907
0.62302 0.37698
0.61405 0.38595
0.62307 0.37693
0.61464 0.38536
0.61917 0.38083
0.61917 0.38083
0.61917 0.38083
0.62497 0.37503
0.62497 0.37503
0.62497 0.37503
0.61917 0.38083
0.61917 0.38083
0.61917 0.38083
0.61917 0.38083
0.61917 0.38083
0.61917 0.38083
0.59324 0.40676
0.61014 0.38986
0.61370 0.38630
0.59752 0.40248
0.61525 0.38475
0.61576 0.38424
0.64926 0.35074
0.64040 0.35960
0.61908 0.38092
0.64547 0.35453
0.64723 0.35277
0.64723 0.35277
0.64441 0.35559
0.64441 0.35559
0.61114 0.38886
0.61492 0.38508
0.63136 0.36864
0.62768 0.37232
0.62985 0.37015
0.62152 0.37848
0.62152 0.37848
0.62536 0.37464
0.60993 0.39007
0.61325 0.38675
0.61609 0.38391
0.62150 0.37850
0.62532 0.37468
0.61788 0.38212
0.60801 0.39199
0.61963 0.38037
0.60544 0.39456
0.61009 0.38991
0.62181 0.37819
0.60764 0.39236
0.61228 0.38772
0.61690 0.38310
0.60499 0.39501
0.60843 0.39157
0.61771 0.38229
0.60462 0.39538
0.60918 0.39082
0.58263 0.41737
0.59283 0.40717
0.59918 0.40082
0.61189 0.38811
0.65034 0.34966
0.60099 0.39901
0.61238 0.38762
0.60583 0.39417
0.60406 0.39594
0.64706 0.35294
0.64563 0.35437
0.64744 0.35256
0.64801 0.35199
0.64536 0.35464
0.64663 0.35337
0.59950 0.40050
0.60039 0.39961
0.59788 0.40212
0.59874 0.40126
0.59337 0.40663
0.59792 0.40208
0.59749 0.40251
0.59904 0.40096
0.59182 0.40818
0.59182 0.40818
0.62201 0.37799
0.61911 0.38089
0.62370 0.37630
0.61783 0.38217
0.62198 0.37802
0.61908 0.38092
0.62366 0.37634
0.61780 0.38220
0.63108 0.36892
0.62228 0.37772
0.62097 0.37903
0.62308 0.37692
0.62039 0.37961
0.62215 0.37785
0.62228 0.37772
0.62097 0.37903
0.62308 0.37692
0.62039 0.37961
0.62215 0.37785
0.61789 0.38211
0.61226 0.38774
0.65339 0.34661
0.64898 0.35102
0.58775 0.41225
0.66501 0.33499
0.66601 0.33399
0.65003 0.34997
0.65045 0.34955
0.61475 0.38525
0.64563 0.35437
0.63977 0.36023
0.63922 0.36078
0.63502 0.36498
0.60113 0.39887
0.60113 0.39887
0.60113 0.39887
0.60855 0.39145
0.61191 0.38809
0.61948 0.38052
0.61759 0.38241
0.61339 0.38661
0.62377 0.37623
0.61816 0.38184
0.61725 0.38275
0.60487 0.39513
0.59934 0.40066
0.60154 0.39846
0.60519 0.39481
0.59506 0.40494
0.56570 0.43430
0.62091 0.37909
0.60161 0.39839
0.57455 0.42545
0.59180 0.40819
0.59702 0.40298
0.58188 0.41812
0.58140 0.41860
0.61362 0.38637
0.61792 0.38208
0.61462 0.38538
0.61856 0.38144
0.61240 0.38760
0.61240 0.38760
0.61125 0.38875
0.61520 0.38480
0.61031 0.38969
0.61485 0.38515
0.61483 0.38517
0.61701 0.38299
0.61701 0.38299
0.61831 0.38169
0.61069 0.38931
0.61808 0.38192
0.60062 0.39938
0.60870 0.39130
0.60774 0.39226
0.61561 0.38439
0.60136 0.39864
0.61336 0.38664
0.60683 0.39317
0.61696 0.38304
0.60215 0.39785
0.61019 0.38981
0.60062 0.39938
0.60870 0.39130
0.60774 0.39226
0.61561 0.38439
0.60881 0.39119
0.62030 0.37970
0.64000 0.36000
0.62517 0.37483
0.61299 0.38701
0.65572 0.34428
0.64132 0.35868
0.65947 0.34053
0.64527 0.35473
0.66105 0.33895
0.64692 0.35308
0.65514 0.34486
0.64079 0.35921
0.64480 0.35520
0.64480 0.35520
0.64480 0.35520
0.64480 0.35520
0.63567 0.36433
0.64930 0.35070
0.60042 0.39958
0.59357 0.40643
0.59336 0.40664
0.61202 0.38798
0.61422 0.38578
0.61271 0.38729
0.61679 0.38321
0.58193 0.41807
0.62237 0.37763
0.60823 0.39177
0.59432 0.40568
0.62573 0.37427
0.62145 0.37855
0.61987 0.38013
0.61024 0.38976
0.60841 0.39159
0.60853 0.39147
0.61597 0.38403
0.60323 0.39677
0.61140 0.38860
0.60323 0.39677
0.61140 0.38860
0.63528 0.36472
0.62535 0.37465
0.63370 0.36630
0.63575 0.36425
0.62340 0.37660
0.62340 0.37660
0.62663 0.37337
0.62751 0.37249
0.61861 0.38139
0.61861 0.38139
0.62283 0.37717
0.62369 0.37631
0.62207 0.37793
0.62207 0.37793
0.62628 0.37372
0.62821 0.37179
0.62114 0.37886
0.62114 0.37886
0.62441 0.37559
0.62528 0.37472
0.66006 0.33994
0.61789 0.38211
0.61296 0.38704
0.61296 0.38704
0.61248 0.38752
0.61579 0.38421
0.61677 0.38323
0.63161 0.36839
0.62728 0.37272
0.64203 0.35797
0.64693 0.35307
0.64977 0.35023
0.65663 0.34337
0.63184 0.36816
0.62312 0.37688
0.63224 0.36776
0.61871 0.38129
0.62248 0.37752
0.62248 0.37752
0.62687 0.37313
0.62687 0.37313
0.62673 0.37327
0.62673 0.37327
0.62761 0.37239
0.62761 0.37239
0.61660 0.38340
0.61008 0.38992
0.62039 0.37961
0.61150 0.38850
0.62110 0.37890
0.61358 0.38642
0.61817 0.38183
0.60942 0.39058
0.62110 0.37890
0.61358 0.38642
0.61801 0.38199
0.60924 0.39076
0.62110 0.37890
0.61358 0.38642
0.61014 0.38986
0.60437 0.39563
0.63954 0.36046
0.63954 0.36046
0.63375 0.36625
0.63375 0.36625
0.63735 0.36265
0.63735 0.36265
0.58984 0.41016
0.61151 0.38849
0.60856 0.39144
0.63482 0.36518
0.63482 0.36518
0.59954 0.40046
0.59933 0.40067
0.60998 0.39002
0.60821 0.39179
0.61936 0.38064
0.63105 0.36895
0.63566 0.36434
0.63756 0.36244
0.62510 0.37490
0.62535 0.37465
0.62913 0.37087
0.61739 0.38261
0.61883 0.38117
0.63069 0.36931
0.57588 0.42412
0.60612 0.39388
0.59983 0.40017
0.62526 0.37474
0.58736 0.41264
0.59310 0.40690
0.60112 0.39888
0.59365 0.40635
0.63865 0.36135
0.58433 0.41567
0.57881 0.42119
0.62703 0.37297
0.62283 0.37717
0.62088 0.37912
0.63625 0.36375
0.64850 0.35150
0.64491 0.35509
0.63756 0.36244
0.63290 0.36710
0.64491 0.35509
0.64436 0.35564
0.64491 0.35509
0.62752 0.37248
0.62617 0.37383
0.62939 0.37061
0.62886 0.37114
0.61744 0.38256
0.60552 0.39448
0.61703 0.38297
0.64459 0.35541
0.61292 0.38708
0.61273 0.38727
0.61623 0.38377
0.62881 0.37119
0.61583 0.38417
0.62635 0.37365
0.61118 0.38882
0.61101 0.38899
0.62674 0.37326
0.57687 0.42313
0.57107 0.42893
0.57504 0.42496
0.56964 0.43036
0.60737 0.39263
0.60624 0.39376
0.62816 0.37184
0.62971 0.37029
0.62816 0.37184
0.61096 0.38904
0.61596 0.38404
0.61458 0.38542
0.61757 0.38243
0.61607 0.38393
0.60194 0.39806
0.60349 0.39651
0.59375 0.40625
0.58783 0.41217
0.62561 0.37439
0.62847 0.37153
0.64601 0.35399
0.59963 0.40037
0.59469 0.40531
0.60167 0.39833
0.59542 0.40458
0.60692 0.39308
0.61291 0.38709
0.61217 0.38783
0.60765 0.39235
0.61587 0.38413
0.60778 0.39222
0.62454 0.37546
0.62765 0.37235
0.63368 0.36632
0.63434 0.36566
0.62522 0.37478
0.62522 0.37478
0.62948 0.37052
0.62461 0.37539
0.62461 0.37539
0.62422 0.37578
0.62422 0.37578
0.62328 0.37672
0.62328 0.37672
0.62814 0.37186
0.62814 0.37186
0.62157 0.37843
0.62157 0.37843
0.60761 0.39239
0.60062 0.39938
0.60995 0.39005
0.60380 0.39620
0.59169 0.40831
0.60628 0.39372
0.60691 0.39309
0.60176 0.39824
0.61288 0.38712
0.61387 0.38613
0.61526 0.38474
0.57977 0.42023
0.63467 0.36533
0.61220 0.38780
0.60371 0.39629
0.60451 0.39549
0.60053 0.39947
0.60887 0.39113
0.61852 0.38148
0.63302 0.36698
0.63026 0.36974
0.63143 0.36857
0.62010 0.37990
0.61934 0.38066
0.62139 0.37861
0.63925 0.36075
0.63577 0.36423
0.63577 0.36423
0.63577 0.36423
0.63173 0.36827
0.63248 0.36752
0.63577 0.36423
0.60467 0.39533
0.60494 0.39506
0.61137 0.38863
0.60724 0.39276
0.60563 0.39437
0.60612 0.39388
0.60134 0.39866
0.60306 0.39694
0.58515 0.41485
0.58676 0.41324
0.63640 0.36360
0.63727 0.36273
0.60561 0.39439
0.60485 0.39515
0.61731 0.38269
0.61446 0.38554
0.62846 0.37154
0.61867 0.38133
0.61816 0.38184
0.61700 0.38300
0.63097 0.36903
0.62125 0.37875
0.61388 0.38612
0.58939 0.41061
0.58943 0.41057
0.64463 0.35537
0.65323 0.34677
0.63089 0.36911
0.62772 0.37228
0.61995 0.38005
0.61787 0.38213
0.61854 0.38146
0.62851 0.37149
0.61647 0.38353
0.57257 0.42743
0.57521 0.42479
0.60097 0.39903
0.60706 0.39295
0.59907 0.40093
0.60739 0.39261
0.60230 0.39770
0.61069 0.38931
0.61145 0.38855
0.56926 0.43074
0.59018 0.40982
0.58703 0.41297
0.60053 0.39947
0.59620 0.40380
0.60571 0.39429
0.59289 0.40711
0.60660 0.39340
0.61435 0.38565
0.59291 0.40709
0.61161 0.38839
0.60701 0.39299
0.59587 0.40413
0.61373 0.38627
0.59567 0.40433
0.60593 0.39407
0.60947 0.39053
0.62302 0.37698
0.62578 0.37422
0.62302 0.37698
0.62878 0.37122
0.61166 0.38834
0.62769 0.37231
0.62769 0.37231
0.61965 0.38035
0.60278 0.39722
0.62302 0.37698
0.62510 0.37490
0.62648 0.37352
0.61783 0.38217
0.63218 0.36782
0.61976 0.38024
0.60653 0.39347
0.60832 0.39168
0.57664 0.42336
0.57797 0.42203
0.60551 0.39449
0.60728 0.39272
0.62087 0.37913
0.62319 0.37681
0.62686 0.37314
0.63047 0.36953
0.61271 0.38729
0.61092 0.38908
0.61086 0.38914
0.61092 0.38908
0.61086 0.38914
0.63206 0.36794
0.63030 0.36970
0.63433 0.36567
0.59489 0.40511
0.60079 0.39921
0.57120 0.42880
0.57120 0.42880
0.58543 0.41457
0.59211 0.40789
0.59211 0.40789
0.58457 0.41543
0.59122 0.40878
0.59122 0.40878
0.58476 0.41524
0.58488 0.41512
0.60225 0.39775
0.60244 0.39756
0.61132 0.38868
0.60649 0.39351
0.61564 0.38436
0.61201 0.38799
0.61201 0.38799
0.61324 0.38676
0.62337 0.37663
0.62483 0.37517
0.62483 0.37517
0.63652 0.36348
0.62337 0.37663
0.60591 0.39409
0.60101 0.39899
0.63566 0.36434
0.62609 0.37391
0.65392 0.34608
0.64494 0.35506
0.62005 0.37995
0.63188 0.36812
0.60773 0.39227
0.62421 0.37579
0.62540 0.37460
0.63351 0.36649
0.62532 0.37468
0.63054 0.36946
0.59265 0.40735
0.58549 0.41451
0.60945 0.39055
0.61825 0.38175
0.63702 0.36298
0.63194 0.36806
0.62280 0.37720
0.64454 0.35546
0.63986 0.36014
0.63211 0.36789
0.64454 0.35546
0.63986 0.36014
0.63211 0.36789
0.64303 0.35697
0.63832 0.36168
0.63078 0.36922
0.59864 0.40136
0.60019 0.39981
0.61130 0.38870
0.61130 0.38870
0.61990 0.38010
0.61990 0.38010
0.61130 0.38870
0.61130 0.38870
0.59585 0.40415
0.59205 0.40795
0.63287 0.36713
0.61410 0.38590
0.60942 0.39058
0.59592 0.40408
0.60385 0.39615
0.62241 0.37759
0.60609 0.39391
0.61941 0.38059
0.61365 0.38635
0.61366 0.38634
0.61291 0.38709
0.59702 0.40298
0.61059 0.38941
0.60352 0.39648
0.60500 0.39500
0.62819 0.37181
0.61232 0.38768
0.62165 0.37835
0.61223 0.38777
0.61346 0.38654
0.60818 0.39182
0.60818 0.39182
0.60818 0.39182
0.63036 0.36964
0.62288 0.37712
0.62288 0.37712
0.59171 0.40829
0.59633 0.40367
0.63355 0.36645
0.61194 0.38806
0.61863 0.38137
0.57647 0.42353
0.61931 0.38069
0.64616 0.35384
0.64815 0.35185
0.62338 0.37662
0.57528 0.42472
0.58568 0.41432
0.62435 0.37565
0.58200 0.41800
0.58321 0.41679
0.58552 0.41448
0.57318 0.42682
0.57934 0.42066
0.61214 0.38786
0.63233 0.36767
0.63742 0.36258
0.63233 0.36767
0.63233 0.36767
0.63173 0.36827
0.63008 0.36992
0.63056 0.36944
0.63056 0.36944
0.55345 0.44655
0.58098 0.41902
0.59423 0.40577
0.61978 0.38022
0.59597 0.40403
0.58457 0.41543
0.58224 0.41776
0.58413 0.41587
0.62849 0.37151
0.62719 0.37281
0.61679 0.38321
0.61787 0.38213
0.61239 0.38761
0.61293 0.38707
0.58199 0.41801
0.59271 0.40729
0.58995 0.41005
0.62019 0.37981
0.59373 0.40627
0.63201 0.36799
0.63201 0.36799
0.58748 0.41252
0.58748 0.41252
0.61990 0.38010
0.62193 0.37807
0.62366 0.37634
0.62366 0.37634
0.63241 0.36759
0.61036 0.38964
0.61351 0.38649
0.64323 0.35677
0.63330 0.36670
0.62054 0.37946
0.62054 0.37946
0.64890 0.35110
0.63861 0.36139
0.63861 0.36139
0.64890 0.35110
0.64890 0.35110
0.63861 0.36139
0.58230 0.41770
0.59528 0.40472
0.59429 0.40571
0.61918 0.38082
0.61645 0.38355
0.58608 0.41392
0.61650 0.38350
0.62673 0.37327
0.61650 0.38350
0.62673 0.37327
0.63151 0.36849
0.63151 0.36849
0.63335 0.36665
0.62938 0.37062
0.65277 0.34723
0.60842 0.39158
0.64235 0.35765
0.62297 0.37703
0.63881 0.36119
0.58507 0.41493
0.62111 0.37889
0.61589 0.38411
0.61589 0.38411
0.61846 0.38154
0.61846 0.38154
0.61983 0.38017
0.61983 0.38017
0.61868 0.38132
0.61779 0.38221
0.61866 0.38134
0.59946 0.40054
0.60073 0.39927
0.59946 0.40054
0.60073 0.39927
0.59012 0.40988
0.62651 0.37349
0.63327 0.36673
0.63289 0.36711
0.61660 0.38340
0.61218 0.38782
0.62302 0.37698
0.57053 0.42947
0.62590 0.37410
0.59191 0.40809
0.62570 0.37430
0.62516 0.37484
0.62567 0.37433
0.63141 0.36859
0.63324 0.36676
0.63477 0.36523
0.63660 0.36340
0.62742 0.37258
0.62710 0.37290
0.62516 0.37484
0.62567 0.37433
0.60849 0.39151
0.60318 0.39682
0.61001 0.38999
0.60977 0.39023
0.60977 0.39023
0.60891 0.39109
0.60891 0.39109
0.61570 0.38430
0.61570 0.38430
0.59134 0.40866
0.59982 0.40018
0.58815 0.41185
0.63296 0.36704
0.64163 0.35837
0.65014 0.34986
0.62195 0.37805
0.63318 0.36682
0.59706 0.40294
0.61138 0.38862
0.60569 0.39431
0.64090 0.35910
0.63837 0.36163
0.62875 0.37125
0.63529 0.36471
0.65860 0.34140
0.64195 0.35805
0.61042 0.38958
0.59699 0.40301
0.58139 0.41861
0.59463 0.40537
0.59681 0.40319
0.60708 0.39292
0.60497 0.39503
0.61566 0.38434
0.61197 0.38803
0.60125 0.39875
0.61184 0.38816
0.60807 0.39193
0.61878 0.38122
0.61487 0.38513
0.62083 0.37917
0.61743 0.38257
0.62616 0.37384
0.63191 0.36809
0.63165 0.36835
0.63165 0.36835
0.63171 0.36829
0.63165 0.36835
0.66872 0.33128
0.67049 0.32951
0.61725 0.38275
0.61717 0.38283
0.62157 0.37843
0.61730 0.38270
0.61873 0.38127
0.63525 0.36475
0.64076 0.35924
0.63698 0.36302
0.64076 0.35924
0.61911 0.38089
0.61499 0.38501
0.61651 0.38349
0.59013 0.40987
0.64335 0.35665
0.64335 0.35665
0.63232 0.36768
0.63232 0.36768
0.63723 0.36277
0.63723 0.36277
0.64025 0.35975
0.64025 0.35975
0.63701 0.36299
0.63701 0.36299
0.64280 0.35720
0.64280 0.35720
0.63220 0.36780
0.63220 0.36780
0.63987 0.36013
0.63987 0.36013
0.63685 0.36315
0.63685 0.36315
0.63690 0.36310
0.63690 0.36310
0.63468 0.36532
0.63886 0.36114
0.65219 0.34781
0.65219 0.34781
0.62002 0.37998
0.62866 0.37134
0.61148 0.38852
0.61148 0.38852
0.64086 0.35914
0.64371 0.35629
0.64530 0.35470
0.65659 0.34341
0.65679 0.34321
0.58673 0.41327
0.59349 0.40651
0.61365 0.38635
0.62336 0.37664
0.61363 0.38637
0.60604 0.39396
0.61267 0.38733
0.62475 0.37525
0.61600 0.38400
0.62269 0.37731
0.60431 0.39569
0.62810 0.37190
0.64111 0.35889
0.61882 0.38118
0.61342 0.38658
0.63055 0.36945
0.62282 0.37718
0.61181 0.38819
0.60509 0.39491
0.65709 0.34291
0.65859 0.34141
0.65479 0.34521
0.64625 0.35375
0.64776 0.35224
0.64412 0.35588
0.64407 0.35593
0.64561 0.35439
0.64196 0.35804
0.65709 0.34291
0.65859 0.34141
0.65479 0.34521
0.61910 0.38090
0.62041 0.37959
0.59012 0.40988
0.59171 0.40829
0.58938 0.41062
0.59110 0.40890
0.59270 0.40730
0.59083 0.40917
0.63955 0.36045
0.63289 0.36711
0.63533 0.36467
0.64024 0.35976
0.64653 0.35347
0.63641 0.36359
0.61179 0.38821
0.61295 0.38705
0.60809 0.39191
0.61094 0.38906
0.58881 0.41119
0.58655 0.41345
0.57415 0.42585
0.63793 0.36207
0.61170 0.38830
0.64046 0.35954
0.61457 0.38543
0.63963 0.36037
0.61442 0.38558
0.63614 0.36386
0.61073 0.38927
0.63769 0.36231
0.61145 0.38855
0.56874 0.43126
0.58583 0.41417
0.62018 0.37982
0.61626 0.38374
0.60995 0.39005
0.61224 0.38776
0.62328 0.37672
0.61944 0.38056
0.61195 0.38805
0.61528 0.38472
0.64906 0.35094
0.64319 0.35681
0.63217 0.36783
0.62664 0.37336
0.63135 0.36865
0.63135 0.36865
0.62597 0.37403
0.62597 0.37403
0.63994 0.36006
0.62987 0.37013
0.63344 0.36656
0.63144 0.36856
0.63704 0.36296
0.62541 0.37459
0.62602 0.37398
0.62407 0.37593
0.59749 0.40251
0.63382 0.36618
0.63663 0.36337
0.62160 0.37840
0.63205 0.36795
0.62298 0.37702
0.62767 0.37233
0.62206 0.37794
0.62538 0.37462
0.60655 0.39345
0.68090 0.31910
0.62477 0.37523
0.56797 0.43203
0.62779 0.37221
0.63350 0.36650
0.61813 0.38187
0.58944 0.41056
0.59934 0.40066
0.61970 0.38030
0.60142 0.39858
0.59524 0.40476
0.62326 0.37674
0.61805 0.38195
0.60236 0.39764
0.62022 0.37978
0.59039 0.40961
0.61286 0.38714
0.62678 0.37322
0.61624 0.38376
0.62556 0.37444
0.61817 0.38183
0.62556 0.37444
0.61817 0.38183
0.61277 0.38723
0.61328 0.38672
0.61272 0.38728
0.61700 0.38300
0.60957 0.39043
0.63675 0.36325
0.63482 0.36518
0.60051 0.39949
0.60380 0.39620
0.60077 0.39923
0.60255 0.39745
0.60677 0.39323
0.60616 0.39384
0.60616 0.39384
0.60677 0.39323
0.60616 0.39384
0.63454 0.36546
0.63487 0.36513
0.62600 0.37400
0.63176 0.36824
0.63307 0.36693
0.61850 0.38150
0.60880 0.39120
0.59324 0.40676
0.61338 0.38662
0.60399 0.39601
0.58847 0.41153
0.60179 0.39821
0.60490 0.39510
0.61358 0.38642
0.62571 0.37429
0.60291 0.39709
0.60395 0.39605
0.61161 0.38839
0.60663 0.39337
0.60492 0.39508
0.60898 0.39102
0.61300 0.38700
0.63824 0.36176
0.63905 0.36095
0.64075 0.35925
0.64583 0.35417
0.62801 0.37199
0.62078 0.37922
0.59841 0.40159
0.59235 0.40765
0.62539 0.37461
0.62539 0.37461
0.62987 0.37013
0.62987 0.37013
0.62638 0.37362
0.62638 0.37362
0.61791 0.38209
0.61374 0.38626
0.61791 0.38209
0.61470 0.38530
0.61374 0.38626
0.58806 0.41194
0.58806 0.41194
0.59090 0.40910
0.59445 0.40555
0.59731 0.40269
0.59522 0.40478
0.62259 0.37741
0.62133 0.37867
0.60806 0.39194
0.61111 0.38889
0.61413 0.38587
0.62091 0.37909
0.60417 0.39583
0.59201 0.40799
0.62597 0.37403
0.62377 0.37623
0.63298 0.36702
0.63430 0.36570
0.63298 0.36702
0.63430 0.36570
0.66656 0.33344
0.64256 0.35744
0.63278 0.36722
0.63095 0.36905
0.61728 0.38272
0.61453 0.38547
0.65594 0.34406
0.63755 0.36245
0.63305 0.36695
0.63425 0.36575
0.59940 0.40060
0.60337 0.39663
0.59598 0.40402
0.59771 0.40229
0.62140 0.37860
0.62920 0.37080
0.63972 0.36028
0.62676 0.37324
0.58363 0.41637
0.64199 0.35801
0.64885 0.35115
0.60171 0.39829
0.59650 0.40350
0.63896 0.36104
0.62998 0.37002
0.62451 0.37549
0.62133 0.37867
0.63076 0.36924
0.62109 0.37891
0.61602 0.38398
0.64513 0.35487
0.64658 0.35342
0.63769 0.36231
0.63986 0.36014
0.58889 0.41111
0.60547 0.39453
0.60766 0.39234
0.61074 0.38926
0.59900 0.40100
0.62644 0.37356
0.61427 0.38573
0.60727 0.39273
0.59512 0.40488
0.65099 0.34901
0.61061 0.38939
0.61225 0.38775
0.59030 0.40970
0.58204 0.41796
0.60224 0.39776
0.59482 0.40518
0.60499 0.39501
0.60939 0.39061
0.60792 0.39208
0.63986 0.36014
0.63738 0.36262
0.63340 0.36660
0.64491 0.35509
0.59385 0.40615
0.59901 0.40099
0.61100 0.38900
0.61452 0.38548
0.62184 0.37816
0.62479 0.37521
0.62600 0.37400
0.61308 0.38692
0.63813 0.36187
0.64615 0.35385
0.63813 0.36187
0.64615 0.35385
0.63449 0.36551
0.62976 0.37024
0.60736 0.39264
0.60736 0.39264
0.57226 0.42774
0.56717 0.43283
0.56879 0.43121
0.55527 0.44473
0.55669 0.44331
0.61841 0.38159
0.62623 0.37377
0.62829 0.37171
0.62358 0.37642
0.60262 0.39738
0.61734 0.38266
0.61482 0.38518
0.58215 0.41785
0.58439 0.41561
0.58883 0.41117
0.60986 0.39014
0.61581 0.38419
0.60713 0.39287
0.62342 0.37658
0.62461 0.37539
0.62927 0.37073
0.62653 0.37347
0.62521 0.37479
0.61740 0.38260
0.61245 0.38755
0.60572 0.39428
0.58546 0.41454
0.62389 0.37611
0.62245 0.37755
0.60318 0.39682
0.64284 0.35716
0.69949 0.30051
0.56543 0.43457
0.61792 0.38208
0.62328 0.37672
0.60298 0.39702
0.59620 0.40380
0.62756 0.37244
0.65916 0.34084
0.65173 0.34827
0.65483 0.34517
0.64373 0.35627
0.65689 0.34311
0.64946 0.35054
0.65647 0.34353
0.64507 0.35493
0.65488 0.34512
0.64743 0.35257
0.64730 0.35270
0.63639 0.36361
0.64183 0.35817
0.63795 0.36205
0.64754 0.35246
0.63798 0.36202
0.60838 0.39162
0.61574 0.38426
0.60155 0.39845
0.59557 0.40443
0.60861 0.39139
0.60863 0.39137
0.59044 0.40956
0.63452 0.36548
0.58493 0.41507
0.59470 0.40530
0.62035 0.37965
0.64205 0.35795
0.64060 0.35940
0.58646 0.41354
0.60167 0.39833
0.59901 0.40099
0.63058 0.36942
0.58288 0.41712
0.57357 0.42643
0.62213 0.37787
0.61958 0.38042
0.62941 0.37059
0.62930 0.37070
0.59043 0.40957
0.63294 0.36706
0.63257 0.36743
0.63294 0.36706
0.63294 0.36706
0.65441 0.34559
0.58199 0.41801
0.59693 0.40307
0.57867 0.42133
0.61449 0.38551
0.62611 0.37389
0.61449 0.38551
0.62611 0.37389
0.60761 0.39239
0.61750 0.38250
0.60220 0.39780
0.61520 0.38480
0.59885 0.40115
0.61530 0.38470
0.60671 0.39329
0.61375 0.38625
0.60590 0.39410
0.65182 0.34818
0.64153 0.35847
0.62267 0.37733
0.62405 0.37595
0.62267 0.37733
0.63723 0.36277
0.61780 0.38220
0.60973 0.39027
0.62339 0.37661
0.61530 0.38470
0.62028 0.37972
0.61212 0.38788
0.63690 0.36310
0.62826 0.37174
0.62854 0.37146
0.62008 0.37992
0.63105 0.36895
0.62109 0.37891
0.62891 0.37109
0.63768 0.36232
0.62997 0.37003
0.64019 0.35981
0.63747 0.36253
0.64619 0.35381
0.58097 0.41903
0.59462 0.40538
0.62084 0.37917
0.60456 0.39544
0.61660 0.38340
0.62942 0.37058
0.62775 0.37225
0.61929 0.38071
0.63386 0.36614
0.63026 0.36974
0.61918 0.38082
0.63341 0.36659
0.63016 0.36984
0.63479 0.36521
0.62948 0.37052
0.67006 0.32994
0.66200 0.33800
0.61776 0.38224
0.63021 0.36978
0.62498 0.37502
0.63742 0.36258
0.61915 0.38085
0.63027 0.36973
0.60966 0.39034
0.60382 0.39618
0.60966 0.39034
0.60382 0.39618
0.60703 0.39297
0.60101 0.39899
0.59331 0.40669
0.60391 0.39609
0.59926 0.40074
0.60986 0.39014
0.59926 0.40074
0.60986 0.39014
0.59489 0.40511
0.60470 0.39530
0.64167 0.35833
0.62321 0.37679
0.63778 0.36222
0.65623 0.34377
0.59522 0.40478
0.59930 0.40070
0.63714 0.36286
0.63273 0.36727
0.62307 0.37693
0.62624 0.37376
0.61164 0.38836
0.62187 0.37813
0.62981 0.37019
0.61441 0.38559
0.62120 0.37880
0.62975 0.37025
0.62507 0.37493
0.62660 0.37340
0.63502 0.36498
0.63178 0.36822
0.63219 0.36781
0.62401 0.37599
0.61580 0.38420
0.63494 0.36506
0.60281 0.39719
0.63470 0.36530
0.61811 0.38189
0.63465 0.36535
0.61811 0.38189
0.63465 0.36535
0.62910 0.37090
0.58710 0.41290
0.62743 0.37257
0.57210 0.42790
0.64309 0.35691
0.63442 0.36558
0.64073 0.35927
0.62382 0.37618
0.62422 0.37578
0.61387 0.38613
0.61501 0.38499
0.62733 0.37267
0.63009 0.36991
0.61799 0.38201
0.62093 0.37907
0.62382 0.37618
0.62422 0.37578
0.61387 0.38613
0.61501 0.38499
0.62820 0.37180
0.62925 0.37075
0.61799 0.38201
0.62093 0.37907
0.61969 0.38031
0.63223 0.36777
0.62328 0.37672
0.60769 0.39231
0.58421 0.41579
0.60731 0.39269
0.65279 0.34721
0.64210 0.35790
0.64210 0.35790
0.58749 0.41251
0.59622 0.40378
0.61425 0.38575
0.60664 0.39336
0.62333 0.37667
0.61617 0.38383
0.62196 0.37804
0.63235 0.36765
0.58064 0.41936
0.61523 0.38477
0.62326 0.37674
0.61748 0.38252
0.62183 0.37817
0.62835 0.37165
0.62577 0.37423
0.60810 0.39190
0.61218 0.38782
0.60791 0.39209
0.61563 0.38437
0.61798 0.38202
0.62040 0.37960
0.61813 0.38187
0.62096 0.37904
0.61662 0.38338
0.62010 0.37990
0.61720 0.38280
0.62093 0.37907
0.62409 0.37591
0.62409 0.37591
0.62141 0.37859
0.62409 0.37591
0.62049 0.37951
0.62399 0.37601
0.62399 0.37601
0.62132 0.37868
0.62399 0.37601
0.62109 0.37891
0.62424 0.37576
0.62424 0.37576
0.62170 0.37830
0.62424 0.37576
0.62517 0.37483
0.62517 0.37483
0.62807 0.37193
0.63476 0.36524
0.63000 0.37000
0.63172 0.36828
0.62668 0.37332
0.61953 0.38047
0.61624 0.38376
0.61523 0.38477
0.61906 0.38094
0.61668 0.38332
0.64406 0.35594
0.61153 0.38847
0.61514 0.38486
0.61801 0.38199
0.60989 0.39011
0.61293 0.38707
0.61293 0.38707
0.61293 0.38707
0.61293 0.38707
0.62263 0.37737
0.62263 0.37737
0.61869 0.38131
0.62263 0.37737
0.62263 0.37737
0.61869 0.38131
0.61099 0.38901
0.60463 0.39537
0.60960 0.39040
0.61099 0.38901
0.60463 0.39537
0.60960 0.39040
0.59099 0.40901
0.56841 0.43159
0.61192 0.38808
0.60661 0.39339
0.61051 0.38949
0.60481 0.39519
0.62180 0.37820
0.58535 0.41465
0.61773 0.38227
0.61773 0.38227
0.64107 0.35893
0.63379 0.36621
0.65487 0.34513
0.64761 0.35239
0.59307 0.40693
0.59832 0.40168
0.59043 0.40957
0.59832 0.40168
0.62956 0.37044
0.61845 0.38155
0.62114 0.37886
0.63354 0.36646
0.59413 0.40587
0.59808 0.40192
0.60405 0.39595
0.60817 0.39183
0.61801 0.38199
0.61359 0.38641
0.63180 0.36820
0.62689 0.37311
0.61846 0.38154
0.61368 0.38632
0.63963 0.36037
0.64961 0.35039
0.62543 0.37457
0.62377 0.37623
0.62772 0.37228
0.62697 0.37303
0.60078 0.39922
0.60541 0.39459
0.59828 0.40172
0.59183 0.40817
0.59784 0.40216
0.59779 0.40221
0.60245 0.39755
0.59526 0.40474
0.58834 0.41166
0.59428 0.40572
0.62811 0.37189
0.62546 0.37455
0.60971 0.39029
0.59862 0.40138
0.62092 0.37908
0.62092 0.37908
0.62114 0.37886
0.62114 0.37886
0.64306 0.35694
0.64373 0.35627
0.59697 0.40303
0.59407 0.40593
0.57585 0.42415
0.62267 0.37733
0.60563 0.39437
0.64270 0.35730
0.61426 0.38574
0.63613 0.36387
0.63756 0.36244
0.63593 0.36407
0.58292 0.41708
0.56922 0.43078
0.58650 0.41350
0.57747 0.42253
0.61038 0.38962
0.60544 0.39456
0.60694 0.39306
0.60322 0.39678
0.59246 0.40754
0.60374 0.39626
0.62530 0.37470
0.62530 0.37470
0.62381 0.37619
0.62475 0.37525
0.64841 0.35159
0.64892 0.35108
0.64626 0.35374
0.64025 0.35975
0.63888 0.36112
0.63826 0.36174
0.64066 0.35934
0.61758 0.38242
0.57909 0.42091
0.58474 0.41526
0.57122 0.42878
0.60600 0.39400
0.60600 0.39400
0.61576 0.38424
0.61576 0.38424
0.59363 0.40637
0.65434 0.34566
0.60456 0.39544
0.60293 0.39707
0.60000 0.40000
0.63601 0.36399
0.63601 0.36399
0.60512 0.39488
0.60830 0.39170
0.60203 0.39797
0.63871 0.36129
0.65233 0.34767
0.62176 0.37824
0.59379 0.40621
0.59955 0.40045
0.62094 0.37906
0.61229 0.38771
0.62094 0.37906
0.61229 0.38771
0.64307 0.35693
0.64307 0.35693
0.63272 0.36728
0.63272 0.36728
0.64278 0.35722
0.63272 0.36728
0.64120 0.35880
0.63102 0.36898
0.61887 0.38113
0.61037 0.38963
0.59123 0.40877
0.59945 0.40055
0.58366 0.41634
0.58418 0.41582
0.63337 0.36663
0.62915 0.37085
0.60792 0.39208
0.58098 0.41902
0.59738 0.40262
0.60592 0.39408
0.61264 0.38736
0.64711 0.35289
0.64664 0.35336
0.64321 0.35679
0.64301 0.35699
0.61775 0.38225
0.61321 0.38679
0.61977 0.38023
0.61530 0.38470
0.61217 0.38783
0.62344 0.37656
0.62300 0.37700
0.62300 0.37700
0.64315 0.35685
0.60314 0.39686
0.62670 0.37330
0.63159 0.36841
0.63698 0.36302
0.64200 0.35800
0.59046 0.40954
0.61119 0.38881
0.60083 0.39917
0.59505 0.40495
0.60418 0.39582
0.64851 0.35149
0.63397 0.36603
0.63392 0.36608
0.63281 0.36719
0.63273 0.36727
0.66377 0.33623
0.66437 0.33563
0.66406 0.33594
0.65549 0.34451
0.59244 0.40756
0.58366 0.41634
0.59263 0.40737
0.57900 0.42100
0.58601 0.41399
0.63249 0.36751
0.61675 0.38325
0.60981 0.39019
0.62220 0.37780
0.60623 0.39377
0.60049 0.39951
0.62412 0.37588
0.60905 0.39095
0.60243 0.39757
0.63245 0.36755
0.61801 0.38199
0.61784 0.38216
0.62305 0.37695
0.60493 0.39507
0.60825 0.39175
0.63020 0.36980
0.64296 0.35704
0.61750 0.38250
0.62032 0.37968
0.61770 0.38230
0.61617 0.38383
0.60646 0.39354
0.63747 0.36253
0.62848 0.37152
0.63254 0.36746
0.63668 0.36332
0.60501 0.39499
0.60911 0.39089
0.60798 0.39202
0.64686 0.35314
0.64507 0.35493
0.60964 0.39036
0.63508 0.36492
0.63508 0.36492
0.63508 0.36492
0.60209 0.39791
0.61597 0.38403
0.60985 0.39015
0.59289 0.40711
0.60334 0.39666
0.58721 0.41279
0.62747 0.37253
0.62763 0.37237
0.63883 0.36117
0.62959 0.37041
0.62488 0.37512
0.62526 0.37474
0.63313 0.36687
0.64122 0.35878
0.65035 0.34965
0.65883 0.34117
0.62510 0.37490
0.63085 0.36915
0.63355 0.36645
0.62367 0.37633
0.61752 0.38248
0.62511 0.37489
0.62511 0.37489
0.62511 0.37489
0.62403 0.37597
0.62614 0.37386
0.62624 0.37376
0.60341 0.39659
0.62472 0.37528
0.62275 0.37725
0.60123 0.39877
0.62128 0.37872
0.61176 0.38824
0.61812 0.38188
0.61413 0.38587
0.60362 0.39638
0.61570 0.38430
0.62158 0.37842
0.63472 0.36528
0.61949 0.38051
0.60976 0.39024
0.61843 0.38157
0.60533 0.39467
0.60876 0.39124
0.61522 0.38478
0.63515 0.36485
0.63149 0.36851
0.59314 0.40686
0.62902 0.37098
0.61790 0.38210
0.63928 0.36072
0.63722 0.36278
0.60640 0.39360
0.61308 0.38692
0.61342 0.38658
0.63279 0.36721
0.61797 0.38203
0.61613 0.38387
0.64029 0.35971
0.64384 0.35616
0.64852 0.35148
0.63890 0.36110
0.63840 0.36160
0.63799 0.36201
0.64154 0.35846
0.64624 0.35376
0.63659 0.36341
0.63611 0.36389
0.65199 0.34801
0.62918 0.37082
0.65426 0.34574
0.63144 0.36856
0.57880 0.42120
0.57648 0.42352
0.60557 0.39443
0.62727 0.37273
0.61834 0.38166
0.60703 0.39297
0.61322 0.38678
0.61618 0.38382
0.61121 0.38879
0.60281 0.39719
0.60299 0.39701
0.63067 0.36933
0.63958 0.36042
0.69078 0.30922
0.69078 0.30922
0.68625 0.31375
0.69813 0.30187
0.69769 0.30231
0.69246 0.30754
0.64060 0.35940
0.63808 0.36192
0.63895 0.36105
0.65155 0.34845
0.64167 0.35833
0.64895 0.35105
0.63904 0.36096
0.64984 0.35016
0.63994 0.36006
0.64008 0.35992
0.62242 0.37758
0.63578 0.36422
0.62020 0.37980
0.64057 0.35943
0.62095 0.37905
0.63578 0.36422
0.62020 0.37980
0.64057 0.35943
0.62095 0.37905
0.64008 0.35992
0.62242 0.37758
0.60587 0.39413
0.61559 0.38441
0.60261 0.39739
0.59535 0.40465
0.59191 0.40809
0.59595 0.40405
0.59816 0.40184
0.65060 0.34940
0.61454 0.38546
0.61782 0.38218
0.64430 0.35570
0.61173 0.38827
0.61876 0.38124
0.61842 0.38158
0.62189 0.37811
0.62289 0.37711
0.61934 0.38066
0.61854 0.38146
0.61308 0.38692
0.61854 0.38146
0.61839 0.38161
0.63817 0.36183
0.65719 0.34281
0.66243 0.33757
0.63865 0.36135
0.61543 0.38457
0.61543 0.38457
0.60406 0.39594
0.60014 0.39986
0.58841 0.41159
0.61470 0.38530
0.62001 0.37999
0.61012 0.38988
0.61539 0.38461
0.61505 0.38495
0.61505 0.38495
0.61059 0.38941
0.61059 0.38941
0.62418 0.37582
0.61952 0.38048
0.61933 0.38067
0.61464 0.38536
0.64783 0.35217
0.64323 0.35677
0.64103 0.35897
0.60235 0.39765
0.59353 0.40647
0.60914 0.39086
0.60830 0.39170
0.63152 0.36848
0.61638 0.38362
0.61441 0.38559
0.62453 0.37547
0.63682 0.36318
0.63462 0.36538
0.63496 0.36504
0.63751 0.36249
0.62175 0.37825
0.61108 0.38892
0.60388 0.39612
0.61258 0.38742
0.61293 0.38707
0.58983 0.41017
0.63069 0.36931
0.62036 0.37964
0.59387 0.40613
0.59676 0.40324
0.59374 0.40626
0.61537 0.38463
0.60120 0.39880
0.64091 0.35909
0.60954 0.39046
0.61935 0.38065
0.62599 0.37401
0.60664 0.39336
0.61744 0.38256
0.61445 0.38555
0.63246 0.36754
0.63827 0.36173
0.61300 0.38700
0.63055 0.36945
0.63771 0.36229
0.61654 0.38346
0.63441 0.36559
0.63985 0.36015
0.59542 0.40458
0.61088 0.38912
0.61727 0.38273
0.59865 0.40135
0.61450 0.38550
0.61916 0.38084
0.59739 0.40261
0.61350 0.38650
0.61877 0.38123
0.59985 0.40015
0.61669 0.38331
0.62239 0.37761
0.59828 0.40172
0.61459 0.38541
0.62102 0.37898
0.60113 0.39887
0.61774 0.38226
0.62299 0.37701
0.61498 0.38502
0.60840 0.39160
0.62030 0.37970
0.62709 0.37291
0.61699 0.38301
0.61823 0.38177
0.62930 0.37070
0.61055 0.38945
0.59271 0.40729
0.61181 0.38819
0.61811 0.38189
0.60382 0.39618
0.56920 0.43080
0.58931 0.41069
0.58629 0.41371
0.60655 0.39345
0.60773 0.39227
0.59935 0.40065
0.61225 0.38775
0.61285 0.38715
0.61000 0.39000
0.59161 0.40839
0.61989 0.38011
0.61497 0.38503
0.62154 0.37846
0.62800 0.37200
0.62800 0.37200
0.63138 0.36862
0.63138 0.36862
0.62909 0.37091
0.62909 0.37091
0.62644 0.37356
0.64112 0.35888
0.63972 0.36028
0.62113 0.37887
0.64162 0.35838
0.64222 0.35778
0.64813 0.35187
0.65134 0.34866
0.62720 0.37280
0.62848 0.37152
0.62494 0.37506
0.63344 0.36656
0.62672 0.37328
0.62146 0.37854
0.62146 0.37854
0.61233 0.38767
0.61049 0.38951
0.63394 0.36606
0.63626 0.36374
0.63908 0.36092
0.63092 0.36908
0.63510 0.36490
0.63479 0.36521
0.61410 0.38590
0.58415 0.41585
0.60171 0.39829
0.60374 0.39626
0.59097 0.40903
0.61261 0.38739
0.60853 0.39147
0.61599 0.38401
0.62616 0.37384
0.61563 0.38437
0.62886 0.37114
0.61921 0.38079
0.61921 0.38079
0.64520 0.35480
0.64087 0.35913
0.62496 0.37504
0.62298 0.37702
0.62789 0.37211
0.64950 0.35050
0.65145 0.34855
0.64950 0.35050
0.64950 0.35050
0.61542 0.38458
0.61418 0.38582
0.61896 0.38104
0.58438 0.41562
0.60013 0.39987
0.61793 0.38207
0.60375 0.39625
0.63540 0.36460
0.63666 0.36334
0.62545 0.37455
0.59795 0.40205
0.60455 0.39545
0.58027 0.41973
0.60623 0.39377
0.61139 0.38861
0.64775 0.35225
0.63809 0.36191
0.61376 0.38624
0.61400 0.38600
0.62180 0.37820
0.62669 0.37331
0.63424 0.36575
0.61504 0.38496
0.62144 0.37856
0.64454 0.35546
0.64831 0.35169
0.64908 0.35092
0.65002 0.34998
0.58554 0.41446
0.58219 0.41781
0.58918 0.41082
0.63679 0.36321
0.62109 0.37891
0.62304 0.37696
0.61218 0.38782
0.61218 0.38782
0.60123 0.39877
0.59792 0.40208
0.63666 0.36334
0.60715 0.39285
0.60567 0.39433
0.65290 0.34710
0.65479 0.34521
0.64606 0.35394
0.59684 0.40316
0.59456 0.40544
0.59980 0.40020
0.60755 0.39245
0.61579 0.38421
0.59339 0.40661
0.59957 0.40043
0.67182 0.32818
0.67601 0.32399
0.61917 0.38083
0.61917 0.38083
0.58274 0.41726
0.59175 0.40825
0.59911 0.40089
0.60794 0.39206
0.59475 0.40525
0.60941 0.39059
0.63185 0.36815
0.63409 0.36591
0.62794 0.37206
0.61729 0.38271
0.60253 0.39747
0.60741 0.39259
0.58401 0.41599
0.57888 0.42112
0.62358 0.37642
0.61272 0.38727
0.58412 0.41588
0.59715 0.40285
0.63018 0.36982
0.62653 0.37347
0.62408 0.37592
0.62334 0.37666
0.62868 0.37132
0.62652 0.37348
0.63556 0.36444
0.63242 0.36758
0.62944 0.37056
0.62891 0.37109
0.63421 0.36579
0.63241 0.36759
0.63325 0.36675
0.63045 0.36955
0.62752 0.37248
0.62665 0.37335
0.63227 0.36773
0.63046 0.36954
0.63356 0.36644
0.63362 0.36638
0.63200 0.36800
0.63213 0.36787
0.63356 0.36644
0.61699 0.38301
0.61387 0.38613
0.61112 0.38888
0.61125 0.38875
0.61529 0.38471
0.61384 0.38616
0.63042 0.36958
0.62905 0.37095
0.62110 0.37890
0.60402 0.39598
0.61996 0.38004
0.61337 0.38663
0.61337 0.38663
0.61337 0.38663
0.61337 0.38663
0.61148 0.38852
0.60699 0.39301
0.60749 0.39251
0.61255 0.38745
0.60344 0.39656
0.60344 0.39656
0.62314 0.37686
0.60760 0.39240
0.60760 0.39240
0.60329 0.39671
0.60329 0.39671
0.65282 0.34718
0.60006 0.39994
0.59264 0.40736
0.59649 0.40351
0.62437 0.37563
0.62676 0.37324
0.62428 0.37572
0.61691 0.38309
0.61918 0.38082
0.61683 0.38317
0.61599 0.38401
0.64906 0.35094
0.58675 0.41325
0.59903 0.40097
0.58754 0.41246
0.59903 0.40097
0.60696 0.39304
0.61631 0.38369
0.61096 0.38904
0.62843 0.37157
0.62975 0.37025
0.62645 0.37355
0.62777 0.37223
0.61629 0.38371
0.61745 0.38255
0.61629 0.38371
0.61745 0.38255
0.64489 0.35511
0.63742 0.36258
0.63833 0.36167
0.60675 0.39325
0.59631 0.40369
0.60675 0.39325
0.60336 0.39664
0.63152 0.36848
0.63128 0.36872
0.63128 0.36872
0.63604 0.36396
0.62579 0.37421
0.62691 0.37309
0.61581 0.38419
0.61560 0.38440
0.62376 0.37624
0.62050 0.37950
0.61617 0.38383
0.60871 0.39129
0.60502 0.39498
0.64037 0.35963
0.63797 0.36203
0.65497 0.34503
0.65244 0.34756
0.64611 0.35389
0.64372 0.35628
0.63288 0.36712
0.63288 0.36712
0.62802 0.37198
0.62802 0.37198
0.64117 0.35883
0.64117 0.35883
0.62993 0.37007
0.62993 0.37007
0.60263 0.39737
0.61166 0.38834
0.61091 0.38909
0.60422 0.39578
0.62893 0.37107
0.61925 0.38075
0.61034 0.38966
0.64841 0.35159
0.64926 0.35074
0.59291 0.40709
0.60111 0.39889
0.60736 0.39264
0.61690 0.38310
0.59898 0.40102
0.59705 0.40295
0.59028 0.40972
0.60074 0.39926
0.63635 0.36365
0.60437 0.39563
0.60248 0.39752
0.60787 0.39213
0.61210 0.38790
0.61982 0.38018
0.61967 0.38033
0.59026 0.40974
0.59905 0.40095
0.60584 0.39416
0.60584 0.39416
0.61389 0.38611
0.59191 0.40809
0.57729 0.42271
0.60418 0.39582
0.60739 0.39261
0.62257 0.37743
0.62732 0.37268
0.63011 0.36989
0.61422 0.38578
0.64667 0.35333
0.65005 0.34995
0.64363 0.35637
0.63586 0.36414
0.62474 0.37526
0.60657 0.39343
0.61632 0.38368
0.61510 0.38490
0.59243 0.40757
0.60621 0.39379
0.58996 0.41004
0.61871 0.38129
0.60034 0.39966
0.58973 0.41027
0.59339 0.40661
0.58265 0.41735
0.60648 0.39352
0.59686 0.40314
0.60755 0.39245
0.59685 0.40315
0.59562 0.40438
0.63550 0.36450
0.63550 0.36450
0.61257 0.38743
0.59352 0.40648
0.59140 0.40860
0.61438 0.38562
0.61201 0.38799
0.60649 0.39351
0.61980 0.38020
0.62442 0.37558
0.60814 0.39186
0.62753 0.37247
0.61502 0.38498
0.62891 0.37109
0.62965 0.37035
0.62965 0.37035
0.61965 0.38035
0.62177 0.37823
0.61576 0.38424
0.62224 0.37776
0.62940 0.37060
0.63502 0.36498
0.61673 0.38327
0.65196 0.34804
0.64380 0.35620
0.61831 0.38169
0.61790 0.38210
0.63057 0.36943
0.63015 0.36985
0.61935 0.38065
0.61894 0.38106
0.61904 0.38096
0.61444 0.38556
0.61043 0.38957
0.61054 0.38946
0.62861 0.37139
0.63002 0.36998
0.59873 0.40127
0.62321 0.37679
0.62321 0.37679
0.62330 0.37670
0.62330 0.37670
0.62715 0.37285
0.62729 0.37271
0.63820 0.36180
0.63392 0.36608
0.59969 0.40031
0.61271 0.38729
0.58940 0.41060
0.61300 0.38700
0.62448 0.37552
0.62043 0.37957
0.62019 0.37981
0.60810 0.39190
0.63725 0.36275
0.59002 0.40998
0.65073 0.34927
0.63288 0.36712
0.63995 0.36005
0.58738 0.41262
0.57313 0.42687
0.58738 0.41262
0.57313 0.42687
0.59805 0.40195
0.61472 0.38528
0.59805 0.40195
0.60957 0.39043
0.62896 0.37104
0.60957 0.39043
0.61415 0.38585
0.59658 0.40342
0.60413 0.39587
0.61803 0.38197
0.57721 0.42279
0.59462 0.40538
0.59255 0.40745
0.58996 0.41004
0.58996 0.41004
0.58829 0.41171
0.58817 0.41183
0.60147 0.39853
0.59921 0.40079
0.60422 0.39578
0.60422 0.39578
0.61657 0.38343
0.60100 0.39900
0.60589 0.39411
0.60899 0.39101
0.64185 0.35815
0.63286 0.36714
0.60579 0.39421
0.60657 0.39343
0.63340 0.36660
0.62740 0.37260
0.63876 0.36124
0.63101 0.36899
0.62658 0.37342
0.63646 0.36354
0.64867 0.35133
0.65355 0.34645
0.60717 0.39283
0.62759 0.37241
0.63350 0.36650
0.63329 0.36671
0.63329 0.36671
0.63487 0.36513
0.60972 0.39028
0.58481 0.41519
0.58152 0.41848
0.62855 0.37145
0.63674 0.36326
0.63116 0.36884
0.61263 0.38737
0.61255 0.38745
0.60889 0.39111
0.63610 0.36390
0.62485 0.37515
0.63152 0.36848
0.62157 0.37843
0.60659 0.39341
0.61644 0.38356
0.61513 0.38487
0.57675 0.42325
0.57675 0.42325
0.61992 0.38008
0.61973 0.38027
0.61982 0.38018
0.61973 0.38027
0.59984 0.40016
0.60437 0.39563
0.60019 0.39981
0.61019 0.38981
0.61534 0.38466
0.65282 0.34718
0.64012 0.35988
0.63685 0.36315
0.65406 0.34594
0.64139 0.35861
0.63809 0.36191
0.59736 0.40264
0.59736 0.40264
0.60856 0.39144
0.60436 0.39564
0.60750 0.39250
0.60330 0.39670
0.61469 0.38531
0.62141 0.37859
0.59832 0.40168
0.59490 0.40510
0.59638 0.40362
0.59126 0.40874
0.63181 0.36819
0.63817 0.36183
0.62919 0.37081
0.61672 0.38328
0.58623 0.41377
0.64617 0.35383
0.63979 0.36021
0.61211 0.38789
0.60162 0.39838
0.61147 0.38853
0.61147 0.38853
0.61147 0.38853
0.61147 0.38853
0.61262 0.38738
0.60169 0.39831
0.62211 0.37789
0.60976 0.39024
0.61357 0.38643
0.61050 0.38950
0.62532 0.37468
0.63442 0.36558
0.61744 0.38256
0.60784 0.39216
0.60272 0.39728
0.60878 0.39122
0.61431 0.38569
0.61580 0.38420
0.62395 0.37605
0.63152 0.36848
0.62918 0.37082
0.62162 0.37838
0.62945 0.37055
0.62244 0.37756
0.62244 0.37756
0.62945 0.37055
0.62244 0.37756
0.59766 0.40234
0.63179 0.36821
0.63179 0.36821
0.60605 0.39395
0.59377 0.40623
0.60432 0.39568
0.59967 0.40033
0.63289 0.36711
0.60603 0.39397
0.62610 0.37390
0.60940 0.39060
0.61846 0.38154
0.61217 0.38783
0.60925 0.39075
0.62349 0.37651
0.61300 0.38700
0.63380 0.36620
0.62909 0.37091
0.62479 0.37521
0.63667 0.36333
0.62634 0.37366
0.62234 0.37766
0.62479 0.37521
0.62479 0.37521
0.63659 0.36341
0.62479 0.37521
0.63626 0.36374
0.63661 0.36339
0.61245 0.38755
0.59924 0.40076
0.59812 0.40188
0.59924 0.40076
0.59812 0.40188
0.60526 0.39474
0.62592 0.37408
0.60503 0.39497
0.60638 0.39362
0.60484 0.39516
0.60619 0.39381
0.61873 0.38127
0.61914 0.38086
0.64499 0.35501
0.61411 0.38589
0.62144 0.37856
0.61014 0.38986
0.61599 0.38401
0.65334 0.34666
0.65445 0.34555
0.65445 0.34555
0.65331 0.34669
0.65533 0.34467
0.65447 0.34553
0.65447 0.34553
0.65531 0.34469
0.64984 0.35016
0.65422 0.34578
0.65422 0.34578
0.64980 0.35020
0.64969 0.35031
0.65407 0.34593
0.65407 0.34593
0.64965 0.35035
0.61674 0.38326
0.61156 0.38844
0.61228 0.38772
0.60949 0.39051
0.60973 0.39027
0.58991 0.41009
0.59090 0.40910
0.59120 0.40880
0.59337 0.40663
0.58845 0.41155
0.61921 0.38079
0.60613 0.39387
0.61422 0.38578
0.60613 0.39387
0.60931 0.39069
0.61019 0.38981
0.58325 0.41675
0.58679 0.41321
0.58840 0.41160
0.63371 0.36629
0.63371 0.36629
0.62089 0.37911
0.62089 0.37911
0.61914 0.38086
0.61914 0.38086
0.62145 0.37855
0.62145 0.37855
0.62171 0.37829
0.62171 0.37829
0.61914 0.38086
0.61914 0.38086
0.60691 0.39309
0.61896 0.38104
0.61407 0.38593
0.62763 0.37237
0.60691 0.39309
0.61896 0.38104
0.60691 0.39309
0.61896 0.38104
0.60935 0.39065
0.62135 0.37865
0.61873 0.38127
0.62787 0.37213
0.60671 0.39329
0.61292 0.38708
0.61590 0.38410
0.61780 0.38220
0.61093 0.38907
0.67543 0.32457
0.67807 0.32193
0.63786 0.36214
0.61828 0.38172
0.58936 0.41064
0.62490 0.37510
0.61535 0.38465
0.62256 0.37744
0.63644 0.36356
0.62007 0.37993
0.59806 0.40194
0.66086 0.33914
0.60175 0.39825
0.63576 0.36424
0.63691 0.36309
0.61603 0.38397
0.62819 0.37181
0.63217 0.36783
0.58332 0.41668
0.58502 0.41498
0.63820 0.36180
0.63820 0.36180
0.60894 0.39106
0.60181 0.39819
0.59783 0.40217
0.61053 0.38947
0.63502 0.36498
0.63502 0.36498
0.60149 0.39851
0.62625 0.37375
0.59689 0.40311
0.61941 0.38059
0.59320 0.40680
0.60780 0.39220
0.60091 0.39909
0.62444 0.37556
0.62016 0.37984
0.56908 0.43092
0.64435 0.35565
0.62727 0.37273
0.64435 0.35565
0.62727 0.37273
0.59402 0.40598
0.63186 0.36814
0.62565 0.37435
0.62510 0.37490
0.60760 0.39240
0.58869 0.41131
0.60255 0.39745
0.62489 0.37511
0.61936 0.38064
0.60849 0.39151
0.61316 0.38684
0.59169 0.40831
0.59572 0.40428
0.63592 0.36408
0.64814 0.35186
0.64132 0.35868
0.60989 0.39011
0.61304 0.38696
0.58122 0.41878
0.60142 0.39858
0.60057 0.39943
0.59277 0.40723
0.61762 0.38238
0.61769 0.38231
0.57353 0.42647
0.60760 0.39240
0.60246 0.39754
0.58676 0.41324
0.62288 0.37712
0.61569 0.38431
0.60597 0.39403
0.60824 0.39176
0.57541 0.42459
0.57334 0.42666
0.64048 0.35952
0.63686 0.36314
0.62706 0.37294
0.63781 0.36219
0.64505 0.35495
0.64048 0.35952
0.63686 0.36314
0.62706 0.37294
0.63781 0.36219
0.64505 0.35495
0.58612 0.41388
0.61073 0.38927
0.58380 0.41620
0.60847 0.39153
0.60196 0.39804
0.60631 0.39369
0.63224 0.36776
0.62037 0.37963
0.61745 0.38255
0.65787 0.34213
0.66698 0.33302
0.66287 0.33713
0.67147 0.32853
0.66360 0.33640
0.67219 0.32781
0.65953 0.34047
0.67018 0.32982
0.65623 0.34377
0.66642 0.33358
0.61653 0.38347
0.62311 0.37689
0.59522 0.40478
0.60071 0.39929
0.58700 0.41300
0.58231 0.41769
0.63174 0.36826
0.61751 0.38249
0.65021 0.34979
0.66191 0.33809
0.63418 0.36582
0.65950 0.34050
0.62363 0.37637
0.66155 0.33845
0.64038 0.35962
0.60252 0.39748
0.60650 0.39350
0.61251 0.38749
0.60052 0.39948
0.60835 0.39165
0.60668 0.39332
0.61365 0.38635
0.62685 0.37315
0.63890 0.36110
0.62782 0.37218
0.63428 0.36572
0.63550 0.36450
0.64123 0.35877
0.64680 0.35320
0.63210 0.36790
0.64152 0.35848
0.61142 0.38858
0.61142 0.38858
0.62359 0.37641
0.60977 0.39023
0.60977 0.39023
0.62236 0.37764
0.60539 0.39461
0.60539 0.39461
0.61804 0.38196
0.60502 0.39498
0.60538 0.39462
0.61990 0.38010
0.61142 0.38858
0.61142 0.38858
0.62359 0.37641
0.60539 0.39461
0.60539 0.39461
0.61804 0.38196
0.61142 0.38858
0.61142 0.38858
0.62359 0.37641
0.62369 0.37631
0.62369 0.37631
0.62234 0.37766
0.62234 0.37766
0.63590 0.36410
0.64332 0.35668
0.63544 0.36456
0.64403 0.35597
0.60928 0.39072
0.61143 0.38857
0.61102 0.38898
0.62360 0.37640
0.62854 0.37146
0.62868 0.37132
0.61565 0.38435
0.62392 0.37608
0.62406 0.37594
0.62216 0.37784
0.62849 0.37151
0.62863 0.37137
0.65440 0.34560
0.66187 0.33813
0.61449 0.38551
0.62980 0.37020
0.62872 0.37128
0.66482 0.33518
0.66354 0.33646
0.63774 0.36226
0.64442 0.35558
0.64134 0.35866
0.63597 0.36403
0.60011 0.39989
0.59603 0.40397
0.60809 0.39191
0.61936 0.38064
0.60374 0.39626
0.61510 0.38490
0.60146 0.39854
0.61416 0.38584
0.60910 0.39090
0.61045 0.38955
0.61336 0.38664
0.62913 0.37087
0.62922 0.37078
0.63162 0.36838
0.63222 0.36778
0.63358 0.36642
0.63601 0.36399
0.63263 0.36737
0.63553 0.36447
0.63796 0.36204
0.61271 0.38729
0.65467 0.34533
0.66675 0.33325
0.65990 0.34010
0.61709 0.38291
0.68931 0.31069
0.69018 0.30982
0.68940 0.31060
0.68183 0.31817
0.68069 0.31931
0.63549 0.36451
0.64371 0.35629
0.63781 0.36219
0.65642 0.34358
0.66510 0.33490
0.66109 0.33891
0.62629 0.37371
0.63063 0.36937
0.62856 0.37144
0.60848 0.39152
0.63686 0.36314
0.64166 0.35834
0.63997 0.36003
0.58270 0.41730
0.58587 0.41413
0.58554 0.41446
0.63587 0.36413
0.63587 0.36413
0.63124 0.36876
0.61604 0.38396
0.61795 0.38205
0.62253 0.37747
0.62162 0.37838
0.63231 0.36769
0.62202 0.37798
0.62529 0.37471
0.61393 0.38607
0.62603 0.37397
0.60899 0.39101
0.60818 0.39182
0.61226 0.38774
0.61120 0.38880
0.60215 0.39785
0.60401 0.39599
0.61255 0.38745
0.61274 0.38726
0.61537 0.38463
0.61466 0.38534
0.61425 0.38575
0.61221 0.38779
0.61537 0.38463
0.61466 0.38534
0.62594 0.37406
0.63515 0.36485
0.62671 0.37329
0.61693 0.38307
0.61902 0.38098
0.60537 0.39463
0.60249 0.39751
0.59795 0.40205
0.60572 0.39428
0.60766 0.39234
0.60377 0.39623
0.60575 0.39425
0.60009 0.39991
0.60191 0.39809
0.57351 0.42649
0.57019 0.42981
0.57351 0.42649
0.57019 0.42981
0.62290 0.37710
0.61527 0.38473
0.62190 0.37810
0.61535 0.38465
0.61297 0.38703
0.64802 0.35198
0.64440 0.35560
0.64259 0.35741
0.62107 0.37893
0.62058 0.37942
0.63572 0.36428
0.63572 0.36428
0.63099 0.36901
0.63140 0.36860
0.63140 0.36860
0.62867 0.37133
0.64556 0.35444
0.64556 0.35444
0.60439 0.39561
0.59794 0.40206
0.60105 0.39895
0.60439 0.39561
0.59794 0.40206
0.60105 0.39895
0.60439 0.39561
0.59794 0.40206
0.60105 0.39895
0.60972 0.39028
0.59780 0.40220
0.61334 0.38666
0.60134 0.39866
0.61311 0.38689
0.61699 0.38301
0.61705 0.38295
0.62094 0.37906
0.61251 0.38749
0.60930 0.39070
0.61177 0.38823
0.60906 0.39094
0.61076 0.38924
0.60668 0.39332
0.63536 0.36464
0.63365 0.36635
0.61068 0.38932
0.60956 0.39044
0.63858 0.36142
0.63777 0.36223
0.63985 0.36015
0.62351 0.37649
0.62475 0.37525
0.62351 0.37649
0.62487 0.37513
0.67942 0.32058
0.59020 0.40980
0.59183 0.40817
0.59020 0.40980
0.62518 0.37482
0.61097 0.38903
0.61931 0.38069
0.62513 0.37487
0.62616 0.37384
0.62753 0.37247
0.62759 0.37241
0.62513 0.37487
0.62616 0.37384
0.64910 0.35090
0.64755 0.35245
0.60245 0.39755
0.62058 0.37942
0.60901 0.39099
0.60214 0.39786
0.61295 0.38705
0.60600 0.39400
0.64219 0.35781
0.64165 0.35835
0.63181 0.36819
0.65589 0.34411
0.65530 0.34470
0.64299 0.35701
0.64757 0.35243
0.63551 0.36449
0.65762 0.34238
0.65127 0.34873
0.64200 0.35800
0.64028 0.35972
0.63284 0.36716
0.61875 0.38125
0.63521 0.36479
0.64796 0.35204
0.62799 0.37201
0.62150 0.37850
0.63436 0.36564
0.63992 0.36008
0.63079 0.36921
0.62889 0.37111
0.65168 0.34832
0.64337 0.35663
0.63488 0.36512
0.64537 0.35463
0.64123 0.35877
0.64370 0.35630
0.64139 0.35861
0.64253 0.35747
0.64087 0.35913
0.63859 0.36141
0.63839 0.36161
0.59831 0.40169
0.59757 0.40243
0.61023 0.38977
0.59617 0.40383
0.60675 0.39325
0.59201 0.40799
0.60849 0.39151
0.59442 0.40558
0.59449 0.40551
0.59611 0.40389
0.61687 0.38313
0.61088 0.38912
0.63081 0.36919
0.62904 0.37096
0.60856 0.39144
0.61073 0.38927
0.64330 0.35670
0.61119 0.38881
0.61937 0.38063
0.59888 0.40112
0.59446 0.40554
0.59465 0.40535
0.59030 0.40970
0.63007 0.36993
0.64609 0.35391
0.62875 0.37125
0.63263 0.36737
0.65170 0.34830
0.63178 0.36822
0.65010 0.34990
0.60183 0.39817
0.63011 0.36989
0.60923 0.39077
0.61183 0.38817
0.61249 0.38751
0.55882 0.44118
0.58811 0.41189
0.59007 0.40993
0.60302 0.39698
0.58991 0.41009
0.59192 0.40808
0.60381 0.39619
0.64315 0.35685
0.64932 0.35068
0.57876 0.42124
0.57535 0.42465
0.57799 0.42201
0.58155 0.41845
0.61431 0.38569
0.59512 0.40488
0.62827 0.37173
0.64410 0.35589
0.61922 0.38078
0.57770 0.42230
0.62531 0.37469
0.63196 0.36804
0.62744 0.37256
0.63358 0.36642
0.62318 0.37682
0.62873 0.37127
0.62506 0.37494
0.61974 0.38026
0.64048 0.35952
0.63369 0.36631
0.64583 0.35417
0.63827 0.36173
0.64048 0.35952
0.63369 0.36631
0.61716 0.38284
0.61723 0.38277
0.61712 0.38288
0.58684 0.41316
0.62156 0.37844
0.61332 0.38668
0.62219 0.37781
0.62047 0.37953
0.62034 0.37966
0.60950 0.39050
0.60947 0.39053
0.60849 0.39151
0.60957 0.39043
0.60838 0.39162
0.60901 0.39099
0.60838 0.39162
0.60946 0.39054
0.63810 0.36190
0.66719 0.33281
0.65865 0.34135
0.65270 0.34730
0.64057 0.35943
0.59856 0.40144
0.64188 0.35812
0.62283 0.37717
0.62102 0.37898
0.62454 0.37546
0.61570 0.38430
0.61223 0.38777
0.60887 0.39113
0.60282 0.39718
0.60562 0.39438
0.57594 0.42406
0.64401 0.35599
0.59001 0.40999
0.60788 0.39212
0.62728 0.37272
0.63020 0.36980
0.63020 0.36980
0.61496 0.38504
0.61747 0.38253
0.61615 0.38385
0.61843 0.38157
0.61493 0.38507
0.62046 0.37954
0.61843 0.38157
0.59200 0.40800
0.59202 0.40798
0.59656 0.40344
0.59488 0.40512
0.61182 0.38818
0.61520 0.38480
0.61846 0.38154
0.62107 0.37893
0.62107 0.37893
0.61816 0.38184
0.61816 0.38184
0.62523 0.37477
0.62523 0.37477
0.62172 0.37828
0.62172 0.37828
0.62196 0.37804
0.62570 0.37430
0.59301 0.40699
0.59881 0.40119
0.59591 0.40409
0.62186 0.37814
0.62906 0.37094
0.62549 0.37451
0.61531 0.38469
0.61531 0.38469
0.65159 0.34841
0.61496 0.38504
0.59077 0.40923
0.58661 0.41339
0.58236 0.41764
0.60025 0.39975
0.56858 0.43142
0.61180 0.38820
0.58959 0.41041
0.58959 0.41041
0.60145 0.39855
0.60145 0.39855
0.59531 0.40469
0.59531 0.40469
0.59672 0.40328
0.60283 0.39717
0.62663 0.37337
0.64132 0.35868
0.64132 0.35868
0.60831 0.39169
0.62010 0.37990
0.61201 0.38799
0.60993 0.39006
0.60850 0.39150
0.60999 0.39001
0.60649 0.39351
0.63385 0.36615
0.63623 0.36377
0.64228 0.35772
0.63306 0.36694
0.63547 0.36453
0.64149 0.35851
0.63153 0.36847
0.63391 0.36609
0.59429 0.40571
0.64117 0.35883
0.64371 0.35629
0.65005 0.34995
0.60425 0.39575
0.60672 0.39328
0.62371 0.37629
0.62606 0.37394
0.63010 0.36990
0.62531 0.37469
0.62531 0.37469
0.62531 0.37469
0.62531 0.37469
0.62172 0.37828
0.62253 0.37747
0.62172 0.37828
0.62253 0.37747
0.56802 0.43198
0.61876 0.38124
0.63305 0.36695
0.60401 0.39599
0.62700 0.37300
0.62418 0.37582
0.58884 0.41116
0.59930 0.40070
0.59693 0.40307
0.59930 0.40070
0.63879 0.36121
0.62576 0.37424
0.62576 0.37424
0.62862 0.37138
0.62862 0.37138
0.61544 0.38456
0.61284 0.38716
0.61544 0.38456
0.61284 0.38716
0.60055 0.39945
0.64433 0.35567
0.62655 0.37345
0.59799 0.40201
0.60463 0.39537
0.59876 0.40124
0.60984 0.39016
0.60284 0.39716
0.61413 0.38587
0.61425 0.38575
0.61327 0.38673
0.62437 0.37563
0.60851 0.39149
0.62127 0.37873
0.63277 0.36723
0.63568 0.36432
0.57093 0.42907
0.60653 0.39347
0.59688 0.40312
0.61052 0.38948
0.60068 0.39932
0.59838 0.40162
0.61280 0.38720
0.63902 0.36098
0.63902 0.36098
0.63978 0.36022
0.63978 0.36022
0.60862 0.39138
0.65886 0.34114
0.65311 0.34689
0.63234 0.36766
0.63262 0.36738
0.62818 0.37182
0.62898 0.37102
0.62466 0.37534
0.62898 0.37102
0.59712 0.40288
0.59396 0.40604
0.63804 0.36196
0.63358 0.36642
0.61454 0.38546
0.61205 0.38795
0.61844 0.38156
0.61814 0.38186
0.62006 0.37994
0.62641 0.37359
0.62608 0.37392
0.61969 0.38031
0.62599 0.37401
0.62599 0.37401
0.63543 0.36457
0.63012 0.36988
0.60568 0.39432
0.60975 0.39025
0.61124 0.38876
0.64144 0.35856
0.64750 0.35250
0.64795 0.35205
0.61682 0.38318
0.64678 0.35322
0.64170 0.35830
0.58138 0.41862
0.65964 0.34036
0.65964 0.34036
0.61860 0.38140
0.62412 0.37588
0.62430 0.37570
0.61860 0.38140
0.62430 0.37570
0.62361 0.37639
0.63047 0.36953
0.62723 0.37277
0.62361 0.37639
0.62723 0.37277
0.62243 0.37757
0.64840 0.35160
0.65916 0.34084
0.64871 0.35129
0.65721 0.34279
0.65299 0.34701
0.62493 0.37507
0.63385 0.36615
0.62988 0.37012
0.63589 0.36411
0.64533 0.35467
0.59746 0.40254
0.59445 0.40555
0.61094 0.38906
0.61094 0.38906
0.61024 0.38976
0.63204 0.36796
0.63286 0.36714
0.58416 0.41584
0.59016 0.40984
0.58918 0.41082
0.59652 0.40348
0.64760 0.35240
0.62689 0.37311
0.63817 0.36183
0.65797 0.34203
0.60483 0.39517
0.60866 0.39134
0.59899 0.40101
0.60604 0.39396
0.62575 0.37425
0.61302 0.38698
0.61530 0.38470
0.63722 0.36278
0.60500 0.39500
0.63601 0.36399
0.63722 0.36278
0.60500 0.39500
0.63601 0.36399
0.63249 0.36751
0.59885 0.40115
0.63133 0.36867
0.63249 0.36751
0.59885 0.40115
0.63133 0.36867
0.59914 0.40086
0.59219 0.40781
0.60798 0.39202
0.60824 0.39176
0.59499 0.40501
0.60851 0.39149
0.60412 0.39588
0.60338 0.39662
0.60621 0.39379
0.62396 0.37604
0.61911 0.38089
0.61759 0.38241
0.61419 0.38581
0.64019 0.35981
0.63481 0.36519
0.62727 0.37273
0.62727 0.37273
0.61119 0.38881
0.61034 0.38966
0.62536 0.37464
0.64118 0.35882
0.60980 0.39020
0.63360 0.36640
0.62253 0.37747
0.62260 0.37740
0.62020 0.37980
0.60827 0.39173
0.61050 0.38950
0.61068 0.38932
0.56152 0.43848
0.58787 0.41213
0.59937 0.40063
0.63289 0.36711
0.65308 0.34692
0.62196 0.37804
0.62193 0.37807
0.62784 0.37216
0.62784 0.37216
0.62051 0.37949
0.62581 0.37419
0.67392 0.32608
0.67475 0.32525
0.61718 0.38282
0.62039 0.37961
0.60233 0.39767
0.59761 0.40239
0.59228 0.40772
0.62201 0.37799
0.62640 0.37360
0.61690 0.38310
0.61770 0.38230
0.62212 0.37788
0.61048 0.38952
0.63147 0.36853
0.63141 0.36859
0.60387 0.39613
0.60387 0.39613
0.60387 0.39613
0.60387 0.39613
0.60619 0.39381
0.60619 0.39381
0.60621 0.39379
0.66562 0.33438
0.66094 0.33906
0.65850 0.34150
0.65392 0.34608
0.65850 0.34150
0.63136 0.36864
0.63133 0.36867
0.63133 0.36867
0.59915 0.40085
0.59811 0.40189
0.60090 0.39910
0.58460 0.41540
0.63342 0.36658
0.63000 0.37000
0.60611 0.39389
0.59852 0.40148
0.59774 0.40226
0.60151 0.39849
0.63397 0.36603
0.59828 0.40172
0.59606 0.40394
0.63414 0.36586
0.63141 0.36859
0.64371 0.35629
0.63945 0.36055
0.55449 0.44551
0.57067 0.42933
0.55325 0.44675
0.57006 0.42994
0.60754 0.39246
0.58667 0.41333
0.60988 0.39012
0.60765 0.39235
0.58496 0.41504
0.60912 0.39088
0.60719 0.39281
0.60708 0.39292
0.60961 0.39039
0.60774 0.39226
0.61113 0.38887
0.60926 0.39074
0.62753 0.37247
0.60027 0.39973
0.59807 0.40193
0.59807 0.40193
0.59807 0.40193
0.59623 0.40377
0.59623 0.40377
0.59623 0.40377
0.61705 0.38295
0.59994 0.40006
0.63050 0.36950
0.60068 0.39932
0.62592 0.37408
0.60131 0.39869
0.62260 0.37740
0.59886 0.40114
0.62592 0.37408
0.60131 0.39869
0.59277 0.40723
0.57298 0.42702
0.57511 0.42489
0.60525 0.39475
0.60942 0.39058
0.60497 0.39503
0.61498 0.38502
0.60062 0.39938
0.61026 0.38974
0.60203 0.39797
0.61190 0.38810
0.59814 0.40186
0.59679 0.40321
0.60464 0.39536
0.60524 0.39476
0.60445 0.39555
0.60445 0.39555
0.60945 0.39055
0.60945 0.39055
0.59314 0.40686
0.63306 0.36694
0.62115 0.37885
0.61338 0.38662
0.65413 0.34587
0.65423 0.34577
0.58572 0.41428
0.61023 0.38977
0.65494 0.34506
0.64337 0.35663
0.63441 0.36559
0.60779 0.39221
0.60779 0.39221
0.60779 0.39221
0.60361 0.39639
0.60361 0.39639
0.60361 0.39639
0.60779 0.39221
0.60779 0.39221
0.60779 0.39221
0.60779 0.39221
0.60779 0.39221
0.60779 0.39221
0.63247 0.36753
0.62425 0.37575
0.62816 0.37184
0.63434 0.36566
0.63756 0.36244
0.63076 0.36924
0.63166 0.36834
0.60643 0.39357
0.60288 0.39712
0.63428 0.36572
0.62767 0.37233
0.63428 0.36572
0.61809 0.38191
0.61959 0.38041
0.61351 0.38649
0.62152 0.37848
0.62164 0.37836
0.62149 0.37851
0.60261 0.39739
0.58884 0.41116
0.62114 0.37886
0.61428 0.38572
0.60175 0.39825
0.56256 0.43744
0.61487 0.38513
0.62163 0.37837
0.61582 0.38418
0.60430 0.39570
0.63969 0.36031
0.63829 0.36171
0.60741 0.39259
0.60610 0.39390
0.63245 0.36755
0.63484 0.36516
0.61690 0.38310
0.61390 0.38610
0.59680 0.40320
0.61385 0.38615
0.61385 0.38615
0.62164 0.37836
0.61836 0.38164
0.59362 0.40638
0.62997 0.37003
0.62997 0.37003
0.61939 0.38061
0.61043 0.38957
0.60847 0.39153
0.65028 0.34972
0.65033 0.34967
0.63654 0.36346
0.63658 0.36342
0.62836 0.37164
0.62836 0.37164
0.57543 0.42457
0.60448 0.39552
0.63267 0.36733
0.58198 0.41802
0.57966 0.42034
0.60715 0.39285
0.60681 0.39319
0.60715 0.39285
0.60681 0.39319
0.59260 0.40740
0.62090 0.37910
0.59182 0.40818
0.60258 0.39742
0.63054 0.36946
0.62681 0.37319
0.60303 0.39697
0.60303 0.39697
0.59777 0.40223
0.59828 0.40172
0.63309 0.36691
0.60710 0.39290
0.60015 0.39985
0.64081 0.35919
0.63272 0.36728
0.63272 0.36728
0.64074 0.35926
0.63265 0.36735
0.63265 0.36735
0.61963 0.38037
0.62486 0.37514
0.62302 0.37698
0.60491 0.39509
0.65010 0.34990
0.64349 0.35651
0.64349 0.35651
0.59854 0.40146
0.60565 0.39435
0.62140 0.37860
0.62231 0.37769
0.59962 0.40038
0.60541 0.39459
0.57094 0.42906
0.61821 0.38179
0.57970 0.42030
0.57808 0.42192
0.62925 0.37075
0.59778 0.40222
0.61327 0.38673
0.63784 0.36216
0.64607 0.35393
0.63400 0.36600
0.63408 0.36592
0.61676 0.38324
0.57774 0.42226
0.60901 0.39099
0.59180 0.40820
0.59744 0.40256
0.58838 0.41162
0.64378 0.35622
0.63863 0.36137
0.63863 0.36137
0.58514 0.41486
0.59890 0.40110
0.61627 0.38373
0.61956 0.38044
0.68312 0.31688
0.67377 0.32623
0.67923 0.32077
0.68209 0.31791
0.67964 0.32036
0.68185 0.31815
0.65198 0.34802
0.65362 0.34638
0.65052 0.34948
0.65214 0.34786
0.64915 0.35085
0.65075 0.34925
0.65260 0.34740
0.65424 0.34576
0.65443 0.34557
0.65441 0.34559
0.62061 0.37939
0.60925 0.39075
0.59865 0.40135
0.60260 0.39740
0.62683 0.37317
0.62376 0.37624
0.62483 0.37517
0.62275 0.37725
0.62571 0.37429
0.62379 0.37621
0.67223 0.32777
0.66991 0.33009
0.66991 0.33009
0.63394 0.36606
0.63197 0.36803
0.63197 0.36803
0.59884 0.40116
0.62479 0.37521
0.61851 0.38149
0.60448 0.39552
0.57626 0.42374
0.59393 0.40607
0.59678 0.40322
0.60498 0.39502
0.59221 0.40779
0.59491 0.40509
0.60301 0.39699
0.60502 0.39498
0.60953 0.39047
0.60719 0.39281
0.60272 0.39728
0.60708 0.39292
0.60485 0.39515
0.60272 0.39728
0.60708 0.39292
0.60485 0.39515
0.61030 0.38970
0.60554 0.39446
0.60658 0.39342
0.60455 0.39545
0.62909 0.37091
0.63561 0.36439
0.62792 0.37208
0.63727 0.36273
0.62560 0.37440
0.63327 0.36673
0.62220 0.37780
0.63009 0.36991
0.62674 0.37326
0.63609 0.36391
0.59993 0.40007
0.59708 0.40292
0.62796 0.37204
0.62292 0.37708
0.62398 0.37602
0.62186 0.37814
0.62796 0.37204
0.61472 0.38528
0.62236 0.37764
0.61472 0.38528
0.62300 0.37700
0.63323 0.36677
0.61119 0.38881
0.61874 0.38126
0.61119 0.38881
0.61927 0.38073
0.62875 0.37125
0.61013 0.38987
0.61766 0.38234
0.61013 0.38987
0.61820 0.38180
0.62770 0.37230
0.61472 0.38528
0.62236 0.37764
0.61472 0.38528
0.62300 0.37700
0.63323 0.36677
0.60906 0.39094
0.61659 0.38341
0.60906 0.39094
0.61712 0.38288
0.62666 0.37334
0.64289 0.35711
0.63100 0.36900
0.63889 0.36111
0.62619 0.37381
0.62435 0.37565
0.61905 0.38095
0.60758 0.39242
0.61435 0.38565
0.61435 0.38565
0.60758 0.39242
0.61908 0.38092
0.60763 0.39237
0.61438 0.38562
0.61438 0.38562
0.60763 0.39237
0.61731 0.38269
0.60602 0.39398
0.61269 0.38731
0.61269 0.38731
0.60602 0.39398
0.61654 0.38346
0.60789 0.39211
0.61169 0.38831
0.61169 0.38831
0.60789 0.39211
0.61933 0.38067
0.60635 0.39365
0.61284 0.38716
0.61284 0.38716
0.60635 0.39365
0.62131 0.37869
0.60833 0.39167
0.61330 0.38670
0.61330 0.38670
0.60833 0.39167
0.62131 0.37869
0.60833 0.39167
0.61330 0.38670
0.61330 0.38670
0.60833 0.39167
0.62542 0.37458
0.58964 0.41036
0.59253 0.40747
0.60957 0.39043
0.61190 0.38810
0.59463 0.40537
0.59221 0.40779
0.63061 0.36939
0.62900 0.37100
0.62986 0.37014
0.63252 0.36748
0.62467 0.37533
0.62246 0.37754
0.61109 0.38891
0.61274 0.38726
0.60970 0.39030
0.60523 0.39477
0.60410 0.39590
0.60146 0.39854
0.60207 0.39793
0.60087 0.39913
0.64614 0.35386
0.65822 0.34178
0.64208 0.35792
0.65418 0.34582
0.64614 0.35386
0.65822 0.34178
0.64208 0.35792
0.65418 0.34582
0.63008 0.36992
0.64161 0.35839
0.63008 0.36992
0.64161 0.35839
0.62640 0.37360
0.63791 0.36209
0.62925 0.37075
0.64161 0.35839
0.64554 0.35446
0.64432 0.35568
0.64554 0.35446
0.64432 0.35568
0.64172 0.35828
0.64053 0.35947
0.61490 0.38510
0.62240 0.37760
0.62483 0.37517
0.61490 0.38510
0.62240 0.37760
0.62483 0.37517
0.61160 0.38840
0.61912 0.38088
0.62153 0.37847
0.64803 0.35197
0.64743 0.35257
0.62478 0.37522
0.61851 0.38150
0.61913 0.38087
0.62495 0.37505
0.62598 0.37402
0.64314 0.35686
0.64337 0.35663
0.64451 0.35549
0.62394 0.37606
0.60175 0.39825
0.62039 0.37961
0.60935 0.39065
0.62630 0.37370
0.63291 0.36709
0.63440 0.36560
0.64575 0.35425
0.63822 0.36178
0.63512 0.36488
0.64074 0.35926
0.63345 0.36655
0.63032 0.36968
0.64432 0.35568
0.63723 0.36277
0.63418 0.36582
0.68070 0.31930
0.68070 0.31930
0.68070 0.31930
0.63261 0.36739
0.62961 0.37039
0.63261 0.36739
0.62961 0.37039
0.63261 0.36739
0.62961 0.37039
0.63261 0.36739
0.62961 0.37039
0.62917 0.37083
0.62608 0.37392
0.62917 0.37083
0.62608 0.37392
0.63261 0.36739
0.62961 0.37039
0.63261 0.36739
0.62961 0.37039
0.61668 0.38332
0.61250 0.38750
0.61668 0.38332
0.60777 0.39223
0.58833 0.41167
0.60418 0.39582
0.60670 0.39330
0.58519 0.41481
0.66133 0.33867
0.61382 0.38618
0.59539 0.40461
0.61032 0.38968
0.61883 0.38117
0.60230 0.39770
0.62426 0.37575
0.65269 0.34731
0.64570 0.35430
0.63406 0.36594
0.61695 0.38305
0.63406 0.36594
0.61695 0.38305
0.60941 0.39059
0.59431 0.40569
0.61670 0.38330
0.60696 0.39304
0.59114 0.40886
0.61409 0.38591
0.60432 0.39568
0.62075 0.37925
0.61080 0.38920
0.60639 0.39361
0.60639 0.39361
0.60639 0.39361
0.60639 0.39361
0.60878 0.39122
0.60543 0.39457
0.61067 0.38933
0.60545 0.39455
0.59845 0.40155
0.59290 0.40710
0.62370 0.37630
0.61420 0.38580
0.61118 0.38882
0.61753 0.38247
0.61124 0.38876
0.59201 0.40799
0.58503 0.41497
0.58517 0.41483
0.59716 0.40284
0.60343 0.39657
0.59919 0.40081
0.60307 0.39693
0.64527 0.35473
0.63806 0.36194
0.60724 0.39276
0.60396 0.39604
0.56009 0.43991
0.57625 0.42375
0.56057 0.43943
0.57944 0.42056
0.58791 0.41209
0.56895 0.43105
0.63348 0.36652
0.63633 0.36367
0.61577 0.38423
0.58496 0.41504
0.58639 0.41361
0.57989 0.42011
0.59452 0.40548
0.61236 0.38764
0.60455 0.39545
0.61236 0.38764
0.60455 0.39545
0.60937 0.39063
0.62506 0.37494
0.60321 0.39679
0.59477 0.40523
0.61778 0.38222
0.62541 0.37459
0.61569 0.38431
0.58567 0.41433
0.60150 0.39850
0.59344 0.40656
0.60150 0.39850
0.59344 0.40656
0.66012 0.33988
0.66070 0.33930
0.65999 0.34001
0.60204 0.39796
0.60195 0.39805
0.60833 0.39167
0.60842 0.39158
0.60833 0.39167
0.60842 0.39158
0.60833 0.39167
0.60833 0.39167
0.62067 0.37933
0.62057 0.37943
0.61138 0.38862
0.62185 0.37815
0.61285 0.38715
0.59932 0.40068
0.60167 0.39833
0.60389 0.39611
0.61649 0.38351
0.59991 0.40009
0.60124 0.39876
0.57469 0.42531
0.57496 0.42504
0.59796 0.40204
0.58174 0.41826
0.58374 0.41626
0.59146 0.40854
0.59859 0.40141
0.59517 0.40483
0.60503 0.39497
0.59491 0.40509
0.60016 0.39984
0.61121 0.38879
0.61121 0.38879
0.61121 0.38879
0.60698 0.39302
0.60698 0.39302
0.60698 0.39302
0.61902 0.38098
0.61902 0.38098
0.61902 0.38098
0.61681 0.38319
0.65009 0.34991
0.63483 0.36517
0.63378 0.36622
0.62313 0.37687
0.63836 0.36164
0.63491 0.36509
0.63799 0.36201
0.62875 0.37125
0.63494 0.36506
0.63532 0.36468
0.64507 0.35493
0.64636 0.35364
0.63537 0.36463
0.64545 0.35455
0.64560 0.35440
0.64628 0.35372
0.61854 0.38146
0.61002 0.38998
0.58991 0.41009
0.61850 0.38150
0.60675 0.39325
0.61582 0.38418
0.61851 0.38149
0.64483 0.35517
0.60640 0.39360
0.57394 0.42606
0.58701 0.41299
0.62434 0.37566
0.62441 0.37559
0.62656 0.37344
0.61566 0.38434
0.60810 0.39190
0.60469 0.39531
0.59814 0.40186
0.59752 0.40248
0.61600 0.38400
0.60818 0.39182
0.60369 0.39631
0.63131 0.36869
0.63190 0.36810
0.63112 0.36888
0.62826 0.37174
0.62790 0.37210
0.62826 0.37174
0.62790 0.37210
0.61902 0.38098
0.63296 0.36704
0.63140 0.36860
0.63237 0.36763
0.61781 0.38219
0.62533 0.37467
0.62533 0.37467
0.62824 0.37176
0.61626 0.38374
0.58318 0.41682
0.56887 0.43113
0.60246 0.39754
0.61541 0.38459
0.60519 0.39481
0.60482 0.39518
0.59520 0.40480
0.60456 0.39544
0.59584 0.40416
0.61602 0.38398
0.62695 0.37305
0.60442 0.39558
0.60296 0.39704
0.64136 0.35864
0.62753 0.37247
0.58292 0.41708
0.60891 0.39109
0.58292 0.41708
0.60795 0.39205
0.58496 0.41504
0.59979 0.40021
0.61577 0.38423
0.59979 0.40021
0.59979 0.40021
0.61495 0.38505
0.59979 0.40021
0.58206 0.41794
0.58679 0.41321
0.61645 0.38355
0.60346 0.39654
0.61605 0.38395
0.62003 0.37997
0.61645 0.38355
0.60346 0.39654
0.61605 0.38395
0.62003 0.37997
0.63802 0.36198
0.63791 0.36209
0.63809 0.36191
0.62008 0.37992
0.62220 0.37780
0.61492 0.38508
0.62436 0.37564
0.62436 0.37564
0.63091 0.36908
0.63004 0.36996
0.61147 0.38853
0.61304 0.38695
0.59389 0.40611
0.60272 0.39728
0.61242 0.38758
0.63365 0.36635
0.63350 0.36650
0.63350 0.36650
0.64787 0.35213
0.64421 0.35579
0.64421 0.35579
0.63400 0.36600
0.63407 0.36593
0.63264 0.36736
0.63262 0.36738
0.63084 0.36916
0.63084 0.36916
0.62735 0.37265
0.62557 0.37443
0.62557 0.37443
0.63181 0.36819
0.62712 0.37288
0.62712 0.37288
0.62044 0.37956
0.61557 0.38443
0.62860 0.37140
0.64174 0.35826
0.60787 0.39213
0.61151 0.38849
0.57644 0.42356
0.57497 0.42503
0.60079 0.39921
0.60511 0.39489
0.64402 0.35598
0.62490 0.37510
0.64994 0.35006
0.61295 0.38705
0.61379 0.38621
0.63513 0.36487
0.60179 0.39821
0.61833 0.38167
0.62465 0.37535
0.62554 0.37446
0.60185 0.39815
0.61288 0.38712
0.59773 0.40227
0.58921 0.41079
0.62141 0.37859
0.59517 0.40483
0.62020 0.37980
0.61179 0.38821
0.62020 0.37980
0.61285 0.38715
0.61285 0.38715
0.61285 0.38715
0.61285 0.38715
0.63243 0.36757
0.64245 0.35755
0.64245 0.35755
0.58121 0.41879
0.58753 0.41247
0.57529 0.42471
0.56048 0.43952
0.60236 0.39764
0.59878 0.40122
0.58263 0.41737
0.60278 0.39722
0.61512 0.38488
0.61512 0.38488
0.62573 0.37427
0.62000 0.38000
0.61020 0.38980
0.61509 0.38491
0.62888 0.37112
0.61490 0.38510
0.61008 0.38992
0.62456 0.37544
0.61667 0.38333
0.63722 0.36278
0.62853 0.37147
0.64474 0.35526
0.66098 0.33902
0.62711 0.37289
0.63049 0.36951
0.59968 0.40032
0.60266 0.39734
0.61302 0.38698
0.62987 0.37013
0.61302 0.38698
0.62987 0.37013
0.64582 0.35418
0.63600 0.36400
0.61758 0.38242
0.62387 0.37613
0.62417 0.37583
0.59780 0.40220
0.60149 0.39851
0.60339 0.39661
0.59296 0.40704
0.59676 0.40324
0.59858 0.40142
0.59919 0.40081
0.59282 0.40718
0.62171 0.37829
0.65167 0.34833
0.61474 0.38526
0.60767 0.39233
0.59729 0.40271
0.60767 0.39233
0.59729 0.40271
0.60599 0.39401
0.59590 0.40410
0.60125 0.39875
0.62765 0.37235
0.62229 0.37771
0.60238 0.39762
0.62765 0.37235
0.62229 0.37771
0.60238 0.39762
0.60908 0.39092
0.58952 0.41048
0.59326 0.40674
0.61374 0.38626
0.59326 0.40674
0.61374 0.38626
0.61366 0.38634
0.61549 0.38451
0.63642 0.36358
0.64275 0.35725
0.62611 0.37389
0.58282 0.41718
0.64076 0.35924
0.64035 0.35965
0.63416 0.36584
0.61712 0.38288
0.62804 0.37196
0.63260 0.36740
0.62045 0.37955
0.58619 0.41381
0.62118 0.37882
0.62196 0.37804
0.61502 0.38498
0.62078 0.37922
0.62310 0.37690
0.61673 0.38327
0.62695 0.37305
0.63364 0.36636
0.62695 0.37305
0.62695 0.37305
0.62618 0.37382
0.62656 0.37344
0.63423 0.36577
0.62656 0.37344
0.62548 0.37452
0.62713 0.37287
0.63119 0.36881
0.60469 0.39531
0.60469 0.39531
0.58355 0.41645
0.61393 0.38607
0.65239 0.34761
0.61855 0.38145
0.60858 0.39142
0.61842 0.38158
0.61301 0.38699
0.62305 0.37695
0.62190 0.37810
0.62965 0.37035
0.61869 0.38131
0.62516 0.37484
0.61572 0.38428
0.62338 0.37662
0.61572 0.38428
0.62338 0.37662
0.66465 0.33535
0.61790 0.38210
0.63846 0.36154
0.63429 0.36571
0.63584 0.36416
0.64591 0.35409
0.64878 0.35122
0.62878 0.37122
0.64183 0.35817
0.63926 0.36074
0.62007 0.37993
0.62496 0.37504
0.62473 0.37527
0.62495 0.37505
0.62424 0.37576
0.61653 0.38347
0.63170 0.36830
0.62588 0.37412
0.61349 0.38651
0.61015 0.38985
0.62218 0.37782
0.62393 0.37607
0.59802 0.40198
0.61641 0.38359
0.61244 0.38756
0.60856 0.39144
0.60707 0.39293
0.60697 0.39303
0.60947 0.39053
0.61592 0.38408
0.63626 0.36374
0.63620 0.36380
0.63635 0.36365
0.63550 0.36450
0.63564 0.36436
0.64423 0.35577
0.64210 0.35790
0.63391 0.36609
0.64337 0.35663
0.64945 0.35055
0.64416 0.35584
0.65274 0.34726
0.64416 0.35584
0.65274 0.34726
0.64965 0.35035
0.60718 0.39282
0.61355 0.38645
0.62735 0.37265
0.62500 0.37500
0.61704 0.38296
0.61311 0.38689
0.61274 0.38726
0.62173 0.37827
0.62089 0.37911
0.61752 0.38248
0.62520 0.37480
0.61059 0.38941
0.61976 0.38024
0.62211 0.37789
0.62706 0.37294
0.62253 0.37747
0.63037 0.36963
0.62253 0.37747
0.61679 0.38321
0.60383 0.39617
0.56284 0.43716
0.55619 0.44381
0.60887 0.39113
0.61899 0.38101
0.59139 0.40861
0.58764 0.41236
0.61679 0.38321
0.61144 0.38856
0.61029 0.38971
0.63881 0.36119
0.63534 0.36466
0.59891 0.40109
0.59832 0.40168
0.60163 0.39837
0.60689 0.39311
0.62768 0.37232
0.61570 0.38430
0.59920 0.40080
0.62909 0.37091
0.61132 0.38868
0.63389 0.36611
0.61095 0.38905
0.63377 0.36623
0.64897 0.35103
0.64205 0.35795
0.64911 0.35089
0.64295 0.35705
0.60838 0.39162
0.58442 0.41558
0.61548 0.38452
0.62007 0.37993
0.61198 0.38802
0.62555 0.37445
0.62789 0.37211
0.63156 0.36844
0.64205 0.35795
0.64102 0.35898
0.66940 0.33060
0.63914 0.36086
0.60460 0.39540
0.56647 0.43353
0.60400 0.39600
0.60247 0.39753
0.60400 0.39600
0.60247 0.39753
0.63199 0.36801
0.63199 0.36801
0.64701 0.35299
0.63724 0.36276
0.63459 0.36541
0.63199 0.36801
0.63199 0.36801
0.63199 0.36801
0.64701 0.35299
0.63724 0.36276
0.63459 0.36541
0.63199 0.36801
0.62506 0.37494
0.62680 0.37320
0.62862 0.37138
0.62506 0.37494
0.62506 0.37494
0.62680 0.37320
0.62862 0.37138
0.62506 0.37494
0.61749 0.38251
0.60939 0.39061
0.61299 0.38701
0.61491 0.38509
0.61411 0.38589
0.60086 0.39914
0.60961 0.39039
0.57214 0.42786
0.61765 0.38235
0.63601 0.36399
0.63691 0.36309
0.63783 0.36217
0.63764 0.36236
0.62979 0.37021
0.63064 0.36936
0.64735 0.35265
0.63064 0.36936
0.62946 0.37054
0.64735 0.35265
0.62985 0.37015
0.62985 0.37015
0.64724 0.35276
0.62708 0.37292
0.62766 0.37234
0.60719 0.39281
0.60111 0.39889
0.60201 0.39799
0.61387 0.38613
0.54654 0.45346
0.56961 0.43039
0.59355 0.40645
0.58039 0.41961
0.58353 0.41647
0.62314 0.37686
0.62513 0.37487
0.63114 0.36886
0.62058 0.37942
0.61749 0.38251
0.62963 0.37037
0.60735 0.39265
0.61869 0.38131
0.62932 0.37068
0.61944 0.38056
0.62218 0.37782
0.61127 0.38873
0.62812 0.37188
0.62812 0.37188
0.61739 0.38261
0.61739 0.38261
0.62879 0.37121
0.61833 0.38167
0.61767 0.38233
0.63126 0.36874
0.61961 0.38039
0.63298 0.36702
0.63564 0.36436
0.60573 0.39427
0.60700 0.39300
0.60482 0.39518
0.60163 0.39837
0.60466 0.39534
0.58132 0.41868
0.61186 0.38814
0.61106 0.38894
0.63110 0.36890
0.60009 0.39991
0.58007 0.41993
0.58061 0.41939
0.58891 0.41109
0.58481 0.41519
0.59973 0.40027
0.59448 0.40552
0.60088 0.39912
0.61488 0.38512
0.58382 0.41618
0.65106 0.34894
0.64170 0.35830
0.65664 0.34336
0.62830 0.37170
0.64568 0.35432
0.60289 0.39711
0.61860 0.38140
0.60538 0.39462
0.61789 0.38211
0.64660 0.35340
0.63751 0.36249
0.62639 0.37361
0.63713 0.36287
0.63350 0.36650
0.57980 0.42020
0.58795 0.41205
0.61688 0.38312
0.63301 0.36699
0.64845 0.35155
0.65110 0.34890
0.59645 0.40355
0.60847 0.39153
0.61254 0.38746
0.59612 0.40388
0.59360 0.40640
0.61336 0.38664
0.61625 0.38375
0.60353 0.39647
0.63648 0.36352
0.64104 0.35896
0.62636 0.37364
0.63089 0.36911
0.62782 0.37218
0.63204 0.36796
0.65842 0.34158
0.60637 0.39363
0.61790 0.38210
0.61050 0.38950
0.57526 0.42474
0.64596 0.35404
0.63318 0.36682
0.61987 0.38013
0.57449 0.42551
0.57972 0.42028
0.63544 0.36456
0.60479 0.39521
0.60856 0.39144
0.62693 0.37307
0.56882 0.43118
0.56487 0.43513
0.57903 0.42097
0.57655 0.42345
0.61314 0.38686
0.61418 0.38582
0.62062 0.37938
0.63598 0.36402
0.62616 0.37384
