0.96344 0.03656
0.83540 0.16460
0.97674 0.02326
0.43528 0.56472
0.41590 0.58410
0.70651 0.29349
0.16759 0.83241
0.20108 0.79892
0.76366 0.23634
0.04480 0.95520
0.13761 0.86239
0.41215 0.58785
0.12694 0.87306
0.63590 0.36410
0.08724 0.91276
0.30021 0.69979
0.93233 0.06767
0.56024 0.43976
0.36300 0.63700
0.49845 0.50155
0.65614 0.34386
0.66233 0.33767
0.09643 0.90357
0.12349 0.87651
0.35894 0.64106
0.40724 0.59276
0.99994 0.00006
0.98481 0.01519
0.99974 0.00026
0.40273 0.59727
0.99211 0.00789
0.64876 0.35124
0.55234 0.44766
0.64582 0.35418
0.99913 0.00087
0.99913 0.00087
0.99913 0.00087
0.95804 0.04196
0.99986 0.00014
0.99982 0.00018
0.99982 0.00018
0.99982 0.00018
0.95804 0.04196
0.99986 0.00014
0.99982 0.00018
0.99982 0.00018
0.99982 0.00018
0.99749 0.00251
0.99972 0.00028
0.99749 0.00251
0.99809 0.00191
0.99978 0.00022
0.99809 0.00191
0.99978 0.00022
0.99220 0.00780
0.73522 0.26478
0.78849 0.21151
0.16241 0.83759
0.88264 0.11736
0.99676 0.00324
0.19698 0.80302
0.86404 0.13596
0.09824 0.90176
0.56894 0.43106
0.16208 0.83792
0.16208 0.83792
0.99944 0.00056
0.99997 0.00003
0.69823 0.30177
0.20779 0.79221
0.20779 0.79221
0.15345 0.84655
0.30515 0.69485
0.79508 0.20492
0.39632 0.60368
0.56487 0.43513
0.92654 0.07346
0.26586 0.73414
0.89154 0.10846
0.51839 0.48161
0.62957 0.37043
0.16921 0.83079
0.72568 0.27432
0.28390 0.71610
0.35363 0.64637
0.28390 0.71610
0.15332 0.84668
0.25647 0.74353
0.13019 0.86981
0.19864 0.80136
0.09613 0.90387
0.41974 0.58026
0.30303 0.69697
0.41974 0.58026
0.30303 0.69697
0.85832 0.14168
0.34205 0.65795
0.78601 0.21399
0.45298 0.54702
0.43303 0.56697
0.60090 0.39910
0.25571 0.74429
0.19401 0.80599
0.31961 0.68039
0.15896 0.84104
0.21465 0.78535
0.46319 0.53681
0.57639 0.42361
0.54727 0.45273
0.53517 0.46483
0.64846 0.35154
0.13598 0.86402
0.99995 0.00005
0.42295 0.57705
0.99998 0.00002
0.99998 0.00002
0.82817 0.17183
0.85554 0.14446
0.68465 0.31535
0.99998 0.00002
0.99999 0.00001
0.99999 0.00001
0.10863 0.89137
0.99935 0.00065
0.99810 0.00190
0.29622 0.70378
0.23253 0.76747
0.15944 0.84056
0.22175 0.77825
0.12364 0.87636
0.10884 0.89116
0.24613 0.75387
0.13409 0.86591
0.13409 0.86591
0.14049 0.85951
0.14049 0.85951
0.13316 0.86684
0.22865 0.77135
0.25277 0.74723
0.25277 0.74723
0.36455 0.63545
0.39525 0.60475
0.42095 0.57905
0.43294 0.56706
0.33810 0.66190
0.18655 0.81345
0.28219 0.71781
0.36960 0.63040
0.49944 0.50056
0.50202 0.49798
0.50904 0.49096
0.48467 0.51533
0.44341 0.55659
0.27395 0.72605
0.94320 0.05680
0.98614 0.01386
0.65364 0.34636
0.09466 0.90534
0.22108 0.77892
0.21998 0.78002
0.22917 0.77083
0.21998 0.78002
0.22917 0.77083
0.32412 0.67588
0.83150 0.16850
0.50501 0.49499
0.20719 0.79281
0.29423 0.70577
0.96257 0.03743
0.28119 0.71881
0.29563 0.70437
0.96257 0.03743
0.96257 0.03743
0.96257 0.03743
0.36099 0.63901
0.87844 0.12156
0.25910 0.74090
0.22067 0.77933
0.90027 0.09973
0.95987 0.04013
0.99994 0.00006
0.82121 0.17879
0.94757 0.05243
0.07445 0.92555
0.99959 0.00041
0.12218 0.87782
0.99017 0.00983
0.99559 0.00441
0.45434 0.54566
0.51148 0.48852
0.68635 0.31365
0.12761 0.87239
0.31055 0.68945
0.63538 0.36462
0.96278 0.03722
0.23259 0.76741
0.99474 0.00526
0.07889 0.92111
0.15062 0.84938
0.95379 0.04621
0.90642 0.09358
0.41986 0.58014
0.40581 0.59419
0.99762 0.00238
0.99762 0.00238
0.99978 0.00022
0.99978 0.00022
0.83138 0.16862
0.83138 0.16862
0.39379 0.60621
0.94022 0.05978
0.99948 0.00052
0.98833 0.01167
0.90994 0.09006
0.58046 0.41954
0.63350 0.36650
0.92473 0.07527
0.99994 0.00006
0.99994 0.00006
0.91995 0.08005
0.91995 0.08005
0.73321 0.26679
0.32382 0.67618
0.09750 0.90250
0.36928 0.63072
0.25611 0.74389
0.16528 0.83472
0.27907 0.72093
0.23194 0.76806
0.75074 0.24926
0.67023 0.32977
0.83592 0.16408
0.99903 0.00097
1.00000 0.00000
1.00000 0.00000
1.00000 0.00000
0.96330 0.03670
0.80368 0.19632
0.43746 0.56254
0.24985 0.75015
0.43746 0.56254
0.43746 0.56254
0.24985 0.75015
0.43746 0.56254
0.37080 0.62920
0.85630 0.14370
0.88776 0.11224
0.17220 0.82780
0.17220 0.82780
0.12633 0.87367
0.80361 0.19639
0.97384 0.02616
0.99707 0.00293
0.72592 0.27408
0.37941 0.62059
0.98865 0.01135
0.18370 0.81630
0.98225 0.01775
0.77331 0.22669
0.98567 0.01433
0.52761 0.47239
0.85729 0.14271
0.96561 0.03439
0.80694 0.19306
0.74853 0.25147
0.81803 0.18197
0.14767 0.85233
0.98552 0.01448
0.23050 0.76950
0.18323 0.81677
0.15667 0.84333
0.42848 0.57152
0.99930 0.00070
0.24970 0.75030
0.99552 0.00448
0.44226 0.55774
0.42114 0.57886
0.99479 0.00521
0.43717 0.56283
0.41637 0.58363
0.89296 0.10704
0.97086 0.02914
0.96915 0.03085
0.99995 0.00005
0.99994 0.00006
0.99986 0.00014
0.99984 0.00016
0.99994 0.00006
0.99993 0.00007
0.92114 0.07886
0.98505 0.01495
0.98435 0.01566
0.05313 0.94687
0.05152 0.94848
0.95658 0.04342
0.96047 0.03953
0.17667 0.82333
0.29323 0.70677
0.88715 0.11285
0.29323 0.70677
0.88715 0.11285
0.34492 0.65508
0.86827 0.13173
0.99785 0.00215
0.10951 0.89049
0.22914 0.77086
0.22225 0.77775
0.20660 0.79340
0.80797 0.19203
0.85602 0.14398
0.47413 0.52587
0.98342 0.01658
0.96526 0.03474
0.93758 0.06242
0.99973 0.00027
0.98556 0.01444
0.92259 0.07741
0.99752 0.00248
0.96221 0.03779
0.85557 0.14443
0.88729 0.11271
0.99958 0.00042
0.94917 0.05083
0.88792 0.11208
0.95467 0.04533
0.99589 0.00411
0.97874 0.02126
0.66557 0.33443
0.95467 0.04533
0.99589 0.00411
0.97874 0.02126
0.66557 0.33443
0.99423 0.00577
0.98482 0.01518
0.99961 0.00039
0.99813 0.00187
0.99991 0.00009
0.99718 0.00282
0.74200 0.25800
0.64047 0.35953
0.79354 0.20646
0.79202 0.20798
0.79202 0.20798
0.76681 0.23319
0.99253 0.00747
0.98887 0.01113
0.99384 0.00616
0.99119 0.00881
0.98053 0.01947
0.30887 0.69113
0.49445 0.50555
0.41337 0.58663
0.49445 0.50555
0.41337 0.58663
0.45432 0.54568
0.77762 0.22238
0.45432 0.54568
0.77762 0.22238
0.84578 0.15422
0.29807 0.70193
0.99024 0.00976
0.51506 0.48494
0.96362 0.03638
0.40915 0.59085
0.25324 0.74676
0.88841 0.11159
0.66202 0.33798
0.43663 0.56337
0.32354 0.67646
0.29879 0.70121
0.33769 0.66231
0.34779 0.65221
0.33105 0.66895
0.89277 0.10723
0.89277 0.10723
0.64084 0.35916
0.64084 0.35916
0.16256 0.83744
0.16256 0.83744
0.12996 0.87004
0.95996 0.04004
0.14740 0.85260
0.96121 0.03879
0.70513 0.29487
0.70513 0.29487
0.70513 0.29487
0.98505 0.01495
0.98505 0.01495
0.98505 0.01495
0.70513 0.29487
0.70513 0.29487
0.70513 0.29487
0.70513 0.29487
0.70513 0.29487
0.70513 0.29487
0.19438 0.80562
0.59749 0.40251
0.65497 0.34503
0.25480 0.74520
0.99610 0.00390
0.34788 0.65212
0.90578 0.09422
0.27383 0.72617
0.15115 0.84885
0.99989 0.00011
0.99958 0.00042
0.99958 0.00042
0.59105 0.40895
0.59105 0.40895
0.84324 0.15676
0.49082 0.50918
0.93377 0.06623
0.72684 0.27316
0.96108 0.03892
0.79301 0.20699
0.79301 0.20699
0.82531 0.17469
0.82672 0.17328
0.83902 0.16098
0.99791 0.00209
0.58955 0.41045
0.64007 0.35993
0.95089 0.04911
0.97751 0.02249
0.99800 0.00200
0.34036 0.65964
0.38659 0.61341
0.99837 0.00163
0.38041 0.61959
0.42855 0.57145
0.39817 0.60183
0.43174 0.56826
0.19682 0.80318
0.38244 0.61756
0.17021 0.82979
0.18462 0.81538
0.98642 0.01358
0.90421 0.09579
0.99939 0.00061
0.98219 0.01781
0.99950 0.00050
0.98968 0.01032
0.99069 0.00931
0.14449 0.85551
0.07171 0.92829
0.13718 0.86282
0.13241 0.86759
0.58502 0.41498
0.99834 0.00166
0.95512 0.04488
0.99687 0.00313
0.17154 0.82846
0.18103 0.81897
0.10229 0.89771
0.10673 0.89327
0.29441 0.70559
0.84187 0.15813
0.24986 0.75014
0.26990 0.73010
0.18093 0.81907
0.18093 0.81907
0.65023 0.34977
0.64993 0.35007
0.71416 0.28584
0.60424 0.39576
0.69014 0.30986
0.68859 0.31141
0.74827 0.25173
0.64569 0.35431
0.99870 0.00130
0.99897 0.00103
0.99878 0.00122
0.99890 0.00110
0.99878 0.00122
0.99885 0.00115
0.99897 0.00103
0.99878 0.00122
0.99890 0.00110
0.99878 0.00122
0.99885 0.00115
0.99776 0.00224
0.99629 0.00371
0.98341 0.01659
0.98153 0.01847
0.61768 0.38232
0.99998 0.00002
0.99998 0.00002
0.92105 0.07895
0.99856 0.00144
0.81831 0.18169
0.99979 0.00021
0.89401 0.10599
0.99890 0.00110
0.91544 0.08456
0.66536 0.33464
0.66536 0.33464
0.66536 0.33464
0.85231 0.14769
0.81635 0.18365
0.98302 0.01698
0.87389 0.12611
0.86220 0.13780
0.99991 0.00009
0.97024 0.02976
0.95745 0.04255
0.05559 0.94441
0.89141 0.10859
0.99996 0.00004
0.94580 0.05420
0.58449 0.41551
0.17057 0.82943
0.97034 0.02966
0.99832 0.00168
0.19300 0.80700
0.11623 0.88377
0.12326 0.87674
0.30675 0.69325
0.08412 0.91588
0.44718 0.55282
0.98857 0.01143
0.94182 0.05818
0.99994 0.00006
0.97750 0.02250
0.97750 0.02250
0.17434 0.82566
0.80988 0.19012
0.99901 0.00099
0.94964 0.05036
0.83159 0.16841
0.98693 0.01307
0.98693 0.01307
0.98639 0.01361
0.97686 0.02314
0.98687 0.01313
0.95503 0.04497
0.10237 0.89763
0.99644 0.00356
0.39516 0.60484
0.97068 0.02932
0.98722 0.01278
0.99157 0.00843
0.71740 0.28260
0.95918 0.04082
0.10460 0.89540
0.95503 0.04497
0.10237 0.89763
0.99644 0.00356
0.39516 0.60484
0.99273 0.00727
0.99688 0.00312
0.99997 0.00003
0.49945 0.50055
0.64789 0.35211
0.73210 0.26790
0.99929 0.00071
0.79681 0.20319
0.99952 0.00048
0.87336 0.12664
0.99979 0.00021
0.73900 0.26100
0.99928 0.00072
0.46619 0.53381
0.46619 0.53381
0.46619 0.53381
0.46619 0.53381
0.99997 0.00003
0.81549 0.18451
0.17291 0.82709
0.61449 0.38551
0.55650 0.44350
0.21937 0.78063
0.88409 0.11591
0.21744 0.78256
0.99957 0.00043
0.28133 0.71867
0.30178 0.69822
0.26518 0.73482
0.89594 0.10406
0.39564 0.60436
0.34623 0.65377
0.29561 0.70439
0.26246 0.73754
0.22964 0.77036
0.23191 0.76809
0.40530 0.59470
0.39849 0.60151
0.36700 0.63300
0.39849 0.60151
0.36700 0.63300
0.99988 0.00012
0.99909 0.00091
0.99294 0.00706
0.99562 0.00438
0.99951 0.00049
0.99951 0.00049
0.92192 0.07808
0.94088 0.05912
0.78200 0.21800
0.78200 0.21800
0.81694 0.18306
0.85635 0.14365
0.84914 0.15086
0.84914 0.15086
0.87504 0.12496
0.99956 0.00044
0.99874 0.00126
0.99874 0.00126
0.84044 0.15956
0.87565 0.12435
0.99969 0.00031
0.99988 0.00012
0.64794 0.35206
0.64794 0.35206
0.99111 0.00889
0.85086 0.14914
0.88331 0.11669
0.99986 0.00014
0.99933 0.00067
0.23489 0.76511
0.83554 0.16446
0.38923 0.61077
0.99957 0.00043
0.41047 0.58953
0.94725 0.05275
0.79508 0.20492
0.76015 0.23985
0.18304 0.81696
0.18304 0.81696
0.41010 0.58990
0.41010 0.58990
0.99888 0.00112
0.99888 0.00112
0.61066 0.38934
0.61066 0.38934
0.91359 0.08641
0.99325 0.00675
0.71893 0.28107
0.11523 0.88477
0.64112 0.35888
0.32453 0.67547
0.91634 0.08366
0.24922 0.75078
0.64112 0.35888
0.32453 0.67547
0.89937 0.10063
0.23146 0.76854
0.64112 0.35888
0.32453 0.67547
0.69711 0.30289
0.99896 0.00104
0.22556 0.77444
0.22556 0.77444
0.19752 0.80248
0.19752 0.80248
0.79703 0.20297
0.79703 0.20297
0.76451 0.23549
0.90357 0.09643
0.86202 0.13798
0.49636 0.50364
0.49636 0.50364
0.29604 0.70396
0.42092 0.57908
0.99393 0.00607
0.99716 0.00284
0.45356 0.54644
0.99701 0.00299
0.99894 0.00106
0.99691 0.00309
0.48766 0.51234
0.29605 0.70395
0.99611 0.00389
0.38940 0.61060
0.53651 0.46349
0.99828 0.00172
0.19637 0.80363
0.29212 0.70788
0.11181 0.88819
0.99958 0.00042
0.07239 0.92761
0.08432 0.91568
0.46500 0.53500
0.25140 0.74860
0.98967 0.01033
0.99807 0.00193
0.70739 0.29261
0.98907 0.01093
0.69484 0.30516
0.49805 0.50195
0.75439 0.24561
0.99979 0.00021
0.99912 0.00088
0.89346 0.10654
0.99167 0.00833
0.99912 0.00088
0.99904 0.00096
0.99912 0.00088
0.81688 0.18312
0.99700 0.00300
0.77036 0.22964
0.99835 0.00165
0.35913 0.64087
0.99410 0.00590
0.99945 0.00055
0.99916 0.00084
0.86023 0.13977
0.57136 0.42864
0.99628 0.00372
0.99901 0.00099
0.99742 0.00258
0.70642 0.29358
0.76012 0.23988
0.42785 0.57215
0.99886 0.00114
0.70080 0.29920
0.08629 0.91371
0.08256 0.91744
0.22960 0.77040
0.08951 0.91049
0.32782 0.67218
0.51240 0.48760
0.25009 0.74991
0.51240 0.48760
0.42732 0.57268
0.11169 0.88831
0.34352 0.65648
0.25174 0.74826
0.62545 0.37455
0.09959 0.90041
0.13394 0.86606
0.38822 0.61178
0.67237 0.32763
0.71793 0.28207
0.11484 0.88516
0.25586 0.74414
0.85759 0.14241
0.99689 0.00311
0.98842 0.01158
0.95546 0.04454
0.91273 0.08727
0.98411 0.01589
0.81779 0.18221
0.99804 0.00196
0.99505 0.00495
0.93605 0.06395
0.94524 0.05476
0.93017 0.06983
0.99998 0.00002
0.95651 0.04349
0.99939 0.00061
0.99939 0.00061
0.99985 0.00015
0.99598 0.00402
0.99598 0.00402
0.99963 0.00037
0.99963 0.00037
0.99963 0.00037
0.99963 0.00037
0.99991 0.00009
0.99991 0.00009
0.99965 0.00035
0.99965 0.00035
0.99995 0.00005
0.66143 0.33857
0.99996 0.00004
0.99994 0.00006
0.06745 0.93255
0.19839 0.80161
0.18642 0.81358
0.20325 0.79675
0.26169 0.73831
0.05617 0.94383
0.05723 0.94277
0.39333 0.60667
0.96268 0.03732
0.46228 0.53772
0.25662 0.74338
0.81701 0.18299
0.19248 0.80752
0.21110 0.78890
0.79892 0.20108
0.99974 0.00026
0.99768 0.00232
0.99955 0.00045
0.55204 0.44796
0.98251 0.01749
0.99168 0.00832
0.99951 0.00049
0.99884 0.00116
0.99884 0.00116
0.99884 0.00116
0.87735 0.12265
0.90955 0.09045
0.99884 0.00116
0.95219 0.04781
0.99921 0.00079
0.93858 0.06142
0.64046 0.35954
0.54265 0.45735
0.54882 0.45118
0.19444 0.80556
0.47951 0.52049
0.66164 0.33836
0.08758 0.91242
0.66152 0.33848
0.14630 0.85370
0.50835 0.49165
0.18092 0.81908
0.77698 0.22302
0.30127 0.69873
0.63330 0.36670
0.86622 0.13378
0.56281 0.43719
0.38215 0.61785
0.71243 0.28757
0.91195 0.08805
0.31322 0.68678
0.76972 0.23028
0.77638 0.22362
0.99993 0.00007
0.99645 0.00355
0.99998 0.00002
0.37206 0.62794
0.72921 0.27079
0.16391 0.83609
0.73873 0.26127
0.99933 0.00067
0.19670 0.80330
0.02872 0.97128
0.05494 0.94506
0.26192 0.73808
0.99989 0.00011
0.07355 0.92645
0.77570 0.22430
0.09007 0.90993
0.09145 0.90855
0.93120 0.06880
0.81969 0.18031
0.96063 0.03937
0.22595 0.77405
0.99423 0.00577
0.96530 0.03470
0.64393 0.35607
0.06781 0.93219
0.19206 0.80794
0.26586 0.73414
0.64015 0.35985
0.63340 0.36660
0.49716 0.50284
0.43197 0.56803
0.84535 0.15465
0.42749 0.57251
0.87890 0.12110
0.61330 0.38670
0.77336 0.22664
0.19246 0.80754
0.77336 0.22664
0.60444 0.39556
0.97826 0.02174
0.98794 0.01206
0.98794 0.01206
0.65954 0.34046
0.95313 0.04687
0.12164 0.87836
0.06684 0.93316
0.73049 0.26951
0.49306 0.50694
0.99999 0.00001
0.37074 0.62926
0.21807 0.78193
0.14686 0.85314
0.46338 0.53662
0.35254 0.64746
0.36999 0.63001
0.25229 0.74771
0.93271 0.06729
0.90630 0.09370
0.82345 0.17655
0.96663 0.03337
0.97417 0.02583
0.79896 0.20104
0.79816 0.20184
0.79896 0.20104
0.79816 0.20184
0.38746 0.61254
0.49500 0.50500
0.94663 0.05337
0.39867 0.60133
0.23330 0.76670
0.32561 0.67439
0.32561 0.67439
0.99381 0.00619
0.98776 0.01224
0.98776 0.01224
0.99359 0.00641
0.98723 0.01277
0.98723 0.01277
0.15193 0.84807
0.09230 0.90770
0.09615 0.90385
0.05873 0.94127
0.22688 0.77312
0.54352 0.45648
0.81428 0.18572
0.34510 0.65490
0.34510 0.65490
0.43152 0.56848
0.71793 0.28207
0.78403 0.21597
0.78403 0.21597
0.99118 0.00882
0.71793 0.28207
0.77234 0.22766
0.45255 0.54745
0.72582 0.27418
0.99969 0.00031
0.86641 0.13359
0.99989 0.00011
0.99875 0.00125
0.60885 0.39115
0.99510 0.00490
0.88503 0.11497
0.20546 0.79454
0.88425 0.11575
0.51396 0.48604
0.95306 0.04694
0.40594 0.59406
0.13375 0.86625
0.14850 0.85150
0.42784 0.57216
0.72013 0.27987
0.96316 0.03684
0.13304 0.86696
0.72586 0.27414
0.65885 0.34115
0.47990 0.52010
0.72586 0.27414
0.65885 0.34115
0.47990 0.52010
0.99783 0.00217
0.99720 0.00280
0.86045 0.13955
0.31459 0.68541
0.14655 0.85345
0.16864 0.83136
0.16864 0.83136
0.49682 0.50318
0.49682 0.50318
0.16864 0.83136
0.16864 0.83136
0.91362 0.08638
0.99787 0.00213
0.99276 0.00724
0.73588 0.26412
0.07677 0.92323
0.74795 0.25205
0.98707 0.01293
0.98771 0.01229
0.96753 0.03247
0.62004 0.37996
0.97385 0.02615
0.95772 0.04228
0.94322 0.05678
0.87530 0.12470
0.36437 0.63563
0.84472 0.15528
0.63714 0.36286
0.17043 0.82957
0.86983 0.13017
0.99910 0.00090
0.25186 0.74814
0.36035 0.63965
0.43103 0.56897
0.43103 0.56897
0.43103 0.56897
0.43151 0.56849
0.53634 0.46366
0.53634 0.46366
0.50210 0.49790
0.95207 0.04793
0.90488 0.09512
0.90082 0.09918
0.32851 0.67149
0.92074 0.07926
0.56093 0.43907
0.50540 0.49460
0.57464 0.42536
0.99891 0.00109
0.27894 0.72106
0.22630 0.77370
0.49466 0.50534
0.08548 0.91452
0.10098 0.89902
0.11597 0.88403
0.13848 0.86152
0.24919 0.75081
0.61618 0.38382
0.64153 0.35847
0.99983 0.00017
0.64153 0.35847
0.64153 0.35847
0.68299 0.31701
0.32764 0.67236
0.33026 0.66974
0.33026 0.66974
0.22065 0.77935
0.76013 0.23987
0.94525 0.05475
0.99958 0.00042
0.20410 0.79590
0.96844 0.03156
0.92494 0.07506
0.73571 0.26429
0.99966 0.00034
0.99928 0.00072
0.99251 0.00749
0.41512 0.58488
0.99972 0.00028
0.20434 0.79566
0.34275 0.65725
0.99129 0.00871
0.97535 0.02465
0.99949 0.00051
0.99109 0.00891
0.99944 0.00056
0.99944 0.00056
0.14801 0.85199
0.14801 0.85199
0.87433 0.12567
0.80984 0.19016
0.77548 0.22452
0.77548 0.22452
0.87531 0.12469
0.83721 0.16279
0.20614 0.79386
0.85745 0.14255
0.53135 0.46865
0.40948 0.59052
0.40948 0.59052
0.88731 0.11269
0.58355 0.41645
0.58355 0.41645
0.88731 0.11269
0.88731 0.11269
0.58355 0.41645
0.76628 0.23372
0.86760 0.13240
0.90219 0.09781
0.82361 0.17639
0.80666 0.19334
0.35173 0.64827
0.24546 0.75454
0.99997 0.00003
0.24546 0.75454
0.99997 0.00003
0.99996 0.00004
0.99996 0.00004
0.99916 0.00084
0.99986 0.00014
0.99999 0.00001
0.48439 0.51561
0.99995 0.00005
0.10047 0.89953
0.20757 0.79243
0.23803 0.76197
0.22694 0.77306
0.10428 0.89572
0.10428 0.89572
0.12676 0.87324
0.12676 0.87324
0.12763 0.87237
0.12763 0.87237
0.09627 0.90373
0.26048 0.73952
0.18046 0.81954
0.75156 0.24844
0.75443 0.24557
0.75156 0.24844
0.75443 0.24557
0.19944 0.80056
0.48356 0.51644
0.99853 0.00147
0.08282 0.91718
0.46937 0.53063
0.47921 0.52079
0.96220 0.03780
0.12404 0.87596
0.92348 0.07652
0.77333 0.22667
0.86658 0.13342
0.88158 0.11842
0.64634 0.35366
0.59449 0.40551
0.73631 0.26369
0.59666 0.40334
0.73985 0.26015
0.99883 0.00117
0.51192 0.48808
0.88158 0.11842
0.64634 0.35366
0.34078 0.65922
0.74027 0.25973
0.82622 0.17378
0.09521 0.90479
0.09521 0.90479
0.17132 0.82868
0.17132 0.82868
0.36093 0.63907
0.36093 0.63907
0.13515 0.86485
0.37771 0.62229
0.85037 0.14963
0.12667 0.87333
0.38703 0.61297
0.49725 0.50275
0.16046 0.83954
0.99353 0.00647
0.34847 0.65153
0.99947 0.00053
0.43459 0.56541
0.99997 0.00003
0.99996 0.00004
0.99943 0.00057
0.99998 0.00002
1.00000 0.00000
0.97829 0.02171
0.98998 0.01002
0.92467 0.07533
0.77345 0.22655
0.23973 0.76027
0.33726 0.66274
0.99915 0.00085
0.34531 0.65469
0.41614 0.58386
0.35423 0.64577
0.43686 0.56314
0.51306 0.48694
0.45027 0.54973
0.89999 0.10001
0.98033 0.01967
0.99538 0.00462
0.84995 0.15005
0.95254 0.04746
0.97037 0.02963
0.93902 0.06098
0.93902 0.06098
0.94409 0.05591
0.93902 0.06098
0.99817 0.00183
0.99762 0.00238
0.99092 0.00908
0.98985 0.01015
1.00000 0.00000
0.68477 0.31523
0.63530 0.36470
0.78705 0.21295
0.99990 0.00010
0.74382 0.25618
0.99990 0.00010
0.66416 0.33584
0.67710 0.32290
0.63268 0.36732
0.99252 0.00748
1.00000 0.00000
1.00000 0.00000
0.44807 0.55193
0.44807 0.55193
0.92853 0.07147
0.92853 0.07147
0.93881 0.06119
0.93881 0.06119
0.63023 0.36977
0.63023 0.36977
0.99338 0.00662
0.99338 0.00662
0.57392 0.42608
0.57392 0.42608
0.76150 0.23850
0.76150 0.23850
0.71419 0.28581
0.71419 0.28581
0.79505 0.20495
0.79505 0.20495
0.94728 0.05272
0.93327 0.06673
0.99995 0.00005
0.99995 0.00005
0.76947 0.23053
0.76068 0.23932
0.46204 0.53796
0.46204 0.53796
0.99495 0.00505
0.61268 0.38732
0.65020 0.34980
0.99996 0.00004
0.99938 0.00062
0.96551 0.03449
0.99735 0.00265
0.99675 0.00325
0.99978 0.00022
0.27565 0.72435
0.24689 0.75311
0.37281 0.62719
0.99989 0.00011
0.99952 0.00048
0.99984 0.00016
0.99918 0.00082
0.13555 0.86445
0.99900 0.00100
0.12906 0.87094
0.97099 0.02901
0.99964 0.00036
0.99826 0.00174
0.99998 0.00002
0.99992 0.00008
0.99990 0.00010
0.99999 0.00001
0.99989 0.00011
0.24965 0.75035
0.51201 0.48799
0.23934 0.76066
0.36171 0.63829
0.63875 0.36125
0.34651 0.65349
0.99990 0.00010
0.99999 0.00001
0.99989 0.00011
0.35430 0.64570
0.30818 0.69182
0.53191 0.46809
0.56132 0.43868
0.19615 0.80385
0.92953 0.07047
0.94148 0.05852
0.79690 0.20310
0.31870 0.68130
0.49938 0.50062
0.34361 0.65639
0.99509 0.00491
0.99805 0.00195
0.99826 0.00174
0.85016 0.14984
0.99877 0.00123
0.23892 0.76108
0.58489 0.41511
0.46192 0.53808
0.13984 0.86016
0.03207 0.96793
0.96667 0.03333
0.34259 0.65741
0.98134 0.01866
0.44524 0.55476
0.98541 0.01459
0.99527 0.00473
0.97342 0.02658
0.98968 0.01032
0.95625 0.04375
0.29152 0.70848
0.52570 0.47430
0.97546 0.02454
0.71447 0.28553
0.55543 0.44457
0.31180 0.68820
0.37856 0.62144
0.62679 0.37321
0.48968 0.51032
0.08750 0.91250
0.34218 0.65782
0.99977 0.00023
0.99881 0.00119
0.98293 0.01707
0.93799 0.06201
0.88684 0.11316
0.88684 0.11316
0.69712 0.30288
0.69712 0.30288
0.67186 0.32814
0.77977 0.22023
0.99778 0.00222
0.99840 0.00160
0.99692 0.00308
0.99625 0.00375
0.46601 0.53399
0.45839 0.54161
0.99977 0.00023
0.97302 0.02698
0.98143 0.01857
0.99327 0.00673
0.39046 0.60954
0.95058 0.04942
0.95870 0.04130
0.93586 0.06414
0.44247 0.55753
0.83139 0.16861
0.99996 0.00004
0.23124 0.76876
0.83961 0.16039
0.99424 0.00576
0.99421 0.00579
1.00000 0.00000
0.56074 0.43926
0.96413 0.03587
0.52592 0.47408
0.89397 0.10603
0.90600 0.09400
0.40899 0.59101
0.67168 0.32832
0.75204 0.24796
0.99271 0.00729
0.90346 0.09654
0.95112 0.04888
0.05035 0.94965
0.93259 0.06741
0.45127 0.54873
0.39945 0.60055
0.45127 0.54873
0.39945 0.60055
0.27074 0.72926
0.23013 0.76987
0.99724 0.00276
0.32674 0.67326
0.29208 0.70792
0.52521 0.47479
0.09042 0.90958
0.96163 0.03837
0.28566 0.71434
0.93396 0.06604
0.09659 0.90341
0.44148 0.55852
0.18288 0.81712
0.18288 0.81712
0.44148 0.55852
0.18288 0.81712
0.36473 0.63527
0.26478 0.73522
0.53203 0.46797
0.70538 0.29462
0.84536 0.15464
0.91861 0.08139
0.99761 0.00239
0.99576 0.00424
0.87275 0.12725
0.99513 0.00487
0.97218 0.02782
0.59558 0.40442
0.53156 0.46844
0.31726 0.68274
0.32327 0.67673
0.72567 0.27433
0.72448 0.27552
0.18098 0.81902
0.12405 0.87595
0.92944 0.07056
0.33778 0.66222
0.96502 0.03498
0.93418 0.06582
0.87632 0.12368
0.44711 0.55289
0.64615 0.35385
0.09925 0.90075
0.20360 0.79640
0.22021 0.77979
0.42586 0.57414
0.26587 0.73413
0.26587 0.73413
0.36329 0.63671
0.36329 0.63671
0.36413 0.63587
0.36413 0.63587
0.13844 0.86156
0.12022 0.87978
0.13844 0.86156
0.15250 0.84750
0.12022 0.87978
0.23189 0.76811
0.23189 0.76811
0.34766 0.65234
0.47420 0.52580
0.56134 0.43866
0.56801 0.43199
0.97824 0.02176
0.96873 0.03127
0.46995 0.53005
0.43206 0.56794
0.92643 0.07357
0.99992 0.00008
0.29093 0.70907
0.18615 0.81385
0.99759 0.00241
0.98245 0.01755
0.30671 0.69329
0.98962 0.01038
0.30671 0.69329
0.98962 0.01038
1.00000 0.00000
0.16946 0.83054
0.18978 0.81022
0.15798 0.84202
0.52374 0.47626
0.45834 0.54166
0.99999 0.00001
0.99940 0.00060
0.92614 0.07386
0.77463 0.22537
0.14614 0.85386
0.19069 0.80931
0.51057 0.48943
0.87345 0.12655
0.56912 0.43088
0.99822 0.00178
0.99661 0.00339
0.98750 0.01250
0.32978 0.67022
0.67337 0.32663
0.39491 0.60509
0.99179 0.00821
0.28467 0.71533
0.99533 0.00467
0.20506 0.79494
0.24003 0.75997
0.18863 0.81137
0.96080 0.03920
0.25792 0.74208
0.20512 0.79488
0.99080 0.00920
0.98421 0.01579
0.98974 0.01026
0.98109 0.01891
0.17551 0.82449
0.26046 0.73954
0.89806 0.10194
0.20732 0.79268
0.22752 0.77248
0.57185 0.42815
0.60076 0.39924
0.03278 0.96722
0.94404 0.05596
0.19354 0.80646
0.99560 0.00440
0.21310 0.78690
0.15290 0.84710
0.14942 0.85058
0.18382 0.81618
0.18284 0.81716
0.26247 0.73753
0.99780 0.00220
0.23400 0.76600
0.99882 0.00118
0.99965 0.00035
0.04311 0.95689
0.50498 0.49502
0.23239 0.76761
0.92594 0.07406
0.47033 0.52967
0.94674 0.05326
0.94830 0.05170
0.96480 0.03520
0.44845 0.55155
0.93676 0.06324
0.94306 0.05694
0.99994 0.00006
0.94306 0.05694
0.99994 0.00006
0.99991 0.00009
0.60105 0.39895
0.99245 0.00755
0.99245 0.00755
0.99641 0.00359
0.75301 0.24699
0.43678 0.56322
0.72769 0.27231
0.23549 0.76451
0.60208 0.39792
0.99933 0.00067
0.99968 0.00032
0.99904 0.00096
0.81454 0.18546
0.99976 0.00024
0.99899 0.00101
0.48495 0.51505
0.37053 0.62947
0.96787 0.03213
0.95220 0.04780
1.00000 0.00000
0.38204 0.61796
0.18339 0.81661
0.49396 0.50604
0.48201 0.51799
0.30641 0.69359
0.63977 0.36023
0.80756 0.19244
0.74988 0.25012
0.67287 0.32713
0.25530 0.74470
0.70962 0.29038
0.84324 0.15676
0.07194 0.92806
0.96144 0.03856
0.99625 0.00375
0.37010 0.62990
0.40582 0.59418
0.91027 0.08973
0.99701 0.00299
0.57959 0.42041
0.99790 0.00210
0.99999 0.00001
0.99994 0.00006
0.99998 0.00002
0.55059 0.44941
0.99999 0.00001
0.99991 0.00009
0.99999 0.00001
0.56879 0.43121
0.99998 0.00002
0.99984 0.00016
0.99996 0.00004
0.45199 0.54801
0.68435 0.31565
0.99948 0.00052
0.96446 0.03554
0.44298 0.55702
0.73956 0.26044
0.99764 0.00236
0.99013 0.00987
0.76327 0.23673
0.93749 0.06251
0.67801 0.32199
0.99518 0.00482
0.98593 0.01407
0.71619 0.28381
0.91915 0.08085
0.86856 0.13144
0.99159 0.00841
0.80517 0.19483
0.28198 0.71802
0.93254 0.06746
0.95838 0.04162
0.99576 0.00424
0.86047 0.13953
0.18471 0.81529
0.99980 0.00020
0.20181 0.79819
0.10422 0.89578
0.11772 0.88228
0.23139 0.76861
0.50801 0.49199
0.51858 0.48142
0.50801 0.49199
0.50801 0.49199
0.67611 0.32389
0.06816 0.93184
0.08584 0.91416
0.55491 0.44509
0.99913 0.00087
0.99972 0.00028
0.99913 0.00087
0.99972 0.00028
0.37029 0.62971
0.43153 0.56847
0.99417 0.00583
0.34874 0.65126
0.23945 0.76055
0.88274 0.11726
0.12804 0.87196
0.98327 0.01673
0.43805 0.56195
0.64366 0.35634
0.05531 0.94469
0.69108 0.30892
0.70062 0.29938
0.69108 0.30892
0.34266 0.65734
0.48722 0.51278
0.77059 0.22941
0.65916 0.34084
0.97053 0.02947
0.60301 0.39699
0.95702 0.04298
0.99989 0.00011
0.99830 0.00170
0.99904 0.00096
0.58774 0.41226
0.99977 0.00023
0.42039 0.57961
0.77342 0.22658
0.99984 0.00016
0.61294 0.38706
0.99997 0.00003
0.99975 0.00025
0.99998 0.00002
0.08640 0.91360
0.80956 0.19044
0.94875 0.05125
0.06882 0.93118
0.66204 0.33796
0.99945 0.00055
0.87151 0.12849
0.38931 0.61069
0.99969 0.00031
0.65345 0.34655
0.41564 0.58436
0.99970 0.00030
0.67871 0.32129
0.99508 0.00492
0.95934 0.04066
0.99987 0.00013
0.98184 0.01816
0.86152 0.13848
1.00000 0.00000
0.96343 0.03657
1.00000 0.00000
0.32236 0.67764
0.67686 0.32314
0.99542 0.00458
0.98770 0.01230
0.99542 0.00458
0.98770 0.01230
0.99299 0.00701
0.99920 0.00080
0.74531 0.25469
0.99972 0.00028
0.89105 0.10895
0.99989 0.00011
0.89105 0.10895
0.99989 0.00011
0.33388 0.66612
0.70871 0.29129
0.99998 0.00002
0.99782 0.00218
0.10067 0.89933
0.58923 0.41077
0.07829 0.92171
0.38599 0.61401
0.99998 0.00002
0.20273 0.79727
0.10371 0.89629
0.99816 0.00184
0.11961 0.88039
0.05575 0.94425
0.97308 0.02692
0.22529 0.77471
0.96721 0.03279
0.95965 0.04035
0.79435 0.20565
0.81017 0.18983
0.99952 0.00048
0.99928 0.00072
0.99792 0.00208
0.98986 0.01014
0.09551 0.90449
0.03565 0.96435
0.08356 0.91644
0.09628 0.90372
0.14314 0.85686
0.84260 0.15740
0.14314 0.85686
0.84260 0.15740
0.28389 0.71611
0.14987 0.85013
0.15203 0.84797
0.11886 0.88114
0.99999 0.00000
0.95202 0.04798
0.95050 0.04950
0.97608 0.02392
0.88564 0.11436
0.99997 0.00003
0.69081 0.30919
0.77598 0.22402
0.88219 0.11781
0.67101 0.32899
0.68358 0.31642
0.97608 0.02392
0.88564 0.11436
0.99997 0.00003
0.69081 0.30919
0.77526 0.22474
0.89180 0.10820
0.67101 0.32899
0.68358 0.31642
0.78559 0.21441
0.31917 0.68083
0.99846 0.00154
0.12203 0.87797
0.94894 0.05106
0.10398 0.89602
0.84113 0.15887
0.51154 0.48846
0.51154 0.48846
0.41904 0.58096
0.36000 0.64000
0.99544 0.00456
0.33114 0.66886
0.35846 0.64154
0.26533 0.73467
0.34563 0.65437
0.76528 0.23472
0.20362 0.79638
0.25820 0.74180
0.96154 0.03846
0.29099 0.70901
0.59915 0.40085
0.70865 0.29135
0.92783 0.07217
0.16653 0.83347
0.97988 0.02012
0.14775 0.85225
0.22146 0.77854
0.55880 0.44120
0.75813 0.24187
0.19521 0.80479
0.60815 0.39185
0.46966 0.53034
0.64351 0.35649
0.24293 0.75707
0.58812 0.41188
0.73269 0.26731
0.73269 0.26731
0.89808 0.10192
0.73269 0.26731
0.59503 0.40497
0.73066 0.26934
0.73066 0.26934
0.89542 0.10458
0.73066 0.26934
0.57981 0.42019
0.72539 0.27461
0.72539 0.27461
0.88737 0.11263
0.72539 0.27461
0.71451 0.28549
0.71451 0.28549
0.85842 0.14158
0.67502 0.32498
0.45008 0.54992
0.99933 0.00067
0.29175 0.70825
0.19837 0.80163
0.66904 0.33096
0.99926 0.00074
0.69522 0.30478
0.99903 0.00097
0.99946 0.00054
0.99482 0.00518
0.88809 0.11191
0.99784 0.00216
0.99657 0.00343
0.89887 0.10113
0.89887 0.10113
0.89887 0.10113
0.89887 0.10113
0.53995 0.46005
0.53995 0.46005
0.89531 0.10469
0.53995 0.46005
0.53995 0.46005
0.89531 0.10469
0.86961 0.13039
0.77436 0.22564
0.51915 0.48085
0.86961 0.13039
0.77436 0.22564
0.51915 0.48085
0.88474 0.11526
0.10636 0.89364
0.30079 0.69921
0.98166 0.01834
0.99996 0.00004
0.99983 0.00017
0.04850 0.95150
0.16785 0.83215
0.50886 0.49114
0.50886 0.49114
0.64666 0.35334
0.35321 0.64679
0.99980 0.00020
0.99889 0.00111
0.62150 0.37850
0.78341 0.21659
0.63213 0.36787
0.78341 0.21659
0.53412 0.46588
0.96277 0.03723
0.99976 0.00024
0.77145 0.22855
0.09790 0.90210
0.27384 0.72616
0.18464 0.81536
0.32673 0.67327
0.17322 0.82678
0.09405 0.90595
0.36896 0.63104
0.18222 0.81778
0.58608 0.41392
0.34323 0.65677
0.61762 0.38238
0.99962 0.00038
0.41598 0.58402
0.25698 0.74302
0.99317 0.00683
0.98442 0.01558
0.92117 0.07883
0.95354 0.04645
0.98548 0.01452
0.60321 0.39679
0.99941 0.00059
0.99727 0.00273
0.99906 0.00094
0.99982 0.00018
0.49465 0.50535
0.99901 0.00099
1.00000 0.00000
1.00000 0.00000
0.99826 0.00174
0.13707 0.86293
0.99960 0.00040
0.99960 0.00040
0.14550 0.85450
0.14550 0.85450
0.99882 0.00118
0.99861 0.00139
0.97557 0.02443
0.47981 0.52019
0.59748 0.40252
0.97566 0.02434
0.85185 0.14815
0.19352 0.80648
0.63135 0.36865
0.90381 0.09619
0.68791 0.31209
0.68260 0.31740
0.14873 0.85127
0.05734 0.94266
0.07449 0.92551
0.06405 0.93595
0.99522 0.00478
0.85673 0.14327
0.93456 0.06544
0.23048 0.76952
0.36741 0.63259
0.99582 0.00418
0.99379 0.00621
0.99379 0.00621
0.97410 0.02590
0.97053 0.02947
0.90043 0.09957
0.99896 0.00104
0.99855 0.00145
0.99761 0.00239
0.99712 0.00288
0.75406 0.24594
0.99978 0.00022
0.73127 0.26873
0.24836 0.75164
0.84294 0.15706
0.78116 0.21884
0.44606 0.55394
0.44606 0.55394
0.42818 0.57182
0.42818 0.57182
0.29035 0.70965
0.13760 0.86240
0.27843 0.72157
0.94440 0.05560
0.71044 0.28956
0.32654 0.67346
0.32654 0.67346
0.03652 0.96348
0.19336 0.80664
0.93148 0.06852
0.32847 0.67153
0.50961 0.49039
0.51564 0.48436
0.10091 0.89909
0.34124 0.65876
0.25131 0.74869
0.13223 0.86777
0.25131 0.74869
0.13223 0.86777
0.87904 0.12096
0.88505 0.11495
0.55381 0.44619
0.55381 0.44619
0.87619 0.12381
0.55381 0.44619
0.78141 0.21859
0.38572 0.61428
0.92070 0.07930
0.65651 0.34349
0.11456 0.88544
0.45685 0.54315
0.31124 0.68876
0.05681 0.94319
0.97726 0.02274
0.21517 0.78483
0.95108 0.04892
0.08228 0.91772
0.82742 0.17258
0.84974 0.15026
0.08198 0.91802
0.99371 0.00629
0.64548 0.35452
0.99595 0.00405
0.74213 0.25787
0.98224 0.01776
0.99788 0.00212
0.98541 0.01459
0.82743 0.17257
0.62656 0.37344
0.36517 0.63483
0.47588 0.52412
0.47588 0.52412
0.90011 0.09989
0.64849 0.35151
0.57978 0.42022
0.99532 0.00468
0.10416 0.89584
0.99999 0.00001
0.19057 0.80943
0.23817 0.76183
0.99894 0.00106
0.40485 0.59515
0.21646 0.78354
0.27440 0.72560
0.37120 0.62880
0.36168 0.63832
0.38439 0.61561
0.37437 0.62563
0.27081 0.72919
0.99996 0.00004
0.99980 0.00020
0.99989 0.00011
0.55338 0.44662
0.45801 0.54199
0.56623 0.43377
0.99164 0.00836
0.14285 0.85715
0.99705 0.00295
0.90673 0.09327
0.98333 0.01667
0.95292 0.04708
0.32690 0.67310
0.93818 0.06182
0.98118 0.01882
0.98260 0.01740
0.97459 0.02541
0.98863 0.01137
0.98651 0.01349
0.99246 0.00754
0.20607 0.79393
0.75511 0.24489
0.85845 0.14155
0.64137 0.35863
0.99595 0.00405
0.85015 0.14985
0.83993 0.16007
0.79538 0.20462
0.99836 0.00164
0.80289 0.19711
0.35262 0.64738
0.57282 0.42718
0.69186 0.30814
0.78999 0.21001
0.15355 0.84645
0.18116 0.81884
0.20374 0.79626
0.08961 0.91039
0.09212 0.90788
0.15224 0.84776
0.10840 0.89160
0.10840 0.89160
0.10840 0.89160
0.10242 0.89758
0.25471 0.74529
0.32583 0.67417
0.35592 0.64408
0.99821 0.00179
0.12544 0.87456
0.92868 0.07132
0.99895 0.00105
0.99965 0.00035
0.38974 0.61026
0.25896 0.74104
0.18722 0.81278
0.36803 0.63197
0.79269 0.20731
0.12636 0.87364
0.44820 0.55180
0.23428 0.76572
0.25437 0.74563
0.23047 0.76953
0.34100 0.65900
0.99652 0.00348
0.36887 0.63113
0.36887 0.63113
0.36887 0.63113
0.32669 0.67331
0.99619 0.00381
0.99956 0.00044
0.99964 0.00036
0.99956 0.00044
0.61658 0.38342
0.99798 0.00202
0.62287 0.37713
0.60293 0.39707
0.99976 0.00024
0.99948 0.00052
0.99357 0.00643
0.99743 0.00257
0.50847 0.49153
0.26446 0.73554
0.09829 0.90171
0.40767 0.59233
0.41970 0.58030
0.85891 0.14109
0.95928 0.04072
0.84642 0.15358
0.63679 0.36321
0.99124 0.00876
0.52549 0.47451
0.56034 0.43966
0.24056 0.75944
0.75507 0.24493
0.73576 0.26424
0.64212 0.35788
0.83440 0.16560
0.12262 0.87738
0.49884 0.50116
0.37408 0.62592
0.35367 0.64633
0.99986 0.00014
0.99991 0.00009
0.99996 0.00004
0.99980 0.00020
0.87885 0.12115
0.99985 0.00015
0.99989 0.00011
0.99996 0.00004
0.99977 0.00023
0.86427 0.13573
1.00000 0.00000
0.33456 0.66544
1.00000 0.00000
0.36142 0.63858
0.08914 0.91086
0.09373 0.90627
0.97364 0.02636
0.40903 0.59097
0.32428 0.67572
0.21079 0.78921
0.26358 0.73642
0.30578 0.69422
0.23589 0.76411
0.18094 0.81906
0.19727 0.80273
0.46679 0.53321
0.49047 0.50953
1.00000 0.00000
1.00000 0.00000
0.99329 0.00671
1.00000 0.00000
1.00000 0.00000
0.98246 0.01754
0.23401 0.76599
0.14833 0.85167
0.12899 0.87101
0.42130 0.57870
0.30959 0.69041
0.28771 0.71229
0.19923 0.80077
0.25585 0.74415
0.17477 0.82523
0.99974 0.00026
0.50077 0.49923
0.78744 0.21256
0.36599 0.63401
0.99987 0.00013
0.33021 0.66979
0.78744 0.21256
0.36599 0.63401
0.99987 0.00013
0.33021 0.66979
0.99974 0.00026
0.50077 0.49923
0.98963 0.01037
0.99316 0.00684
0.95595 0.04405
0.53010 0.46990
0.50677 0.49323
0.29072 0.70928
0.32280 0.67720
1.00000 0.00000
0.99992 0.00008
0.98159 0.01841
0.99984 0.00016
0.39571 0.60429
0.99939 0.00061
0.87295 0.12705
0.86164 0.13836
0.85404 0.14596
0.98379 0.01621
0.78229 0.21771
0.71393 0.28607
0.78229 0.21771
0.79407 0.20593
0.98738 0.01262
0.97595 0.02405
0.99908 0.00092
0.90450 0.09550
0.91677 0.08323
0.91677 0.08323
0.74520 0.25480
0.48164 0.51836
0.75454 0.24546
0.53811 0.46189
0.83895 0.16105
0.29519 0.70481
0.63587 0.36413
0.94865 0.05135
0.94865 0.05135
0.87315 0.12685
0.87315 0.12685
0.85037 0.14963
0.98721 0.01279
0.64687 0.35313
0.95713 0.04287
0.97630 0.02370
0.99161 0.00839
0.99179 0.00821
0.73258 0.26742
0.29254 0.70746
0.63723 0.36277
0.66979 0.33021
0.69291 0.30709
0.92791 0.07209
0.93730 0.06270
0.87813 0.12187
0.79111 0.20889
0.81006 0.18994
0.99999 0.00001
1.00000 0.00000
0.96170 0.03830
0.25406 0.74594
0.81093 0.18907
0.09596 0.90404
0.06950 0.93050
0.69039 0.30961
0.93310 0.06690
0.28820 0.71180
0.37978 0.62022
0.47391 0.52609
0.91300 0.08700
0.54361 0.45639
0.98525 0.01475
0.99298 0.00702
0.98084 0.01916
0.73888 0.26112
0.97898 0.02102
0.86698 0.13302
0.54141 0.45859
0.99037 0.00963
0.99726 0.00274
0.99899 0.00101
0.36054 0.63946
0.47726 0.52274
0.99875 0.00125
0.83390 0.16610
0.91666 0.08334
0.99932 0.00068
0.19939 0.80061
0.28533 0.71467
0.99647 0.00353
0.76388 0.23612
0.87775 0.12225
0.99811 0.00189
0.96428 0.03572
0.98920 0.01080
0.99570 0.00430
0.97934 0.02066
0.99525 0.00475
0.99845 0.00155
0.43635 0.56365
0.59675 0.40325
0.99807 0.00193
0.87889 0.12111
0.95002 0.04998
0.99899 0.00101
0.91293 0.08707
0.27249 0.72751
0.66402 0.33598
0.84079 0.15921
0.27280 0.72720
0.73847 0.26153
0.92765 0.07235
0.40385 0.59615
0.97353 0.02647
0.90753 0.09247
0.94176 0.05824
0.12193 0.87807
0.10832 0.89168
0.08872 0.91128
0.09378 0.90622
0.43840 0.56160
0.53856 0.46144
0.98963 0.01037
0.54969 0.45031
0.72215 0.27785
0.08054 0.91946
0.13829 0.86171
0.53470 0.46530
0.48070 0.51930
0.66714 0.33286
0.99856 0.00144
0.99856 0.00144
0.82520 0.17480
0.82520 0.17480
0.64989 0.35011
0.64989 0.35011
0.77584 0.22416
0.95152 0.04848
0.10590 0.89410
0.07882 0.92118
0.98707 0.01293
0.97053 0.02947
0.98182 0.01818
0.47071 0.52929
0.95411 0.04589
0.99986 0.00014
0.37372 0.62628
1.00000 0.00000
0.57571 0.42429
0.61577 0.38423
0.61577 0.38423
0.98929 0.01071
0.66405 0.33595
0.98647 0.01353
1.00000 0.00000
1.00000 0.00000
0.56284 0.43716
1.00000 0.00000
0.71676 0.28324
0.99269 0.00731
0.55730 0.44270
0.95029 0.04971
0.99193 0.00807
0.89451 0.10549
0.96351 0.03649
0.66157 0.33843
0.08871 0.91129
0.42234 0.57766
0.38922 0.61078
0.12986 0.87014
0.13837 0.86163
0.13837 0.86163
0.99972 0.00028
0.27375 0.72625
0.79241 0.20759
0.18626 0.81374
0.40326 0.59674
0.85562 0.14438
0.99986 0.00014
0.85562 0.14438
0.85562 0.14438
0.66504 0.33496
0.49419 0.50581
0.71668 0.28332
0.08370 0.91630
0.15397 0.84603
0.84959 0.15041
0.94389 0.05611
0.90222 0.09778
0.94652 0.05348
0.99977 0.00023
0.06670 0.93330
0.99133 0.00867
0.19525 0.80475
0.12162 0.87838
0.91848 0.08152
0.99558 0.00442
0.07270 0.92730
0.10119 0.89881
0.15826 0.84174
0.83641 0.16359
0.08660 0.91340
0.96154 0.03846
0.40229 0.59771
0.03735 0.96265
0.67190 0.32810
0.16249 0.83751
0.73216 0.26784
0.68591 0.31409
0.09266 0.90734
0.23657 0.76343
0.11748 0.88252
1.00000 0.00000
0.34834 0.65166
0.99987 0.00013
0.93080 0.06920
0.93080 0.06920
0.99863 0.00137
0.99866 0.00134
0.37231 0.62769
0.19774 0.80226
0.13249 0.86751
0.24441 0.75559
0.22754 0.77246
0.18132 0.81868
0.65459 0.34541
0.59453 0.40547
0.68058 0.31942
0.29823 0.70177
0.06121 0.93879
0.16716 0.83284
0.50436 0.49564
1.00000 0.00000
0.99997 0.00003
0.85812 0.14188
0.85812 0.14188
0.17291 0.82709
0.14499 0.85501
0.99358 0.00642
0.12295 0.87705
0.60597 0.39403
0.54457 0.45543
0.73398 0.26602
0.60283 0.39717
0.89540 0.10460
0.99740 0.00260
0.98970 0.01030
0.52661 0.47339
0.77998 0.22002
0.13913 0.86087
0.98820 0.01180
0.35745 0.64255
0.19835 0.80165
0.46207 0.53793
0.94216 0.05784
0.17436 0.82564
0.43848 0.56152
0.88389 0.11611
0.35782 0.64218
0.12539 0.87461
0.72966 0.27034
0.21436 0.78564
0.34075 0.65925
0.66401 0.33599
0.28273 0.71727
0.16920 0.83080
0.93842 0.06158
0.42864 0.57136
0.59076 0.40924
0.90952 0.09048
0.54102 0.45898
0.35947 0.64053
0.45576 0.54424
0.51671 0.48329
0.46230 0.53770
0.45461 0.54539
0.45576 0.54424
0.81595 0.18405
0.24496 0.75504
0.31635 0.68365
0.75383 0.24617
0.24416 0.75584
0.19502 0.80498
0.21114 0.78886
0.20959 0.79041
0.96385 0.03615
0.99575 0.00425
0.47918 0.52082
0.78854 0.21146
0.78854 0.21146
0.78854 0.21146
0.78854 0.21146
0.52839 0.47161
0.46043 0.53957
0.30258 0.69742
0.91791 0.08209
0.54609 0.45391
0.54609 0.45391
0.84217 0.15783
0.80637 0.19363
0.80637 0.19363
0.72691 0.27309
0.72691 0.27309
0.81835 0.18165
0.56113 0.43887
0.72788 0.27212
0.78655 0.21345
0.08384 0.91616
0.09671 0.90329
0.09148 0.90852
0.06719 0.93281
0.06911 0.93089
0.06409 0.93591
0.75415 0.24585
0.73634 0.26365
0.23710 0.76291
0.89138 0.10862
0.22685 0.77315
0.89138 0.10862
0.45294 0.54706
0.91102 0.08898
0.50492 0.49508
0.94931 0.05069
0.94838 0.05162
0.99594 0.00406
0.99591 0.00409
0.52416 0.47584
0.50898 0.49102
0.52416 0.47584
0.50898 0.49102
0.94602 0.05398
0.40929 0.59071
0.30867 0.69133
0.98953 0.01047
0.75309 0.24691
0.98953 0.01047
0.91565 0.08435
0.66387 0.33613
0.56699 0.43301
0.56699 0.43301
0.94176 0.05824
0.61758 0.38242
0.61037 0.38963
0.47675 0.52325
0.38617 0.61383
0.90812 0.09188
0.87606 0.12394
0.88930 0.11070
0.55414 0.44586
0.63675 0.36325
0.38488 0.61512
0.38009 0.61991
0.97904 0.02096
0.97652 0.02348
0.92555 0.07445
0.92027 0.07973
0.67543 0.32457
0.67543 0.32457
0.27748 0.72252
0.27748 0.72252
0.85792 0.14208
0.85792 0.14208
0.85288 0.14712
0.85288 0.14712
0.94752 0.05248
0.99486 0.00514
0.81069 0.18931
0.17658 0.82342
0.81533 0.18467
0.50881 0.49119
0.19109 0.80891
0.93161 0.06839
0.94176 0.05824
0.46303 0.53697
0.77224 0.22776
0.84389 0.15611
0.42026 0.57974
0.20547 0.79453
0.21613 0.78387
0.55925 0.44075
0.95841 0.04159
0.67916 0.32084
0.70600 0.29400
0.72893 0.27107
0.75443 0.24557
0.57622 0.42378
0.74006 0.25994
0.76745 0.23255
0.99954 0.00046
0.52665 0.47335
0.77370 0.22630
0.77370 0.22630
0.73471 0.26529
0.74013 0.25987
0.41313 0.58687
0.86046 0.13954
0.84218 0.15782
0.99996 0.00004
0.99989 0.00011
0.35772 0.64228
0.93279 0.06721
0.99997 0.00003
0.95628 0.04372
0.93968 0.06032
0.83132 0.16868
0.99932 0.00068
0.18285 0.81715
0.94764 0.05236
0.26795 0.73205
0.06642 0.93358
0.08905 0.91095
0.99403 0.00597
0.14624 0.85376
0.77214 0.22785
0.99684 0.00316
0.61124 0.38877
0.58290 0.41710
0.54838 0.45162
0.99670 0.00330
0.82401 0.17599
0.99628 0.00372
0.80898 0.19102
0.78124 0.21876
0.78124 0.21876
0.24158 0.75842
0.75883 0.24117
0.19553 0.80447
0.98195 0.01805
0.73802 0.26198
0.33224 0.66776
0.99987 0.00013
0.78742 0.21258
0.61829 0.38171
0.97297 0.02703
0.54023 0.45977
0.99997 0.00003
0.95917 0.04083
0.95917 0.04083
0.99938 0.00062
0.70558 0.29442
0.76401 0.23599
0.95881 0.04119
0.90715 0.09285
0.99980 0.00020
0.20368 0.79632
0.93833 0.06167
0.64318 0.35682
0.39266 0.60734
0.44093 0.55907
0.64777 0.35223
0.69177 0.30823
0.83175 0.16825
0.85892 0.14108
0.56374 0.43626
0.51354 0.48646
0.79096 0.20904
0.84239 0.15761
0.63367 0.36633
0.45460 0.54540
0.55986 0.44014
0.88692 0.11308
0.88692 0.11308
0.91455 0.08545
0.91455 0.08545
0.95077 0.04923
0.95023 0.04977
0.91468 0.08532
0.92147 0.07853
0.96194 0.03806
0.89843 0.10157
0.97734 0.02266
0.89551 0.10449
0.88857 0.11143
0.83682 0.16318
0.89345 0.10655
0.90878 0.09122
0.97624 0.02376
0.06662 0.93338
0.95482 0.04518
0.98156 0.01844
0.99235 0.00765
0.22460 0.77540
0.94127 0.05873
0.22460 0.77540
0.94127 0.05873
0.99967 0.00033
0.24045 0.75955
0.99967 0.00033
0.99996 0.00004
0.99999 0.00001
0.99996 0.00004
0.11974 0.88026
0.99780 0.00220
0.14119 0.85881
0.99972 0.00028
0.56767 0.43233
0.64454 0.35546
0.09124 0.90876
0.61728 0.38272
0.61728 0.38272
0.13256 0.86744
0.14792 0.85208
0.61023 0.38977
0.20423 0.79577
0.11161 0.88839
0.11161 0.88839
0.29696 0.70304
0.35815 0.64185
0.99914 0.00086
0.23641 0.76359
0.89619 0.10381
0.96777 0.03223
0.40072 0.59928
0.91675 0.08325
0.66322 0.33678
0.12449 0.87551
0.80707 0.19293
0.63559 0.36441
0.12514 0.87486
0.78856 0.21144
0.32160 0.67840
0.91975 0.08025
0.83714 0.16286
1.00000 0.00000
0.92586 0.07414
0.72754 0.27246
0.72754 0.27246
0.89357 0.10643
0.92844 0.07156
0.82332 0.17668
0.50722 0.49278
0.37093 0.62907
0.57203 0.42797
0.36656 0.63344
0.67676 0.32324
0.70196 0.29804
0.44022 0.55978
0.98145 0.01855
0.59682 0.40318
0.77972 0.22028
0.38338 0.61662
0.99986 0.00014
0.96301 0.03699
0.44671 0.55329
0.22321 0.77679
0.22321 0.77679
0.50720 0.49280
0.48904 0.51096
0.50943 0.49057
0.49864 0.50136
0.46795 0.53205
0.99744 0.00256
0.38506 0.61494
0.97079 0.02921
0.51836 0.48164
0.98276 0.01724
0.45805 0.54195
0.42466 0.57534
0.97790 0.02210
0.38309 0.61691
0.35329 0.64671
0.18027 0.81973
0.18027 0.81973
0.16452 0.83548
0.12082 0.87918
0.20615 0.79385
0.13925 0.86075
0.21447 0.78553
0.50706 0.49294
0.58379 0.41621
0.93438 0.06562
0.22674 0.77326
0.45083 0.54917
0.79527 0.20473
0.74785 0.25215
0.08515 0.91485
0.19934 0.80066
0.63290 0.36710
0.99866 0.00134
0.16026 0.83974
0.10085 0.89915
0.98090 0.01910
0.95721 0.04279
0.95721 0.04279
0.95721 0.04279
0.95721 0.04279
0.97023 0.02977
0.45145 0.54855
0.59577 0.40423
0.32437 0.67563
0.99147 0.00853
0.25656 0.74344
0.29242 0.70758
0.99945 0.00055
0.99892 0.00108
0.39282 0.60718
0.23290 0.76710
0.50139 0.49861
0.14315 0.85685
0.45193 0.54807
0.62836 0.37164
0.41092 0.58908
0.44120 0.55880
0.10891 0.89109
0.16854 0.83146
0.10524 0.89476
0.10524 0.89476
0.16854 0.83146
0.10524 0.89476
0.85383 0.14617
0.90861 0.09139
0.90861 0.09139
0.34680 0.65320
0.51279 0.48721
0.88062 0.11938
0.88072 0.11928
0.82117 0.17883
0.78972 0.21028
0.84866 0.15134
0.87585 0.12415
0.70780 0.29220
0.99047 0.00953
0.99895 0.00105
0.99884 0.00116
0.99953 0.00047
0.89734 0.10266
0.94085 0.05915
0.88742 0.11258
0.62181 0.37819
0.73016 0.26984
0.93348 0.06652
0.93233 0.06767
0.93233 0.06767
0.99991 0.00009
0.93233 0.06767
0.99990 0.00010
0.99990 0.00010
0.30717 0.69283
0.40159 0.59841
0.43993 0.56007
0.40159 0.59841
0.43993 0.56007
0.10453 0.89547
0.20637 0.79363
0.54700 0.45300
0.99563 0.00437
0.54127 0.45873
0.99566 0.00434
0.99292 0.00708
0.99483 0.00517
0.53719 0.46281
0.73219 0.26781
0.99973 0.00027
0.88748 0.11252
0.99897 0.00103
0.92546 0.07454
0.99991 0.00009
0.99991 0.00009
0.92465 0.07535
0.99990 0.00010
0.99988 0.00012
0.99988 0.00012
0.99990 0.00010
0.69772 0.30228
0.99996 0.00004
0.99996 0.00004
0.69403 0.30597
0.52470 0.47530
0.99991 0.00009
0.99991 0.00009
0.52056 0.47944
0.52743 0.47257
0.63620 0.36380
0.98917 0.01083
0.08575 0.91425
0.15937 0.84063
0.14273 0.85727
0.23742 0.76258
0.14080 0.85920
0.22598 0.77402
0.15215 0.84785
0.10127 0.89873
0.22115 0.77885
0.99408 0.00592
0.22115 0.77885
0.19689 0.80311
0.29597 0.70403
0.24147 0.75853
0.20395 0.79605
0.30860 0.69140
0.99993 0.00007
0.99993 0.00007
0.99757 0.00243
0.99757 0.00243
0.65148 0.34852
0.65148 0.34852
0.71653 0.28347
0.71653 0.28347
0.70881 0.29119
0.70881 0.29119
0.65148 0.34852
0.65148 0.34852
0.64947 0.35053
0.83844 0.16156
0.98197 0.01803
0.99921 0.00079
0.64947 0.35053
0.83844 0.16156
0.64947 0.35053
0.83844 0.16156
0.70223 0.29777
0.87101 0.12899
0.13804 0.86196
0.99904 0.00096
0.13488 0.86512
0.97715 0.02285
0.12986 0.87014
0.98343 0.01657
0.07770 0.92230
0.63228 0.36772
0.74429 0.25571
0.99691 0.00309
0.75478 0.24522
0.98434 0.01566
0.81261 0.18739
0.10940 0.89060
0.98494 0.01506
0.43171 0.56829
0.22069 0.77931
0.21851 0.78149
0.99995 0.00005
0.06503 0.93497
0.64954 0.35046
0.33071 0.66929
0.84606 0.15394
0.99143 0.00857
0.94303 0.05697
0.82664 0.17336
0.19260 0.80740
0.77399 0.22601
0.77399 0.22601
0.10080 0.89920
0.59354 0.40646
0.55819 0.44181
0.74146 0.25854
0.84390 0.15610
0.84390 0.15610
0.17780 0.82220
0.79325 0.20675
0.09594 0.90406
0.31596 0.68404
0.06735 0.93265
0.07401 0.92599
0.15209 0.84791
0.60179 0.39821
0.97674 0.02326
0.24035 0.75965
0.98700 0.01300
0.61093 0.38907
0.98700 0.01300
0.61093 0.38907
0.07076 0.92924
0.44543 0.55457
0.56797 0.43203
0.94203 0.05797
0.47913 0.52087
0.96588 0.03412
0.59870 0.40130
0.86946 0.13054
0.85569 0.14431
0.82594 0.17406
0.83747 0.16253
0.17913 0.82087
0.12586 0.87414
0.87181 0.12819
0.40419 0.59581
0.36198 0.63802
0.46703 0.53297
0.24913 0.75087
0.07118 0.92882
0.11741 0.88259
0.11959 0.88041
0.17512 0.82488
0.63922 0.36078
0.12524 0.87476
0.15553 0.84447
0.58218 0.41782
0.31832 0.68168
0.10972 0.89028
0.02539 0.97461
0.05822 0.94178
0.41345 0.58655
0.45335 0.54665
0.15630 0.84370
0.15255 0.84745
0.98986 0.01014
0.99801 0.00199
0.98165 0.01835
0.99673 0.00327
0.99773 0.00227
0.98986 0.01014
0.99801 0.00199
0.98165 0.01835
0.99673 0.00327
0.99773 0.00227
0.14785 0.85215
0.80209 0.19791
0.15033 0.84967
0.78628 0.21372
0.30241 0.69759
0.13368 0.86632
0.99102 0.00898
0.86590 0.13410
0.70217 0.29783
0.69130 0.30870
0.92592 0.07408
0.93280 0.06720
0.99977 0.00023
0.96784 0.03216
0.99991 0.00009
0.81112 0.18888
0.99994 0.00006
0.78049 0.21951
0.99995 0.00005
0.88049 0.11951
0.94528 0.05472
0.91973 0.08027
0.63531 0.36469
0.80669 0.19331
0.57148 0.42852
0.91572 0.08428
0.98858 0.01142
0.87412 0.12588
0.98970 0.01030
0.99996 0.00004
0.98454 0.01546
0.93075 0.06925
0.98720 0.01280
0.99996 0.00004
0.81394 0.18606
0.89726 0.10274
0.24894 0.75106
0.09359 0.90641
0.11427 0.88573
0.39321 0.60679
0.18371 0.81629
0.64550 0.35450
0.95567 0.04433
0.22880 0.77120
0.79395 0.20605
0.99746 0.00254
0.99902 0.00098
0.65599 0.34401
0.25029 0.74971
0.41050 0.58950
0.93764 0.06236
0.93764 0.06236
0.97912 0.02088
0.73761 0.26239
0.73761 0.26239
0.99213 0.00787
0.69692 0.30308
0.69692 0.30308
0.99012 0.00988
0.49392 0.50608
0.49461 0.50539
0.99012 0.00988
0.93764 0.06236
0.93764 0.06236
0.97912 0.02088
0.69692 0.30308
0.69692 0.30308
0.99012 0.00988
0.93764 0.06236
0.93764 0.06236
0.97912 0.02088
0.98929 0.01071
0.98929 0.01071
0.69929 0.30071
0.69929 0.30071
0.97977 0.02023
0.46326 0.53674
0.65015 0.34985
0.47206 0.52794
0.93040 0.06960
0.97376 0.02624
0.97671 0.02329
0.99999 0.00001
0.45352 0.54648
0.47790 0.52210
0.16065 0.83935
0.24944 0.75056
0.26640 0.73360
0.80292 0.19708
0.40431 0.59569
0.42907 0.57093
0.99887 0.00113
0.99896 0.00104
0.95425 0.04575
0.99998 0.00002
0.99997 0.00003
0.99970 0.00030
0.99976 0.00024
0.80339 0.19661
0.80945 0.19055
0.86238 0.13762
0.69920 0.30080
0.98338 0.01662
0.31215 0.68785
0.99982 0.00018
0.99994 0.00006
0.87592 0.12408
0.95312 0.04688
0.38454 0.61546
0.97443 0.02557
0.91204 0.08796
0.46356 0.53644
0.71943 0.28057
0.77550 0.22450
0.49502 0.50498
0.64153 0.35847
0.92385 0.07615
0.99918 0.00082
0.99975 0.00025
0.84538 0.15462
0.99976 0.00024
0.99991 0.00009
0.54782 0.45218
1.00000 0.00000
1.00000 0.00000
0.99356 0.00644
0.81684 0.18316
1.00000 0.00000
1.00000 0.00000
1.00000 0.00000
0.96468 0.03532
0.90684 0.09316
0.94954 0.05046
0.98494 0.01506
0.24499 0.75501
0.98898 0.01102
0.99488 0.00512
0.97414 0.02586
0.86758 0.13242
0.94114 0.05886
0.13301 0.86699
0.34173 0.65827
0.97921 0.02079
0.99121 0.00879
0.63790 0.36210
0.71901 0.28099
0.86136 0.13864
0.69171 0.30829
0.93581 0.06419
0.93581 0.06419
0.88997 0.11003
0.37054 0.62946
0.49175 0.50825
0.10625 0.89375
0.28496 0.71504
0.95676 0.04324
0.72581 0.27419
0.59677 0.40323
0.57933 0.42067
0.17620 0.82380
0.25426 0.74574
0.28422 0.71578
0.12608 0.87392
0.35075 0.64925
0.79572 0.20428
0.91017 0.08983
0.71570 0.28430
0.20218 0.79782
0.28096 0.71904
0.53686 0.46314
0.74318 0.25682
0.60948 0.39052
0.28096 0.71904
0.53686 0.46314
0.60512 0.39488
0.99680 0.00320
0.57839 0.42161
0.99887 0.00113
0.99969 0.00031
0.81149 0.18851
0.38643 0.61357
0.55082 0.44918
0.90883 0.09117
0.91941 0.08059
0.56500 0.43500
0.56166 0.43834
0.77905 0.22095
0.80019 0.19981
0.21687 0.78313
0.30281 0.69719
0.21687 0.78313
0.30281 0.69719
0.75198 0.24802
0.51218 0.48782
0.97281 0.02719
0.92388 0.07612
0.64258 0.35742
0.99660 0.00340
0.26297 0.73703
0.34797 0.65203
0.99949 0.00051
0.99980 0.00020
0.99731 0.00269
0.99731 0.00269
0.42353 0.57647
0.52168 0.47832
0.52168 0.47832
0.38251 0.61749
0.71766 0.28234
0.71766 0.28234
0.66111 0.33889
0.44395 0.55605
0.96560 0.03440
0.66111 0.33889
0.44395 0.55605
0.96560 0.03440
0.66111 0.33889
0.44395 0.55605
0.96560 0.03440
0.05756 0.94244
0.05883 0.94117
0.08409 0.91591
0.06818 0.93182
0.09287 0.90713
0.28833 0.71167
0.12488 0.87512
0.47541 0.52459
0.57233 0.42767
0.69900 0.30100
0.67792 0.32208
0.99680 0.00320
0.55069 0.44931
0.23806 0.76194
0.74917 0.25083
0.87251 0.12749
0.88207 0.11793
0.99593 0.00407
0.99883 0.00117
0.99999 0.00001
0.93577 0.06423
0.99993 0.00007
0.90853 0.09147
0.99993 0.00007
0.89641 0.10359
0.99703 0.00297
0.98552 0.01448
0.94571 0.05429
0.98552 0.01448
0.63642 0.36358
0.31555 0.68445
0.27872 0.72128
0.55287 0.44713
0.98943 0.01057
0.99835 0.00165
0.99348 0.00652
0.55287 0.44713
0.98943 0.01057
0.28444 0.71556
0.20988 0.79012
0.26694 0.73306
0.63786 0.36214
0.47904 0.52096
0.31535 0.68465
0.99998 0.00002
0.99994 0.00006
0.35469 0.64531
0.50904 0.49096
0.40476 0.59524
1.00000 0.00000
1.00000 0.00000
1.00000 0.00000
0.99999 0.00001
0.39353 0.60647
0.99123 0.00877
0.97946 0.02054
0.48715 0.51285
0.99940 0.00060
0.25247 0.74753
0.96085 0.03915
0.99903 0.00097
0.99995 0.00005
0.99983 0.00017
0.98255 0.01745
0.99995 0.00005
0.99998 0.00002
0.98214 0.01786
0.98884 0.01116
0.99981 0.00019
0.67515 0.32485
0.90380 0.09620
0.96038 0.03962
0.87282 0.12718
0.92613 0.07387
0.93811 0.06189
0.97509 0.02491
0.93762 0.06238
0.94861 0.05139
0.85194 0.14806
0.99015 0.00985
0.99500 0.00500
0.87499 0.12501
0.99594 0.00406
0.66527 0.33473
0.27156 0.72844
0.80820 0.19180
0.99269 0.00731
0.06246 0.93754
0.47176 0.52824
0.80018 0.19982
0.17969 0.82031
0.32706 0.67294
0.75316 0.24684
0.18648 0.81352
0.29928 0.70072
0.99998 0.00002
0.10961 0.89039
0.18129 0.81871
0.16172 0.83828
0.75302 0.24698
0.19097 0.80903
0.50643 0.49357
0.99973 0.00027
0.42315 0.57685
0.93830 0.06170
0.96749 0.03251
1.00000 0.00000
0.99986 0.00014
0.75730 0.24270
0.19207 0.80793
0.57993 0.42007
0.64416 0.35584
0.75588 0.24412
0.56732 0.43268
0.06143 0.93857
0.14430 0.85570
0.12707 0.87293
0.75990 0.24010
0.99372 0.00628
0.98779 0.01221
0.72565 0.27435
0.73469 0.26531
1.00000 0.00000
0.06595 0.93405
0.09929 0.90071
0.15781 0.84219
0.28266 0.71734
0.07658 0.92342
0.05843 0.94157
0.99965 0.00035
0.03682 0.96318
0.11235 0.88765
0.93738 0.06262
0.07997 0.92003
0.07159 0.92841
0.97302 0.02698
1.00000 0.00000
0.97250 0.02750
0.99026 0.00974
0.99359 0.00641
0.98054 0.01946
0.96936 0.03064
0.92200 0.07800
0.99995 0.00005
0.92055 0.07945
0.96936 0.03064
0.92200 0.07800
0.67022 0.32978
0.53540 0.46460
0.55843 0.44157
0.27382 0.72618
0.99683 0.00317
0.22890 0.77110
0.99723 0.00277
0.38410 0.61590
0.41332 0.58668
0.98580 0.01420
0.56146 0.43854
0.34964 0.65036
0.43369 0.56631
0.36647 0.63353
0.47317 0.52683
0.36647 0.63353
0.45175 0.54825
0.29870 0.70130
0.99998 0.00002
0.53612 0.46388
0.54943 0.45057
0.99805 0.00195
0.97977 0.02023
0.46748 0.53252
0.44362 0.55638
0.76025 0.23975
0.42738 0.57262
0.35312 0.64688
0.23913 0.76087
0.90041 0.09959
0.92797 0.07203
0.82844 0.17156
0.46352 0.53648
0.89181 0.10819
0.19958 0.80042
0.81385 0.18615
0.25992 0.74008
0.64080 0.35920
0.64080 0.35920
0.24344 0.75656
0.59796 0.40204
0.58292 0.41708
0.98274 0.01726
0.88857 0.11143
0.84265 0.15735
0.98274 0.01726
0.29365 0.70635
0.78998 0.21002
0.79690 0.20310
0.95273 0.04727
0.29607 0.70393
0.36559 0.63441
0.34251 0.65749
0.50531 0.49469
0.50531 0.49469
0.37259 0.62741
0.37259 0.62741
0.45580 0.54420
0.45580 0.54420
0.46322 0.53678
0.46322 0.53678
0.64206 0.35794
0.74496 0.25504
0.47466 0.52534
0.59605 0.40395
0.57632 0.42368
0.43485 0.56515
0.52465 0.47535
0.53191 0.46809
0.38437 0.61563
0.38437 0.61563
0.98994 0.01006
0.74580 0.25420
0.85781 0.14219
0.69353 0.30647
0.42794 0.57206
0.51189 0.48811
0.11077 0.88923
0.37934 0.62066
0.10938 0.89062
0.10938 0.89062
0.77811 0.22189
0.77811 0.22189
0.12621 0.87379
0.12621 0.87379
0.26182 0.73818
0.69672 0.30328
0.29332 0.70668
0.81610 0.18390
0.81610 0.18390
0.98912 0.01088
0.97054 0.02946
0.63174 0.36826
0.42773 0.57227
0.84144 0.15856
0.81424 0.18576
0.39669 0.60331
0.08787 0.91213
0.88674 0.11326
0.29154 0.70846
0.91083 0.08917
0.99996 0.00004
0.97676 0.02324
0.31072 0.68928
0.97006 0.02994
0.62239 0.37761
0.94120 0.05880
0.99998 0.00002
0.98650 0.01350
0.36665 0.63335
0.30143 0.69857
0.20881 0.79119
0.20658 0.79342
0.97085 0.02915
0.87005 0.12995
0.87005 0.12995
0.87005 0.12995
0.87005 0.12995
0.87615 0.12385
0.92170 0.07830
0.87615 0.12385
0.92170 0.07830
0.05335 0.94665
0.98938 0.01062
0.99977 0.00023
0.45798 0.54202
0.83462 0.16538
0.77472 0.22528
0.62095 0.37905
0.60116 0.39884
0.54384 0.45616
0.60116 0.39884
0.71032 0.28968
0.52326 0.47674
0.52326 0.47674
0.59993 0.40007
0.59993 0.40007
0.76990 0.23010
0.72835 0.27165
0.76990 0.23010
0.72835 0.27165
0.09840 0.90160
0.56913 0.43087
0.51594 0.48406
0.37286 0.62714
0.21455 0.78545
0.09260 0.90740
0.09095 0.90905
0.86501 0.13499
0.90159 0.09841
0.25456 0.74544
0.99089 0.00911
0.61817 0.38183
0.35578 0.64422
0.53352 0.46648
0.26251 0.73749
0.24922 0.75078
0.11185 0.88815
0.22662 0.77338
0.22911 0.77089
0.99986 0.00014
0.99983 0.00017
0.87149 0.12851
0.97803 0.02197
0.99629 0.00371
0.99629 0.00371
0.99592 0.00408
0.99592 0.00408
0.13610 0.86390
0.37249 0.62751
0.91124 0.08876
0.92788 0.07212
0.76132 0.23868
0.41521 0.58479
0.90686 0.09314
0.76322 0.23678
0.90686 0.09314
0.27221 0.72779
0.13416 0.86584
0.62990 0.37010
0.31046 0.68954
0.99235 0.00765
0.14564 0.85436
0.18111 0.81889
0.25978 0.74022
0.50524 0.49476
0.57724 0.42276
0.70001 0.29999
0.59509 0.40491
0.65238 0.34762
0.78756 0.21244
0.99494 0.00506
0.97664 0.02336
0.64972 0.35028
0.42927 0.57073
0.92215 0.07785
0.72260 0.27740
0.55928 0.44072
0.93516 0.06484
0.24516 0.75484
0.77570 0.22430
0.51737 0.48263
0.89563 0.10437
0.97290 0.02710
0.97290 0.02710
0.48849 0.51151
0.37690 0.62310
0.79339 0.20661
0.48849 0.51151
0.79339 0.20661
0.99263 0.00737
0.99909 0.00091
0.54968 0.45032
0.99263 0.00737
0.54968 0.45032
0.39526 0.60474
0.99980 0.00020
0.98280 0.01720
0.99981 0.00019
0.98285 0.01715
0.93859 0.06141
0.99979 0.00021
0.93425 0.06575
0.81483 0.18517
0.99848 0.00152
0.73470 0.26530
0.87763 0.12237
0.70574 0.29426
0.94465 0.05535
0.94465 0.05535
0.92131 0.07869
0.93975 0.06025
0.95494 0.04506
0.19965 0.80035
0.96676 0.03324
0.97231 0.02769
0.99172 0.00828
0.99980 0.00020
0.98081 0.01919
0.91027 0.08973
0.99999 0.00001
0.27529 0.72471
0.95894 0.04106
0.16709 0.83291
0.99573 0.00427
0.95692 0.04308
0.56152 0.43848
0.97544 0.02456
0.99902 0.00098
0.96834 0.03166
0.99899 0.00101
0.99902 0.00098
0.96834 0.03166
0.99899 0.00101
0.99973 0.00027
0.96384 0.03616
0.99972 0.00028
0.99973 0.00027
0.96384 0.03616
0.99972 0.00028
0.99577 0.00423
0.21518 0.78482
0.90091 0.09909
0.94418 0.05582
0.07844 0.92156
0.99841 0.00159
0.99822 0.00178
0.99821 0.00179
0.99696 0.00304
0.79579 0.20421
0.99691 0.00309
0.38013 0.61987
0.99861 0.00139
0.94457 0.05543
0.99990 0.00010
0.93671 0.06329
0.93671 0.06329
0.70309 0.29691
0.69374 0.30626
0.14812 0.85188
0.96628 0.03372
0.99941 0.00059
0.93736 0.06264
0.08823 0.91177
0.08647 0.91353
0.91893 0.08107
0.12731 0.87269
0.12609 0.87391
0.09880 0.90120
0.04564 0.95436
0.15704 0.84296
0.22868 0.77132
0.91033 0.08967
0.43726 0.56274
0.99991 0.00009
0.99991 0.00009
0.99989 0.00011
0.99989 0.00011
0.99893 0.00107
0.83996 0.16004
0.99477 0.00523
0.99602 0.00398
0.91136 0.08864
0.52007 0.47993
0.41481 0.58519
0.33461 0.66539
0.36400 0.63600
0.19669 0.80331
0.23358 0.76642
0.69127 0.30873
0.74948 0.25052
0.22833 0.77167
0.65885 0.34115
0.99842 0.00158
0.99840 0.00160
0.99992 0.00008
0.99992 0.00008
0.99992 0.00008
0.99992 0.00008
0.99997 0.00003
0.99997 0.00003
0.99997 0.00003
0.89106 0.10894
0.50879 0.49121
0.99991 0.00009
0.70815 0.29185
0.99991 0.00009
0.99837 0.00163
0.99836 0.00164
0.99836 0.00164
0.11894 0.88106
0.20038 0.79962
0.23720 0.76280
0.27584 0.72416
0.82803 0.17197
0.58090 0.41910
0.97070 0.02930
0.18393 0.81607
0.73996 0.26004
0.44265 0.55735
0.99345 0.00655
0.99637 0.00363
0.53359 0.46641
0.22864 0.77136
0.26397 0.73603
0.99958 0.00042
0.93410 0.06590
0.12308 0.87692
0.99512 0.00488
0.09981 0.90019
0.24045 0.75955
0.28050 0.71950
0.20779 0.79221
0.41765 0.58235
0.92865 0.07135
0.23228 0.76772
0.74223 0.25777
0.52534 0.47466
0.97435 0.02565
0.98763 0.01237
0.96992 0.03008
0.99475 0.00525
0.98742 0.01258
0.99741 0.00259
0.23631 0.76369
0.99679 0.00321
0.99679 0.00321
0.99679 0.00321
0.99429 0.00571
0.99429 0.00571
0.99429 0.00571
0.25759 0.74241
0.39140 0.60860
0.99969 0.00031
0.98641 0.01359
0.99969 0.00031
0.99752 0.00248
0.92209 0.07791
0.99465 0.00535
0.99969 0.00031
0.99752 0.00248
0.95394 0.04606
0.92340 0.07660
0.29111 0.70889
0.99886 0.00114
0.99969 0.00031
0.99660 0.00340
0.99959 0.00041
0.15762 0.84238
0.47734 0.52266
0.64115 0.35885
0.93116 0.06884
0.96114 0.03886
0.39155 0.60845
0.23275 0.76725
0.37078 0.62922
0.55836 0.44164
0.55836 0.44164
0.57510 0.42490
0.57510 0.42490
0.59116 0.40884
0.99648 0.00352
0.99362 0.00638
0.61904 0.38096
0.96419 0.03581
0.97708 0.02292
0.27626 0.72374
0.82581 0.17419
0.99990 0.00010
1.00000 0.00000
0.99069 0.00931
0.99503 0.00497
0.99503 0.00497
0.99503 0.00497
0.95619 0.04381
0.95619 0.04381
0.95619 0.04381
0.99503 0.00497
0.99503 0.00497
0.99503 0.00497
0.99503 0.00497
0.99503 0.00497
0.99503 0.00497
0.98726 0.01274
0.99937 0.00063
0.80075 0.19925
0.99988 0.00012
0.99832 0.00168
0.77143 0.22857
0.75770 0.24230
0.91223 0.08777
0.74052 0.25948
0.99997 0.00003
0.74592 0.25408
0.99997 0.00003
0.28054 0.71946
0.99491 0.00509
0.99193 0.00807
0.56513 0.43487
0.56552 0.43448
0.56868 0.43132
0.22584 0.77416
0.24977 0.75023
0.30973 0.69027
0.25570 0.74430
0.33965 0.66035
0.02420 0.97580
0.89393 0.10607
0.96275 0.03725
0.07408 0.92592
0.22704 0.77296
0.99996 0.00004
0.99516 0.00484
0.99665 0.00335
0.89093 0.10907
0.99886 0.00114
0.99960 0.00040
0.99993 0.00007
0.59869 0.40131
0.31816 0.68184
0.09210 0.90790
0.09210 0.90790
0.13554 0.86446
0.31572 0.68428
0.28721 0.71279
0.54706 0.45294
0.54706 0.45294
0.99041 0.00959
0.97345 0.02655
0.97526 0.02474
0.94874 0.05126
0.95336 0.04665
0.96084 0.03916
0.96470 0.03530
0.23076 0.76924
0.23076 0.76924
0.20479 0.79521
0.99148 0.00852
0.99742 0.00258
0.39839 0.60161
0.62327 0.37673
0.09860 0.90140
0.09266 0.90734
0.09860 0.90140
0.09266 0.90734
0.10877 0.89123
0.22912 0.77088
0.05161 0.94839
0.12680 0.87320
0.12103 0.87897
0.13663 0.86337
0.16197 0.83803
0.16197 0.83803
0.39083 0.60917
0.36985 0.63015
0.99720 0.00280
0.92145 0.07855
0.69216 0.30784
0.86141 0.13859
0.56921 0.43079
0.56921 0.43079
0.87130 0.12870
0.58810 0.41190
0.58810 0.41190
0.18061 0.81939
0.39724 0.60276
0.41485 0.58515
0.47035 0.52965
0.54844 0.45156
0.41340 0.58660
0.41340 0.58660
0.31732 0.68268
0.60266 0.39734
0.36415 0.63585
0.20293 0.79707
0.03860 0.96140
0.07560 0.92440
0.98720 0.01280
0.98654 0.01346
0.30707 0.69293
0.90282 0.09718
0.17004 0.82996
0.99917 0.00083
0.99992 0.00008
0.99998 0.00002
1.00000 0.00000
0.99999 0.00001
0.05456 0.94544
0.35451 0.64549
0.09736 0.90264
0.81049 0.18951
0.34402 0.65598
0.60516 0.39484
0.97986 0.02014
0.99796 0.00204
0.99810 0.00190
0.99810 0.00190
0.01961 0.98039
0.49682 0.50318
0.79055 0.20945
0.44872 0.55128
0.99998 0.00002
0.95950 0.04050
0.96230 0.03770
0.99999 0.00001
0.99999 0.00001
0.99999 0.00001
0.55247 0.44753
0.99997 0.00003
0.45288 0.54712
0.99995 0.00005
0.57582 0.42418
0.99997 0.00003
0.55810 0.44190
0.99997 0.00003
0.57947 0.42053
0.84771 0.15229
0.28844 0.71156
0.96328 0.03672
0.93001 0.06999
0.93632 0.06368
0.93827 0.06173
0.93703 0.06297
0.92520 0.07480
0.97957 0.02043
0.97995 0.02005
0.97597 0.02403
0.99280 0.00720
0.99185 0.00815
0.99185 0.00815
0.97225 0.02775
0.96930 0.03070
0.96930 0.03070
0.09925 0.90075
0.94288 0.05712
0.43827 0.56173
0.97698 0.02302
0.37411 0.62589
0.99855 0.00145
0.97773 0.02227
0.99458 0.00542
0.99200 0.00800
0.23746 0.76254
0.37402 0.62598
0.87072 0.12928
0.98206 0.01794
0.91239 0.08761
0.06207 0.93793
0.06034 0.93966
0.06491 0.93509
0.06207 0.93793
0.06034 0.93966
0.06491 0.93509
0.99977 0.00023
0.33857 0.66143
0.47212 0.52788
0.41315 0.58685
0.99935 0.00065
0.87875 0.12125
0.79707 0.20293
0.99996 0.00004
0.74481 0.25519
0.88301 0.11699
0.99900 0.00100
0.99984 0.00016
0.69335 0.30665
0.99994 0.00006
0.99991 0.00009
0.98957 0.01043
0.99868 0.00132
0.44293 0.55707
0.55661 0.44339
0.49379 0.50621
0.99868 0.00132
0.99962 0.00038
0.99865 0.00135
0.99962 0.00038
0.99863 0.00137
0.99998 0.00002
0.62308 0.37692
0.46891 0.53109
0.62308 0.37692
0.47268 0.52732
0.84165 0.15835
0.50181 0.49819
0.34813 0.65187
0.50181 0.49819
0.35114 0.64886
0.76408 0.23592
0.99962 0.00038
0.99865 0.00135
0.99962 0.00038
0.99863 0.00137
0.99998 0.00002
0.55842 0.44158
0.40314 0.59686
0.55842 0.44158
0.40557 0.59443
0.80261 0.19739
1.00000 0.00000
0.99990 0.00010
0.99997 0.00003
0.72962 0.27038
0.96239 0.03761
0.98852 0.01148
0.98917 0.01083
0.84308 0.15692
0.84308 0.15692
0.98917 0.01083
0.98911 0.01089
0.98975 0.01025
0.84810 0.15190
0.84810 0.15190
0.98975 0.01025
0.98594 0.01406
0.98690 0.01310
0.82446 0.17554
0.82446 0.17554
0.98690 0.01310
0.38871 0.61129
0.99574 0.00426
0.35874 0.64126
0.35874 0.64126
0.99574 0.00426
0.99413 0.00587
0.95833 0.04167
0.95077 0.04923
0.95077 0.04923
0.95833 0.04167
0.99625 0.00375
0.97292 0.02708
0.41892 0.58108
0.41892 0.58108
0.97292 0.02708
0.99625 0.00375
0.97292 0.02708
0.41892 0.58108
0.41892 0.58108
0.97292 0.02708
0.99317 0.00683
0.10961 0.89039
0.05289 0.94711
0.13957 0.86043
0.10983 0.89017
0.08292 0.91708
0.18473 0.81527
0.31402 0.68598
0.29979 0.70021
0.52286 0.47714
0.48160 0.51840
0.08170 0.91830
0.20724 0.79276
0.25077 0.74923
0.40004 0.59996
0.23796 0.76204
0.10377 0.89623
0.16007 0.83993
0.21349 0.78651
0.20791 0.79209
0.38970 0.61030
0.93315 0.06685
0.99733 0.00267
0.84569 0.15431
0.99246 0.00754
0.93315 0.06685
0.99733 0.00267
0.84569 0.15431
0.99246 0.00754
0.90089 0.09911
0.98357 0.01643
0.90089 0.09911
0.98357 0.01643
0.80151 0.19849
0.96053 0.03947
0.90554 0.09446
0.98357 0.01643
0.99134 0.00866
0.96055 0.03945
0.99134 0.00866
0.96055 0.03945
0.97934 0.02066
0.91227 0.08773
0.81767 0.18233
0.76978 0.23022
0.96103 0.03897
0.81767 0.18233
0.76978 0.23022
0.96103 0.03897
0.69236 0.30764
0.62659 0.37341
0.91912 0.08088
0.99168 0.00832
0.32161 0.67839
0.29838 0.70162
0.49569 0.50431
0.24823 0.75177
0.55429 0.44571
0.26404 0.73596
0.99892 0.00108
0.99895 0.00105
0.46276 0.53724
0.99884 0.00116
0.88887 0.11113
0.99925 0.00075
0.39369 0.60631
0.99979 0.00021
0.99785 0.00215
0.99952 0.00048
0.89995 0.10005
0.99522 0.00478
0.99773 0.00227
0.92553 0.07447
0.67655 0.32345
0.78061 0.21939
0.32190 0.67810
0.11534 0.88466
0.15244 0.84756
0.99915 0.00085
0.99915 0.00085
0.99915 0.00085
0.30480 0.69520
0.38162 0.61838
0.30480 0.69520
0.38162 0.61838
0.30480 0.69520
0.38162 0.61838
0.30480 0.69520
0.38162 0.61838
0.80087 0.19913
0.87610 0.12390
0.80087 0.19913
0.87610 0.12390
0.30480 0.69520
0.38162 0.61838
0.30480 0.69520
0.38162 0.61838
0.82858 0.17142
0.98736 0.01264
0.82858 0.17142
0.20728 0.79272
0.91139 0.08861
0.14800 0.85200
0.21927 0.78073
0.83356 0.16644
0.76204 0.23796
0.19894 0.80106
0.95832 0.04168
0.13294 0.86706
0.81272 0.18728
0.24482 0.75518
0.99440 0.00560
0.99886 0.00114
0.76054 0.23946
0.69765 0.30235
0.19359 0.80641
0.69765 0.30235
0.19359 0.80641
0.88512 0.11488
0.97529 0.02471
0.55680 0.44320
0.65100 0.34900
0.35138 0.64862
0.59239 0.40761
0.68332 0.31668
0.91198 0.08802
0.62670 0.37330
0.44442 0.55558
0.44442 0.55558
0.44442 0.55558
0.44442 0.55558
0.86828 0.13172
0.32723 0.67277
0.60773 0.39227
0.39632 0.60368
0.34677 0.65323
0.23513 0.76487
0.96004 0.03996
0.79076 0.20924
0.21772 0.78228
0.40074 0.59926
0.27138 0.72862
0.79177 0.20823
0.49484 0.50516
0.46609 0.53392
0.24174 0.75826
0.96928 0.03072
0.34501 0.65499
0.40154 0.59846
0.97806 0.02194
0.94172 0.05828
0.45975 0.54025
0.36700 0.63300
0.10301 0.89699
0.59738 0.40262
0.19690 0.80310
0.90486 0.09514
0.85145 0.14855
0.15722 0.84278
0.14352 0.85648
0.69351 0.30649
0.11193 0.88807
0.11553 0.88447
0.88138 0.11862
0.18365 0.81635
0.19786 0.80214
0.55543 0.44457
0.38420 0.61580
0.55543 0.44457
0.38420 0.61580
0.17579 0.82421
0.27628 0.72372
0.43677 0.56323
0.55368 0.44632
0.64288 0.35712
0.55910 0.44090
0.69923 0.30077
0.29818 0.70182
0.47127 0.52873
0.73460 0.26540
0.47127 0.52873
0.73460 0.26540
0.99779 0.00221
0.86744 0.13256
0.99776 0.00224
0.92601 0.07399
0.92450 0.07550
0.52938 0.47062
0.52798 0.47202
0.52938 0.47062
0.52798 0.47202
0.52938 0.47062
0.52938 0.47062
0.98921 0.01079
0.98922 0.01078
0.53824 0.46176
0.98558 0.01442
0.26212 0.73788
0.82305 0.17695
0.64684 0.35316
0.69730 0.30270
0.99989 0.00011
0.26892 0.73108
0.26275 0.73725
0.39541 0.60459
0.26795 0.73205
0.96271 0.03729
0.10489 0.89511
0.10831 0.89169
0.11574 0.88426
0.32927 0.67073
0.23019 0.76981
0.93689 0.06311
0.72421 0.27579
0.67199 0.32801
0.14466 0.85534
0.14466 0.85534
0.14466 0.85534
0.12910 0.87090
0.12910 0.87090
0.12910 0.87090
0.28382 0.71618
0.28382 0.71618
0.28382 0.71618
0.99592 0.00408
0.98654 0.01346
0.99671 0.00329
0.34695 0.65305
0.29243 0.70757
0.99968 0.00032
0.33897 0.66103
0.99011 0.00989
0.97456 0.02544
0.39195 0.60805
0.40166 0.59834
0.99835 0.00165
0.99950 0.00050
0.99175 0.00825
0.99915 0.00085
0.99966 0.00034
0.99998 0.00002
0.93890 0.06110
0.96879 0.03121
0.12585 0.87415
0.45009 0.54991
0.05539 0.94461
0.11368 0.88632
0.15912 0.84088
0.99788 0.00212
0.99912 0.00088
0.08140 0.91860
0.80404 0.19596
0.93711 0.06289
0.99998 0.00002
0.99994 0.00006
0.96848 0.03152
0.13240 0.86760
0.65421 0.34579
0.94634 0.05366
0.10361 0.89639
0.90783 0.09217
0.33987 0.66013
0.30749 0.69251
0.31144 0.68856
0.29655 0.70345
0.31504 0.68496
0.53836 0.46164
0.46468 0.53532
0.53836 0.46164
0.46468 0.53532
0.35059 0.64941
0.99981 0.00019
0.60397 0.39603
0.99980 0.00020
0.38838 0.61162
0.29080 0.70920
0.29080 0.70920
0.32255 0.67745
0.19525 0.80475
0.25224 0.74776
0.95959 0.04041
0.88661 0.11339
0.14514 0.85486
0.35887 0.64113
0.45183 0.54817
0.33714 0.66286
0.51460 0.48540
0.88307 0.11693
0.68766 0.31234
0.95352 0.04648
0.62305 0.37695
0.51137 0.48863
0.64931 0.35069
0.85138 0.14862
0.77633 0.22367
0.98695 0.01305
0.77633 0.22367
0.98330 0.01670
0.15833 0.84167
0.28948 0.71052
0.98884 0.01116
0.28948 0.71052
0.28948 0.71052
0.98820 0.01180
0.28948 0.71052
0.14170 0.85830
0.94615 0.05385
0.32920 0.67080
0.18611 0.81389
0.33010 0.66990
0.25597 0.74402
0.32920 0.67080
0.18611 0.81389
0.33010 0.66990
0.25597 0.74402
0.12058 0.87942
0.61824 0.38176
0.60988 0.39012
0.34306 0.65694
0.73662 0.26338
0.60516 0.39484
0.28113 0.71887
0.28113 0.71887
0.38305 0.61695
0.99993 0.00007
0.77155 0.22845
0.78190 0.21809
0.11649 0.88351
0.88483 0.11517
0.86081 0.13919
0.70472 0.29528
0.99999 0.00001
0.99999 0.00001
1.00000 0.00000
0.99999 0.00001
0.99999 0.00001
0.67698 0.32302
0.99996 0.00004
0.99996 0.00004
0.51229 0.48771
0.50274 0.49726
0.50274 0.49726
0.22497 0.77503
0.21913 0.78087
0.21913 0.78087
0.99857 0.00143
0.37679 0.62321
0.37679 0.62321
0.98828 0.01172
0.90022 0.09978
0.93704 0.06296
0.99973 0.00027
0.19285 0.80715
0.14853 0.85147
0.19759 0.80241
0.16136 0.83864
0.94340 0.05660
0.98664 0.01336
0.99996 0.00004
0.99679 0.00321
0.99949 0.00051
0.41831 0.58169
0.49890 0.50110
0.99742 0.00258
0.46027 0.53973
0.21827 0.78173
0.99658 0.00342
0.99815 0.00185
0.99993 0.00007
0.78586 0.21414
0.80220 0.19780
0.92954 0.07046
0.99895 0.00105
0.95925 0.04075
0.88211 0.11789
0.99891 0.00109
0.88211 0.11789
0.99893 0.00107
0.99893 0.00107
0.99893 0.00107
0.87804 0.12196
0.77354 0.22646
0.94500 0.05500
0.94500 0.05500
0.79978 0.20023
0.91924 0.08076
0.22360 0.77640
0.30791 0.69209
0.43246 0.56754
0.74099 0.25901
0.50077 0.49923
0.99456 0.00544
0.65108 0.34892
0.65108 0.34892
0.99696 0.00304
0.25221 0.74779
0.30757 0.69243
0.94862 0.05138
0.99999 0.00001
0.99153 0.00847
0.84521 0.15479
0.74059 0.25941
0.26652 0.73348
0.99989 0.00011
0.93862 0.06138
0.98057 0.01943
0.99999 0.00001
0.80418 0.19582
0.08588 0.91412
0.55483 0.44517
0.14902 0.85098
0.99997 0.00003
0.99999 0.00001
0.99997 0.00003
0.99999 0.00001
0.99954 0.00046
0.26818 0.73182
0.58542 0.41458
0.68740 0.31260
0.72970 0.27030
0.86422 0.13578
0.89502 0.10498
0.91836 0.08164
0.65438 0.34562
0.72703 0.27297
0.76992 0.23008
0.93175 0.06825
0.15119 0.84881
0.99980 0.00020
0.33010 0.66990
0.85366 0.14634
0.42290 0.57710
0.35472 0.64528
0.42290 0.57710
0.35472 0.64528
0.34068 0.65932
0.25421 0.74579
0.24168 0.75832
0.99219 0.00781
0.79609 0.20391
0.36594 0.63406
0.99219 0.00781
0.79609 0.20391
0.36594 0.63406
0.69728 0.30272
0.15184 0.84816
0.22297 0.77703
0.74130 0.25870
0.22297 0.77703
0.74130 0.25870
0.99464 0.00536
0.63998 0.36002
0.05745 0.94255
0.06975 0.93025
0.05573 0.94427
0.20414 0.79586
0.90540 0.09460
0.99519 0.00481
0.26696 0.73304
0.74945 0.25055
0.91720 0.08280
0.80730 0.19270
0.18206 0.81794
0.76174 0.23826
0.99992 0.00008
0.47181 0.52819
0.17301 0.82700
0.99998 0.00002
0.99998 0.00002
0.95628 0.04372
0.99108 0.00892
0.61329 0.38671
0.99108 0.00892
0.99108 0.00892
0.34953 0.65047
0.99765 0.00235
0.99928 0.00072
0.99765 0.00235
0.99706 0.00294
0.90781 0.09219
0.24088 0.75912
0.86852 0.13148
0.72522 0.27478
0.93311 0.06689
0.60579 0.39421
0.97912 0.02088
0.63100 0.36900
0.35939 0.64061
0.96096 0.03904
0.92468 0.07532
0.96504 0.03496
0.99816 0.00184
0.99957 0.00043
0.88684 0.11316
0.90828 0.09172
0.53277 0.46723
0.90563 0.09437
0.53277 0.46723
0.90563 0.09437
1.00000 0.00000
0.30777 0.69223
0.96315 0.03685
0.49258 0.50742
0.57306 0.42694
0.97682 0.02318
0.99999 0.00001
0.86688 0.13312
0.99996 0.00004
0.92765 0.07235
0.52464 0.47536
0.34851 0.65149
0.47486 0.52514
0.99311 0.00689
0.67404 0.32596
0.99910 0.00090
0.52382 0.47618
0.11604 0.88396
0.73561 0.26439
0.06162 0.93838
0.96919 0.03081
0.97880 0.02120
0.05069 0.94931
0.99936 0.00064
0.99992 0.00008
0.99941 0.00059
0.30241 0.69759
0.41723 0.58277
0.97776 0.02224
0.30733 0.69267
0.63839 0.36161
0.99968 0.00032
0.99918 0.00082
0.99916 0.00084
0.99818 0.00181
0.40740 0.59260
0.96160 0.03840
0.99980 0.00020
0.48297 0.51703
0.99981 0.00019
0.99957 0.00043
0.99993 0.00007
0.99957 0.00043
0.99993 0.00007
0.99979 0.00021
0.98659 0.01341
0.84982 0.15018
0.95053 0.04947
0.79175 0.20825
0.90097 0.09903
0.25944 0.74056
0.98760 0.01240
0.09136 0.90864
0.88939 0.11061
0.97232 0.02768
0.98595 0.01405
0.26953 0.73047
0.95538 0.04462
1.00000 0.00000
0.82847 0.17153
0.78462 0.21538
0.85514 0.14486
0.78462 0.21538
0.80230 0.19770
0.22083 0.77917
0.07681 0.92319
0.14817 0.85183
0.13494 0.86506
0.96767 0.03233
0.18806 0.81194
0.14802 0.85198
0.42544 0.57456
0.35416 0.64584
0.99579 0.00421
0.61493 0.38507
0.99788 0.00212
0.31431 0.68569
0.28805 0.71195
0.23293 0.76707
0.27236 0.72764
0.50341 0.49659
0.47380 0.52620
0.21953 0.78047
0.67509 0.32491
0.13731 0.86269
0.81187 0.18813
0.23446 0.76554
0.99801 0.00199
0.99999 0.00001
0.99969 0.00031
0.95444 0.04556
0.91426 0.08574
0.54912 0.45088
0.27089 0.72911
0.27616 0.72384
0.95293 0.04707
0.35221 0.64779
0.86117 0.13883
0.86114 0.13886
0.91742 0.08258
0.99736 0.00264
0.90711 0.09289
0.99712 0.00288
0.62135 0.37865
0.99899 0.00101
0.15709 0.84291
0.10955 0.89045
0.14132 0.85868
0.10955 0.89045
0.14132 0.85868
0.50320 0.49680
0.50320 0.49680
0.99919 0.00081
0.99954 0.00046
0.98642 0.01358
0.50320 0.49680
0.50320 0.49680
0.50320 0.49680
0.99919 0.00081
0.99954 0.00046
0.98642 0.01358
0.50320 0.49680
0.33274 0.66726
0.99889 0.00111
0.99391 0.00609
0.33274 0.66726
0.33274 0.66726
0.99889 0.00111
0.99391 0.00609
0.33274 0.66726
0.99885 0.00115
0.22890 0.77110
0.34567 0.65433
0.92757 0.07243
0.97714 0.02286
0.11410 0.88590
0.13452 0.86548
0.38119 0.61881
0.96495 0.03505
0.81920 0.18080
0.94095 0.05905
0.74533 0.25467
0.31514 0.68486
0.57119 0.42881
0.55950 0.44050
0.99648 0.00352
0.55950 0.44050
0.55969 0.44031
0.99648 0.00352
0.42935 0.57065
0.42935 0.57065
0.90175 0.09825
0.37780 0.62220
0.70519 0.29481
0.96534 0.03466
0.37383 0.62617
0.46227 0.53773
0.62830 0.37170
0.07759 0.92241
0.15467 0.84533
0.92650 0.07350
0.08405 0.91595
0.59296 0.40704
0.68806 0.31194
0.62196 0.37804
0.99983 0.00017
0.99951 0.00049
0.99798 0.00202
0.99948 0.00052
0.99835 0.00165
0.99765 0.00235
0.99894 0.00106
0.99753 0.00247
0.51427 0.48573
0.41831 0.58169
0.98208 0.01792
0.98208 0.01792
0.94542 0.05458
0.94542 0.05458
0.99902 0.00098
0.99654 0.00346
0.99755 0.00245
0.59941 0.40059
0.49434 0.50566
0.78787 0.21213
0.84707 0.15293
0.65359 0.34641
0.70368 0.29632
0.63559 0.36441
0.22942 0.77058
0.99616 0.00384
0.36884 0.63116
0.99820 0.00180
0.25968 0.74032
0.28343 0.71657
0.04648 0.95352
0.08813 0.91187
0.36710 0.63290
0.19877 0.80123
0.99870 0.00130
0.98864 0.01136
0.99052 0.00948
0.06075 0.93925
0.09374 0.90626
0.92024 0.07976
0.59362 0.40638
0.99619 0.00381
0.99999 0.00001
0.90663 0.09337
0.99175 0.00825
0.41644 0.58356
0.97669 0.02331
0.98120 0.01880
0.83907 0.16093
0.59429 0.40571
0.99355 0.00645
0.99988 0.00012
0.57937 0.42063
0.99992 0.00008
0.12922 0.87078
0.44515 0.55485
0.99896 0.00104
1.00000 0.00000
1.00000 0.00000
0.99798 0.00202
0.99844 0.00156
0.99987 0.00013
0.95162 0.04838
0.05685 0.94315
0.31905 0.68095
0.08271 0.91729
0.98728 0.01272
0.06553 0.93447
0.99994 0.00006
0.99997 0.00003
0.26774 0.73226
0.44000 0.56000
0.99934 0.00066
0.99962 0.00038
0.99983 0.00017
0.97430 0.02570
0.99446 0.00554
0.13832 0.86168
0.13364 0.86636
0.99953 0.00047
0.53246 0.46754
0.97074 0.02926
0.13473 0.86527
0.57016 0.42984
0.99331 0.00669
0.27000 0.73000
0.32943 0.67057
0.68600 0.31400
0.77653 0.22347
0.93335 0.06665
0.59733 0.40267
0.91699 0.08301
0.99920 0.00080
0.98271 0.01729
0.99631 0.00369
0.99957 0.00043
0.99747 0.00253
