0.79432 0.20568
0.64416 0.35584
0.90933 0.09067
0.34811 0.65189
0.37108 0.62892
0.75491 0.24509
0.23382 0.76618
0.24621 0.75379
0.85349 0.14651
0.10981 0.89019
0.10021 0.89979
0.42318 0.57682
0.28238 0.71762
0.63967 0.36033
0.12697 0.87303
0.28597 0.71403
0.76583 0.23417
0.44550 0.55450
0.36791 0.63209
0.56578 0.43422
0.63503 0.36497
0.61672 0.38328
0.13723 0.86277
0.06363 0.93637
0.25014 0.74986
0.42128 0.57872
0.99275 0.00725
0.87857 0.12143
0.98728 0.01272
0.28793 0.71207
0.87660 0.12340
0.40060 0.59940
0.51296 0.48704
0.57310 0.42690
0.99788 0.00212
0.99788 0.00212
0.99788 0.00212
0.87448 0.12552
0.99893 0.00107
0.99859 0.00141
0.99859 0.00141
0.99859 0.00141
0.87448 0.12552
0.99893 0.00107
0.99859 0.00141
0.99859 0.00141
0.99859 0.00141
0.96637 0.03363
0.97947 0.02053
0.96637 0.03363
0.98519 0.01481
0.99854 0.00146
0.98519 0.01481
0.99854 0.00146
0.93536 0.06464
0.59002 0.40998
0.47422 0.52578
0.09561 0.90439
0.77354 0.22646
0.95088 0.04912
0.30332 0.69668
0.48803 0.51197
0.17972 0.82028
0.65710 0.34290
0.27868 0.72132
0.27868 0.72132
0.97703 0.02297
0.99933 0.00067
0.59440 0.40560
0.19901 0.80099
0.19901 0.80099
0.15195 0.84805
0.40175 0.59825
0.75558 0.24442
0.20560 0.79440
0.42839 0.57161
0.81042 0.18958
0.26924 0.73076
0.81389 0.18611
0.37614 0.62386
0.62847 0.37153
0.21545 0.78455
0.60128 0.39872
0.24844 0.75156
0.27336 0.72664
0.24844 0.75156
0.20296 0.79704
0.21998 0.78002
0.17797 0.82203
0.23478 0.76522
0.16030 0.83970
0.44223 0.55777
0.22458 0.77542
0.44223 0.55777
0.22458 0.77542
0.58790 0.41210
0.34157 0.65843
0.75093 0.24907
0.40536 0.59464
0.40010 0.59990
0.56719 0.43281
0.16620 0.83380
0.13686 0.86314
0.17159 0.82841
0.15186 0.84814
0.20296 0.79704
0.34138 0.65862
0.46158 0.53842
0.45931 0.54069
0.45335 0.54665
0.52081 0.47919
0.14743 0.85257
0.99435 0.00565
0.24694 0.75306
0.99960 0.00040
0.99963 0.00037
0.78139 0.21861
0.79535 0.20465
0.45146 0.54854
0.99961 0.00039
0.99976 0.00024
0.99975 0.00025
0.14285 0.85715
0.99745 0.00255
0.99586 0.00414
0.16699 0.83301
0.27621 0.72379
0.19004 0.80996
0.27279 0.72721
0.17287 0.82713
0.15727 0.84273
0.21413 0.78587
0.19053 0.80947
0.19053 0.80947
0.19576 0.80424
0.19576 0.80424
0.23189 0.76811
0.36557 0.63443
0.27987 0.72013
0.27987 0.72013
0.14017 0.85983
0.27891 0.72109
0.31206 0.68794
0.37267 0.62733
0.15967 0.84033
0.37477 0.62523
0.37974 0.62026
0.24550 0.75450
0.29868 0.70132
0.29499 0.70501
0.33501 0.66499
0.18771 0.81229
0.31387 0.68613
0.30129 0.69871
0.87451 0.12549
0.91892 0.08108
0.46890 0.53110
0.23102 0.76898
0.23088 0.76912
0.26463 0.73537
0.26554 0.73446
0.26463 0.73537
0.26554 0.73446
0.47848 0.52152
0.74523 0.25477
0.58680 0.41320
0.15741 0.84259
0.37802 0.62198
0.92241 0.07759
0.37278 0.62722
0.37738 0.62262
0.92241 0.07759
0.92241 0.07759
0.92241 0.07759
0.31697 0.68303
0.83314 0.16686
0.28848 0.71152
0.21323 0.78677
0.81642 0.18358
0.79879 0.20121
0.99712 0.00288
0.45264 0.54736
0.89367 0.10633
0.12382 0.87618
0.98523 0.01477
0.22087 0.77913
0.98443 0.01557
0.95946 0.04054
0.47728 0.52272
0.66270 0.33730
0.71006 0.28994
0.14405 0.85595
0.28584 0.71416
0.62104 0.37896
0.90424 0.09576
0.19080 0.80920
0.99192 0.00808
0.10755 0.89245
0.20674 0.79326
0.72306 0.27694
0.58318 0.41682
0.35091 0.64909
0.30915 0.69085
0.97109 0.02891
0.97109 0.02891
0.98818 0.01182
0.98818 0.01182
0.58683 0.41317
0.58683 0.41317
0.37290 0.62710
0.90546 0.09454
0.98369 0.01631
0.93934 0.06066
0.65576 0.34424
0.47630 0.52370
0.31869 0.68131
0.91535 0.08465
0.99129 0.00871
0.99129 0.00871
0.51174 0.48826
0.51174 0.48826
0.54756 0.45244
0.37223 0.62777
0.13511 0.86489
0.33212 0.66788
0.29048 0.70952
0.23904 0.76096
0.28578 0.71422
0.24000 0.76000
0.40161 0.59839
0.38656 0.61344
0.37428 0.62572
0.94742 0.05258
0.99860 0.00140
0.99880 0.00120
0.99815 0.00185
0.80690 0.19310
0.67639 0.32361
0.50111 0.49889
0.29283 0.70717
0.50111 0.49889
0.50111 0.49889
0.29283 0.70717
0.50111 0.49889
0.59004 0.40996
0.54917 0.45083
0.72931 0.27069
0.20489 0.79511
0.20489 0.79511
0.40583 0.59417
0.63958 0.36042
0.86991 0.13009
0.97708 0.02292
0.56098 0.43902
0.42103 0.57897
0.94102 0.05898
0.16740 0.83260
0.88407 0.11593
0.38625 0.61375
0.93985 0.06015
0.45252 0.54748
0.64142 0.35858
0.89213 0.10787
0.79129 0.20871
0.62843 0.37157
0.71486 0.28514
0.18573 0.81427
0.80467 0.19533
0.10800 0.89200
0.12815 0.87185
0.13674 0.86326
0.26968 0.73032
0.98833 0.01167
0.22453 0.77547
0.95551 0.04449
0.45706 0.54294
0.45626 0.54374
0.94919 0.05081
0.43644 0.56356
0.43633 0.56367
0.86267 0.13733
0.92432 0.07568
0.92072 0.07928
0.99939 0.00061
0.99933 0.00067
0.99882 0.00118
0.99874 0.00126
0.99930 0.00070
0.99923 0.00077
0.81647 0.18353
0.96761 0.03239
0.88107 0.11893
0.15428 0.84572
0.15287 0.84713
0.91880 0.08120
0.90739 0.09261
0.19409 0.80591
0.33204 0.66796
0.90415 0.09585
0.33204 0.66796
0.90415 0.09585
0.35542 0.64458
0.79906 0.20094
0.99648 0.00352
0.18282 0.81718
0.26880 0.73120
0.27547 0.72453
0.25826 0.74174
0.80559 0.19441
0.78780 0.21220
0.41436 0.58564
0.87624 0.12376
0.83894 0.16106
0.77302 0.22698
0.98595 0.01405
0.93805 0.06195
0.86277 0.13723
0.99496 0.00504
0.89444 0.10556
0.71973 0.28027
0.84507 0.15493
0.99897 0.00103
0.90499 0.09501
0.85660 0.14340
0.82944 0.17056
0.94545 0.05455
0.86294 0.13706
0.45062 0.54938
0.82944 0.17056
0.94545 0.05455
0.86294 0.13706
0.45062 0.54938
0.93065 0.06935
0.90927 0.09073
0.98947 0.01053
0.95555 0.04445
0.99286 0.00714
0.99580 0.00420
0.56132 0.43868
0.51668 0.48332
0.59214 0.40786
0.77730 0.22270
0.77730 0.22270
0.76853 0.23147
0.96210 0.03790
0.95141 0.04859
0.92834 0.07166
0.91198 0.08802
0.86893 0.13107
0.35708 0.64292
0.57795 0.42205
0.54103 0.45897
0.57795 0.42205
0.54103 0.45897
0.53706 0.46294
0.86646 0.13354
0.53706 0.46294
0.86646 0.13354
0.62216 0.37784
0.29383 0.70617
0.92230 0.07770
0.39143 0.60857
0.84247 0.15753
0.29706 0.70294
0.24761 0.75239
0.73477 0.26523
0.50744 0.49256
0.39402 0.60598
0.36289 0.63711
0.34845 0.65155
0.34957 0.65043
0.35345 0.64655
0.34992 0.65008
0.81335 0.18665
0.81335 0.18665
0.53105 0.46895
0.53105 0.46895
0.22616 0.77384
0.22616 0.77384
0.21970 0.78030
0.94135 0.05865
0.22171 0.77829
0.94625 0.05375
0.64753 0.35247
0.64753 0.35247
0.64753 0.35247
0.94332 0.05668
0.94332 0.05668
0.94332 0.05668
0.64753 0.35247
0.64753 0.35247
0.64753 0.35247
0.64753 0.35247
0.64753 0.35247
0.64753 0.35247
0.25282 0.74718
0.59504 0.40496
0.63176 0.36824
0.27565 0.72435
0.98697 0.01303
0.31443 0.68557
0.78709 0.21291
0.24374 0.75626
0.19520 0.80480
0.98705 0.01295
0.98690 0.01310
0.98690 0.01310
0.42553 0.57447
0.42553 0.57447
0.69079 0.30921
0.29533 0.70467
0.82456 0.17544
0.31427 0.68573
0.87401 0.12599
0.61029 0.38971
0.61029 0.38971
0.63603 0.36397
0.58635 0.41365
0.60068 0.39932
0.98809 0.01191
0.36243 0.63757
0.38164 0.61836
0.88059 0.11941
0.89926 0.10074
0.99633 0.00367
0.56468 0.43532
0.60131 0.39869
0.99662 0.00338
0.58156 0.41844
0.61774 0.38226
0.40110 0.59890
0.58545 0.41455
0.30816 0.69184
0.40985 0.59015
0.30030 0.69970
0.31431 0.68569
0.92155 0.07845
0.81771 0.18229
0.98003 0.01997
0.92228 0.07772
0.98854 0.01146
0.95410 0.04590
0.96252 0.03748
0.17123 0.82877
0.15839 0.84161
0.20544 0.79456
0.19866 0.80134
0.76666 0.23334
0.99896 0.00104
0.96389 0.03611
0.99848 0.00152
0.23138 0.76862
0.23833 0.76167
0.21504 0.78496
0.22039 0.77961
0.24293 0.75707
0.73587 0.26413
0.30330 0.69670
0.32161 0.67839
0.26390 0.73610
0.26390 0.73610
0.59938 0.40062
0.58336 0.41664
0.62372 0.37628
0.55805 0.44195
0.60928 0.39072
0.59285 0.40715
0.63319 0.36681
0.56763 0.43237
0.97672 0.02328
0.97244 0.02756
0.96947 0.03053
0.97308 0.02692
0.97145 0.02855
0.97229 0.02771
0.97244 0.02756
0.96947 0.03053
0.97308 0.02692
0.97145 0.02855
0.97229 0.02771
0.95040 0.04960
0.93885 0.06115
0.91464 0.08536
0.90600 0.09400
0.34062 0.65938
0.99976 0.00024
0.99976 0.00024
0.89022 0.10978
0.98403 0.01597
0.72947 0.27053
0.99918 0.00082
0.84817 0.15183
0.98709 0.01291
0.86373 0.13627
0.67289 0.32711
0.67289 0.32711
0.67289 0.32711
0.78808 0.21192
0.76409 0.23591
0.95811 0.04189
0.76201 0.23799
0.75753 0.24247
0.99414 0.00586
0.79558 0.20442
0.77708 0.22292
0.12027 0.87973
0.77635 0.22365
0.99211 0.00789
0.80644 0.19356
0.71493 0.28507
0.21508 0.78492
0.86516 0.13484
0.94524 0.05476
0.29307 0.70693
0.20304 0.79696
0.23319 0.76681
0.24102 0.75898
0.10235 0.89765
0.42597 0.57403
0.90361 0.09639
0.84197 0.15803
0.99621 0.00379
0.92805 0.07195
0.92805 0.07195
0.23427 0.76573
0.62854 0.37146
0.99675 0.00325
0.88928 0.11072
0.65180 0.34820
0.96536 0.03464
0.96536 0.03464
0.96901 0.03099
0.95624 0.04376
0.92016 0.07984
0.92871 0.07129
0.21572 0.78428
0.96487 0.03513
0.30761 0.69239
0.93450 0.06550
0.99385 0.00615
0.95385 0.04615
0.74403 0.25597
0.93014 0.06986
0.21579 0.78421
0.92871 0.07129
0.21572 0.78428
0.96487 0.03513
0.30761 0.69239
0.96027 0.03973
0.99668 0.00332
0.99437 0.00563
0.38730 0.61270
0.52306 0.47694
0.49520 0.50480
0.99137 0.00863
0.56293 0.43707
0.99338 0.00662
0.59330 0.40670
0.99445 0.00555
0.50688 0.49312
0.99115 0.00885
0.29020 0.70980
0.29020 0.70980
0.29020 0.70980
0.29020 0.70980
0.99227 0.00773
0.48713 0.51287
0.14075 0.85925
0.65205 0.34795
0.42579 0.57421
0.37065 0.62935
0.97918 0.02082
0.39154 0.60846
0.99898 0.00102
0.20323 0.79677
0.29301 0.70699
0.26899 0.73101
0.78295 0.21705
0.34352 0.65648
0.38583 0.61417
0.35734 0.64266
0.36406 0.63594
0.34155 0.65845
0.34230 0.65770
0.31430 0.68570
0.41134 0.58866
0.40464 0.59536
0.41134 0.58866
0.40464 0.59536
0.99873 0.00127
0.99229 0.00771
0.96690 0.03310
0.97357 0.02643
0.99873 0.00127
0.99873 0.00127
0.88677 0.11323
0.89987 0.10013
0.82101 0.17899
0.82101 0.17899
0.84412 0.15588
0.86103 0.13897
0.84478 0.15522
0.84478 0.15522
0.86532 0.13468
0.99896 0.00104
0.99830 0.00170
0.99830 0.00170
0.85738 0.14262
0.87312 0.12688
0.99951 0.00049
0.99905 0.00095
0.70180 0.29820
0.70180 0.29820
0.98810 0.01190
0.81137 0.18863
0.83184 0.16816
0.98496 0.01504
0.97816 0.02184
0.35242 0.64758
0.83124 0.16876
0.41556 0.58444
0.98517 0.01483
0.29633 0.70367
0.77353 0.22647
0.77018 0.22982
0.30214 0.69786
0.40733 0.59267
0.40733 0.59267
0.70632 0.29368
0.70632 0.29368
0.99553 0.00447
0.99553 0.00447
0.74457 0.25543
0.74457 0.25543
0.78590 0.21410
0.97421 0.02579
0.72463 0.27537
0.22827 0.77173
0.70294 0.29706
0.52117 0.47883
0.78604 0.21396
0.26114 0.73886
0.70294 0.29706
0.52117 0.47883
0.76977 0.23023
0.25374 0.74626
0.70294 0.29706
0.52117 0.47883
0.53137 0.46863
0.99463 0.00537
0.20340 0.79660
0.20340 0.79660
0.18994 0.81006
0.18994 0.81006
0.69342 0.30658
0.69342 0.30658
0.57081 0.42919
0.72761 0.27239
0.70204 0.29796
0.56177 0.43823
0.56177 0.43823
0.31944 0.68055
0.38394 0.61606
0.78602 0.21398
0.88360 0.11640
0.53274 0.46726
0.93644 0.06356
0.97409 0.02591
0.95608 0.04392
0.62955 0.37045
0.53478 0.46522
0.90497 0.09503
0.42616 0.57384
0.61625 0.38375
0.96819 0.03181
0.24695 0.75305
0.42319 0.57681
0.19481 0.80519
0.99542 0.00458
0.15879 0.84121
0.18047 0.81953
0.54269 0.45731
0.32478 0.67522
0.90844 0.09156
0.86579 0.13421
0.43135 0.56865
0.95392 0.04608
0.65114 0.34886
0.61274 0.38726
0.77462 0.22538
0.98755 0.01245
0.98106 0.01894
0.80318 0.19682
0.95262 0.04738
0.98106 0.01894
0.97848 0.02152
0.98106 0.01894
0.65863 0.34137
0.95270 0.04730
0.71450 0.28550
0.96228 0.03772
0.54328 0.45672
0.90282 0.09718
0.97463 0.02537
0.98046 0.01954
0.74583 0.25417
0.60492 0.39508
0.95443 0.04557
0.97839 0.02161
0.98664 0.01336
0.46736 0.53264
0.68552 0.31448
0.54640 0.45360
0.98570 0.01430
0.52689 0.47311
0.14436 0.85564
0.13497 0.86503
0.26759 0.73241
0.17134 0.82866
0.43161 0.56839
0.61159 0.38841
0.38997 0.61003
0.61159 0.38841
0.55365 0.44635
0.18476 0.81524
0.46399 0.53601
0.22664 0.77336
0.53852 0.46148
0.18472 0.81528
0.18126 0.81874
0.55968 0.44032
0.63026 0.36974
0.65108 0.34892
0.12954 0.87046
0.19816 0.80184
0.43045 0.56955
0.91930 0.08070
0.93017 0.06983
0.51797 0.48203
0.52711 0.47289
0.62091 0.37909
0.55958 0.44042
0.96897 0.03103
0.98492 0.01508
0.63611 0.36389
0.71415 0.28585
0.84152 0.15848
0.99957 0.00043
0.87573 0.12427
0.99855 0.00145
0.99855 0.00145
0.99331 0.00669
0.97125 0.02875
0.97125 0.02875
0.99828 0.00172
0.99828 0.00172
0.99826 0.00174
0.99826 0.00174
0.99895 0.00105
0.99895 0.00105
0.99808 0.00192
0.99808 0.00192
0.99927 0.00073
0.33802 0.66198
0.99934 0.00066
0.98657 0.01343
0.08905 0.91095
0.17493 0.82507
0.19378 0.80622
0.20303 0.79697
0.18806 0.81194
0.10211 0.89789
0.11460 0.88540
0.23216 0.76784
0.88712 0.11288
0.39199 0.60801
0.17522 0.82478
0.74992 0.25008
0.21097 0.78903
0.22444 0.77556
0.81880 0.18120
0.99871 0.00129
0.97850 0.02150
0.99850 0.00150
0.54177 0.45823
0.97286 0.02714
0.94345 0.05655
0.99764 0.00236
0.99708 0.00292
0.99708 0.00292
0.99708 0.00292
0.82032 0.17968
0.83607 0.16393
0.99708 0.00292
0.81897 0.18103
0.99057 0.00943
0.83876 0.16124
0.44715 0.55285
0.64519 0.35481
0.60067 0.39933
0.28918 0.71082
0.56439 0.43561
0.53584 0.46416
0.11707 0.88293
0.74193 0.25807
0.18287 0.81713
0.55814 0.44185
0.19595 0.80405
0.71785 0.28215
0.34500 0.65500
0.49855 0.50145
0.79974 0.20025
0.43259 0.56741
0.35453 0.64547
0.50903 0.49097
0.80903 0.19097
0.23552 0.76448
0.59544 0.40456
0.60981 0.39019
0.99799 0.00201
0.93759 0.06241
0.99943 0.00057
0.28000 0.72000
0.66640 0.33360
0.20661 0.79339
0.73862 0.26138
0.99544 0.00456
0.28915 0.71085
0.07361 0.92639
0.13557 0.86443
0.32872 0.67128
0.98485 0.01515
0.13824 0.86176
0.65384 0.34616
0.19276 0.80724
0.18113 0.81887
0.91281 0.08719
0.50768 0.49232
0.94562 0.05438
0.23411 0.76589
0.97755 0.02245
0.67231 0.32769
0.68838 0.31162
0.09166 0.90834
0.14192 0.85808
0.20409 0.79591
0.59198 0.40802
0.43004 0.56996
0.35771 0.64229
0.37508 0.62492
0.75144 0.24856
0.38468 0.61532
0.68394 0.31606
0.39294 0.60706
0.65869 0.34131
0.21569 0.78431
0.65869 0.34131
0.39344 0.60656
0.91844 0.08156
0.98458 0.01542
0.98458 0.01542
0.47041 0.52959
0.84845 0.15155
0.11359 0.88641
0.10358 0.89642
0.46582 0.53418
0.35424 0.64576
0.99994 0.00006
0.33324 0.66676
0.22142 0.77858
0.21516 0.78484
0.36627 0.63373
0.34670 0.65330
0.28878 0.71122
0.26689 0.73311
0.83715 0.16285
0.75004 0.24996
0.74069 0.25931
0.90712 0.09288
0.89190 0.10810
0.77732 0.22268
0.77446 0.22554
0.77732 0.22268
0.77446 0.22554
0.31314 0.68686
0.34848 0.65152
0.88105 0.11895
0.13291 0.86709
0.13698 0.86302
0.25043 0.74957
0.25043 0.74957
0.89384 0.10616
0.87912 0.12088
0.87912 0.12088
0.89069 0.10931
0.87558 0.12442
0.87558 0.12442
0.13677 0.86323
0.13109 0.86891
0.12200 0.87800
0.12026 0.87974
0.26527 0.73473
0.68860 0.31140
0.81243 0.18757
0.37385 0.62615
0.37385 0.62615
0.39425 0.60575
0.77866 0.22134
0.80021 0.19979
0.80021 0.19979
0.95691 0.04309
0.77866 0.22134
0.52854 0.47146
0.42840 0.57160
0.49481 0.50519
0.99454 0.00546
0.87762 0.12238
0.99954 0.00046
0.97191 0.02809
0.75585 0.24415
0.96422 0.03578
0.82849 0.17151
0.21810 0.78190
0.69523 0.30477
0.40882 0.59118
0.87698 0.12302
0.23005 0.76995
0.20303 0.79697
0.24285 0.75715
0.31010 0.68990
0.81577 0.18423
0.94163 0.05837
0.29532 0.70468
0.55849 0.44151
0.51881 0.48119
0.41415 0.58585
0.55849 0.44151
0.51881 0.48119
0.41415 0.58585
0.97925 0.02075
0.97348 0.02652
0.77224 0.22776
0.42171 0.57829
0.19758 0.80242
0.26952 0.73048
0.26952 0.73048
0.36832 0.63168
0.36832 0.63168
0.26952 0.73048
0.26952 0.73048
0.69274 0.30727
0.91120 0.08880
0.91150 0.08850
0.64624 0.35376
0.17278 0.82722
0.66489 0.33511
0.89501 0.10499
0.92898 0.07102
0.83185 0.16815
0.53066 0.46934
0.90250 0.09750
0.81989 0.18011
0.87858 0.12142
0.74393 0.25607
0.43226 0.56774
0.74198 0.25802
0.63416 0.36584
0.25796 0.74204
0.75776 0.24224
0.96930 0.03070
0.21851 0.78149
0.25915 0.74085
0.30347 0.69653
0.30347 0.69653
0.30347 0.69653
0.24818 0.75182
0.27988 0.72012
0.27988 0.72012
0.51410 0.48590
0.77043 0.22957
0.83913 0.16087
0.77405 0.22595
0.53555 0.46445
0.79363 0.20637
0.29118 0.70882
0.30954 0.69046
0.33871 0.66129
0.98933 0.01067
0.14443 0.85557
0.14935 0.85065
0.19572 0.80428
0.17866 0.82134
0.20000 0.80000
0.22708 0.77292
0.22774 0.77226
0.14369 0.85631
0.38176 0.61824
0.52151 0.47849
0.99126 0.00874
0.52151 0.47849
0.52151 0.47849
0.51404 0.48596
0.30440 0.69560
0.33647 0.66353
0.33647 0.66353
0.20638 0.79362
0.66843 0.33157
0.80708 0.19292
0.99842 0.00158
0.30061 0.69939
0.75439 0.24561
0.79876 0.20124
0.75312 0.24688
0.98585 0.01415
0.99822 0.00178
0.90724 0.09276
0.25145 0.74855
0.96972 0.03028
0.26528 0.73472
0.33407 0.66593
0.89612 0.10388
0.86111 0.13889
0.97961 0.02039
0.90336 0.09664
0.99606 0.00394
0.99606 0.00394
0.23921 0.76079
0.23921 0.76079
0.78901 0.21099
0.77450 0.22550
0.73180 0.26820
0.73180 0.26820
0.82841 0.17159
0.72909 0.27091
0.27828 0.72172
0.78106 0.21894
0.62453 0.37547
0.61682 0.38318
0.61682 0.38318
0.87797 0.12203
0.74790 0.25210
0.74790 0.25210
0.87797 0.12203
0.87797 0.12203
0.74790 0.25210
0.55173 0.44827
0.75917 0.24083
0.79116 0.20884
0.81215 0.18785
0.79854 0.20146
0.28916 0.71084
0.19202 0.80798
0.99961 0.00039
0.19202 0.80798
0.99961 0.00039
0.99929 0.00071
0.99929 0.00071
0.97711 0.02289
0.99382 0.00618
0.99997 0.00003
0.31588 0.68412
0.99968 0.00032
0.07344 0.92656
0.29418 0.70582
0.28624 0.71376
0.30168 0.69832
0.19687 0.80313
0.19687 0.80313
0.19991 0.80009
0.19991 0.80009
0.20353 0.79647
0.20353 0.79647
0.21717 0.78283
0.29991 0.70009
0.26629 0.73371
0.56303 0.43697
0.56183 0.43817
0.56303 0.43697
0.56183 0.43817
0.13741 0.86259
0.49592 0.50408
0.98020 0.01980
0.13271 0.86729
0.47246 0.52754
0.44260 0.55740
0.92873 0.07127
0.23005 0.76995
0.79354 0.20646
0.41119 0.58881
0.82769 0.17231
0.83917 0.16083
0.45948 0.54052
0.46819 0.53181
0.50058 0.49942
0.48915 0.51085
0.52171 0.47829
0.99812 0.00188
0.44114 0.55886
0.83917 0.16083
0.45948 0.54052
0.14382 0.85618
0.61298 0.38702
0.67148 0.32852
0.14980 0.85020
0.14980 0.85020
0.27542 0.72458
0.27542 0.72458
0.31811 0.68189
0.31811 0.68189
0.15344 0.84656
0.34601 0.65399
0.67058 0.32942
0.15238 0.84762
0.41520 0.58480
0.42915 0.57085
0.21582 0.78418
0.98497 0.01503
0.31256 0.68744
0.99612 0.00388
0.28837 0.71163
0.99955 0.00045
0.99947 0.00053
0.99003 0.00997
0.99984 0.00016
0.99999 0.00001
0.86043 0.13957
0.95027 0.04973
0.78974 0.21026
0.51730 0.48270
0.19193 0.80807
0.19753 0.80247
0.98653 0.01347
0.37961 0.62039
0.40254 0.59746
0.37543 0.62457
0.39313 0.60687
0.41693 0.58307
0.38933 0.61067
0.87066 0.12934
0.93536 0.06464
0.96561 0.03439
0.82801 0.17199
0.91078 0.08922
0.89631 0.10369
0.89180 0.10820
0.89180 0.10820
0.89105 0.10895
0.89180 0.10820
0.91240 0.08760
0.90946 0.09054
0.94080 0.05920
0.94048 0.05952
0.99975 0.00025
0.56494 0.43506
0.55815 0.44185
0.55909 0.44091
0.99607 0.00393
0.55252 0.44748
0.99607 0.00393
0.59725 0.40275
0.59122 0.40878
0.58469 0.41531
0.89279 0.10721
0.99978 0.00022
0.99978 0.00022
0.28173 0.71827
0.28173 0.71827
0.78428 0.21572
0.78428 0.21572
0.80156 0.19844
0.80156 0.19844
0.31867 0.68133
0.31867 0.68133
0.98313 0.01687
0.98313 0.01687
0.28621 0.71379
0.28621 0.71379
0.70760 0.29240
0.70760 0.29240
0.67747 0.32253
0.67747 0.32253
0.33524 0.66476
0.33524 0.66476
0.87154 0.12846
0.87504 0.12496
0.99742 0.00258
0.99742 0.00258
0.50093 0.49907
0.48067 0.51933
0.46566 0.53434
0.46566 0.53434
0.96183 0.03817
0.53549 0.46451
0.55389 0.44611
0.99963 0.00037
0.98932 0.01068
0.93381 0.06619
0.96841 0.03159
0.98854 0.01146
0.99485 0.00515
0.37386 0.62614
0.33553 0.66447
0.39405 0.60595
0.99806 0.00194
0.97350 0.02650
0.98578 0.01422
0.91559 0.08441
0.18704 0.81296
0.99830 0.00170
0.24098 0.75902
0.91605 0.08395
0.99694 0.00306
0.95861 0.04139
0.99978 0.00022
0.99930 0.00070
0.99961 0.00039
0.99981 0.00019
0.99957 0.00043
0.40231 0.59769
0.47786 0.52214
0.39406 0.60594
0.42596 0.57404
0.50185 0.49815
0.41721 0.58279
0.99961 0.00039
0.99981 0.00019
0.99957 0.00043
0.48854 0.51146
0.48699 0.51301
0.59669 0.40331
0.60616 0.39384
0.32498 0.67502
0.78878 0.21122
0.80107 0.19893
0.65693 0.34307
0.36606 0.63394
0.35744 0.64256
0.35270 0.64730
0.96570 0.03430
0.97154 0.02846
0.99513 0.00487
0.70003 0.29997
0.99007 0.00993
0.30900 0.69100
0.64516 0.35484
0.52273 0.47727
0.23529 0.76471
0.07439 0.92561
0.89354 0.10646
0.34875 0.65125
0.91537 0.08463
0.38335 0.61665
0.91780 0.08220
0.93617 0.06383
0.89626 0.10374
0.91637 0.08363
0.88839 0.11161
0.34073 0.65927
0.39569 0.60431
0.95925 0.04075
0.79064 0.20936
0.72521 0.27479
0.57719 0.42281
0.61395 0.38605
0.76669 0.23331
0.70646 0.29354
0.19229 0.80771
0.60111 0.39889
0.97202 0.02798
0.94685 0.05315
0.90669 0.09331
0.84401 0.15599
0.58429 0.41571
0.58429 0.41571
0.47763 0.52237
0.47763 0.52237
0.50561 0.49439
0.54343 0.45657
0.97943 0.02057
0.97995 0.02005
0.99632 0.00368
0.97522 0.02478
0.42234 0.57766
0.40961 0.59039
0.96901 0.03099
0.92990 0.07010
0.93708 0.06292
0.86872 0.13128
0.25912 0.74088
0.87843 0.12157
0.90487 0.09513
0.86775 0.13225
0.37437 0.62563
0.70686 0.29314
0.99594 0.00406
0.17623 0.82377
0.61293 0.38707
0.93627 0.06373
0.93643 0.06357
0.99905 0.00095
0.22802 0.77198
0.75922 0.24078
0.23543 0.76457
0.82826 0.17174
0.79832 0.20168
0.27939 0.72061
0.37151 0.62849
0.67175 0.32825
0.98547 0.01453
0.70442 0.29558
0.85238 0.14762
0.05379 0.94621
0.80685 0.19315
0.34319 0.65681
0.32213 0.67787
0.34319 0.65681
0.32213 0.67787
0.28397 0.71603
0.28364 0.71636
0.99454 0.00546
0.31189 0.68811
0.32347 0.67653
0.70654 0.29346
0.17559 0.82441
0.84675 0.15325
0.39739 0.60261
0.82868 0.17132
0.16391 0.83609
0.53308 0.46692
0.32522 0.67478
0.32522 0.67478
0.53308 0.46692
0.32522 0.67478
0.24385 0.75615
0.22265 0.77735
0.37199 0.62801
0.75994 0.24006
0.81979 0.18021
0.58051 0.41949
0.91486 0.08514
0.87527 0.12473
0.52638 0.47362
0.88372 0.11628
0.77232 0.22768
0.47283 0.52717
0.47016 0.52984
0.21861 0.78139
0.22290 0.77710
0.56166 0.43834
0.53646 0.46354
0.16473 0.83527
0.16502 0.83498
0.83426 0.16574
0.40415 0.59585
0.89182 0.10818
0.90617 0.09383
0.88542 0.11458
0.49762 0.50238
0.53905 0.46095
0.20865 0.79135
0.51710 0.48290
0.26161 0.73839
0.53515 0.46485
0.45499 0.54501
0.45499 0.54501
0.49896 0.50104
0.49896 0.50104
0.47248 0.52752
0.47248 0.52752
0.53259 0.46741
0.50201 0.49799
0.53259 0.46741
0.51559 0.48441
0.50201 0.49799
0.39349 0.60651
0.39349 0.60651
0.46876 0.53124
0.47450 0.52550
0.52690 0.47310
0.49183 0.50817
0.94301 0.05699
0.93056 0.06944
0.40660 0.59340
0.37784 0.62216
0.81895 0.18105
0.99940 0.00060
0.30000 0.70000
0.24050 0.75950
0.96977 0.03023
0.90537 0.09463
0.33759 0.66241
0.90814 0.09186
0.33759 0.66241
0.90814 0.09186
0.99985 0.00015
0.18504 0.81496
0.20220 0.79780
0.16977 0.83023
0.39477 0.60523
0.37329 0.62671
0.99975 0.00025
0.98347 0.01653
0.81795 0.18205
0.40110 0.59890
0.25245 0.74755
0.29616 0.70384
0.27814 0.72186
0.66451 0.33549
0.29869 0.70131
0.94810 0.05190
0.96790 0.03210
0.93990 0.06010
0.22146 0.77854
0.39937 0.60063
0.33153 0.66847
0.92978 0.07022
0.29129 0.70871
0.99020 0.00980
0.21625 0.78375
0.22980 0.77020
0.22770 0.77230
0.88809 0.11191
0.24004 0.75996
0.25515 0.74485
0.93463 0.06537
0.92353 0.07647
0.94608 0.05392
0.93797 0.06203
0.22959 0.77041
0.26495 0.73505
0.82935 0.17065
0.36567 0.63433
0.36778 0.63222
0.53160 0.46840
0.53303 0.46697
0.09186 0.90814
0.85905 0.14095
0.27129 0.72871
0.95296 0.04704
0.26598 0.73402
0.24577 0.75423
0.23904 0.76096
0.26199 0.73801
0.25275 0.74725
0.27818 0.72182
0.92727 0.07273
0.26559 0.73441
0.99055 0.00945
0.98353 0.01647
0.06894 0.93106
0.43334 0.56666
0.15138 0.84862
0.69639 0.30361
0.25608 0.74392
0.74285 0.25715
0.83173 0.16827
0.86612 0.13388
0.16461 0.83539
0.71364 0.28636
0.91466 0.08534
0.99929 0.00071
0.91466 0.08534
0.99929 0.00071
0.99383 0.00617
0.52722 0.47278
0.96589 0.03411
0.96589 0.03411
0.69621 0.30379
0.34387 0.65613
0.17542 0.82458
0.34019 0.65981
0.16941 0.83059
0.45099 0.54901
0.97672 0.02328
0.99309 0.00691
0.98964 0.01036
0.74082 0.25918
0.98535 0.01465
0.96983 0.03017
0.50729 0.49271
0.23137 0.76863
0.82536 0.17464
0.81503 0.18497
0.99987 0.00013
0.28602 0.71398
0.35757 0.64243
0.58989 0.41011
0.37073 0.62927
0.32550 0.67450
0.52632 0.47368
0.81653 0.18347
0.69760 0.30240
0.64326 0.35674
0.16295 0.83705
0.48236 0.51764
0.78776 0.21224
0.13873 0.86127
0.85309 0.14691
0.94169 0.05831
0.27989 0.72011
0.46697 0.53303
0.83282 0.16718
0.93518 0.06482
0.29995 0.70005
0.88295 0.11705
0.99992 0.00008
0.99977 0.00023
0.99987 0.00013
0.44876 0.55124
0.99989 0.00011
0.99969 0.00031
0.99992 0.00008
0.44778 0.55222
0.99989 0.00011
0.99966 0.00034
0.99983 0.00017
0.41545 0.58455
0.51730 0.48270
0.99942 0.00058
0.92445 0.07555
0.42074 0.57926
0.39980 0.60020
0.97606 0.02394
0.88809 0.11191
0.46593 0.53407
0.77179 0.22821
0.28650 0.71350
0.98992 0.01008
0.88731 0.11269
0.72014 0.27986
0.72433 0.27567
0.82811 0.17189
0.95188 0.04812
0.59242 0.40758
0.34383 0.65617
0.84216 0.15784
0.86421 0.13579
0.88063 0.11937
0.58203 0.41797
0.28306 0.71694
0.99187 0.00813
0.09051 0.90949
0.30607 0.69393
0.32612 0.67388
0.15077 0.84923
0.59809 0.40191
0.57286 0.42714
0.59809 0.40191
0.59809 0.40191
0.68727 0.31273
0.13014 0.86986
0.12958 0.87042
0.77242 0.22758
0.98060 0.01940
0.99557 0.00443
0.98060 0.01940
0.99557 0.00443
0.35967 0.64033
0.41343 0.58657
0.98965 0.01035
0.37217 0.62783
0.30142 0.69858
0.57040 0.42960
0.15340 0.84660
0.83482 0.16518
0.29981 0.70019
0.53662 0.46338
0.11300 0.88700
0.35251 0.64749
0.36580 0.63420
0.35251 0.64749
0.35316 0.64684
0.47236 0.52764
0.75310 0.24690
0.57330 0.42670
0.90791 0.09209
0.51342 0.48658
0.87716 0.12284
0.99910 0.00090
0.97927 0.02073
0.98338 0.01662
0.51695 0.48305
0.99882 0.00118
0.46871 0.53129
0.60894 0.39106
0.99524 0.00476
0.55667 0.44333
0.99976 0.00024
0.99403 0.00597
0.99982 0.00018
0.04016 0.95984
0.67718 0.32282
0.91466 0.08534
0.11783 0.88217
0.70811 0.29189
0.99617 0.00383
0.83111 0.16889
0.41145 0.58855
0.99667 0.00333
0.53684 0.46316
0.42009 0.57991
0.99716 0.00284
0.54840 0.45160
0.95475 0.04525
0.80320 0.19680
0.99187 0.00813
0.70293 0.29707
0.84010 0.15990
0.99997 0.00003
0.89594 0.10406
0.99998 0.00002
0.35650 0.64350
0.48614 0.51386
0.98392 0.01608
0.93672 0.06328
0.98392 0.01608
0.93672 0.06328
0.97991 0.02009
0.98156 0.01844
0.73067 0.26933
0.99700 0.00300
0.79959 0.20041
0.99791 0.00209
0.79959 0.20041
0.99791 0.00209
0.41356 0.58644
0.56394 0.43606
0.99898 0.00102
0.99360 0.00640
0.18337 0.81663
0.40497 0.59503
0.18678 0.81322
0.49636 0.50364
0.99542 0.00458
0.12845 0.87155
0.16010 0.83990
0.98392 0.01608
0.22156 0.77844
0.13169 0.86831
0.73237 0.26763
0.25058 0.74942
0.76327 0.23673
0.88617 0.11383
0.79667 0.20333
0.81274 0.18726
0.98633 0.01367
0.99184 0.00816
0.96371 0.03629
0.82173 0.17827
0.18064 0.81936
0.07607 0.92393
0.19082 0.80918
0.15141 0.84859
0.21149 0.78851
0.77375 0.22625
0.21149 0.78851
0.77375 0.22625
0.25451 0.74549
0.18533 0.81467
0.27812 0.72188
0.14159 0.85841
0.99981 0.00019
0.72888 0.27112
0.74115 0.25885
0.93156 0.06844
0.67056 0.32944
0.99953 0.00047
0.56374 0.43626
0.66003 0.33997
0.68147 0.31853
0.58075 0.41925
0.57595 0.42405
0.93156 0.06844
0.67056 0.32944
0.99953 0.00047
0.56374 0.43626
0.64372 0.35628
0.70319 0.29681
0.58075 0.41925
0.57595 0.42405
0.54093 0.45907
0.33776 0.66224
0.99708 0.00292
0.22630 0.77370
0.90736 0.09264
0.22330 0.77670
0.81707 0.18293
0.65798 0.34202
0.65798 0.34202
0.21513 0.78487
0.24193 0.75807
0.91320 0.08680
0.26398 0.73602
0.41214 0.58786
0.34842 0.65158
0.41821 0.58179
0.54238 0.45762
0.20664 0.79336
0.27532 0.72468
0.91233 0.08767
0.28964 0.71036
0.31640 0.68360
0.36599 0.63401
0.75440 0.24560
0.22568 0.77432
0.90287 0.09713
0.22042 0.77958
0.30825 0.69175
0.68329 0.31671
0.74463 0.25537
0.31125 0.68875
0.71184 0.28816
0.65769 0.34231
0.72935 0.27065
0.31481 0.68519
0.51915 0.48085
0.57205 0.42795
0.57205 0.42795
0.88198 0.11802
0.57205 0.42795
0.53508 0.46492
0.57345 0.42655
0.57345 0.42655
0.88101 0.11899
0.57345 0.42655
0.51720 0.48280
0.57045 0.42955
0.57045 0.42955
0.87890 0.12110
0.57045 0.42955
0.52628 0.47372
0.52628 0.47372
0.84953 0.15047
0.55853 0.44147
0.32813 0.67187
0.99195 0.00805
0.28783 0.71217
0.23173 0.76827
0.40297 0.59703
0.99673 0.00327
0.43055 0.56945
0.98150 0.01850
0.98835 0.01165
0.95905 0.04095
0.86033 0.13967
0.97290 0.02710
0.96778 0.03222
0.83222 0.16778
0.83222 0.16778
0.83222 0.16778
0.83222 0.16778
0.70654 0.29346
0.70654 0.29346
0.87011 0.12989
0.70654 0.29346
0.70654 0.29346
0.87011 0.12989
0.82080 0.17920
0.76455 0.23545
0.64125 0.35875
0.82080 0.17920
0.76455 0.23545
0.64125 0.35875
0.82393 0.17607
0.15087 0.84913
0.36962 0.63038
0.96222 0.03778
0.98764 0.01236
0.99477 0.00523
0.15226 0.84774
0.09622 0.90378
0.28913 0.71087
0.28913 0.71087
0.52288 0.47712
0.40292 0.59708
0.99199 0.00801
0.98553 0.01447
0.43311 0.56689
0.52439 0.47561
0.44083 0.55917
0.52439 0.47561
0.22105 0.77895
0.89361 0.10639
0.99400 0.00600
0.35278 0.64722
0.10613 0.89387
0.10751 0.89249
0.32144 0.67856
0.35199 0.64801
0.24872 0.75128
0.21914 0.78086
0.38800 0.61200
0.34009 0.65991
0.64394 0.35606
0.58400 0.41600
0.68209 0.31791
0.99907 0.00093
0.35112 0.64888
0.28023 0.71977
0.93587 0.06413
0.95648 0.04352
0.80151 0.19849
0.84367 0.15633
0.88366 0.11634
0.38497 0.61503
0.97495 0.02505
0.99220 0.00780
0.99575 0.00425
0.99743 0.00257
0.35357 0.64643
0.96868 0.03132
0.99990 0.00010
0.99992 0.00008
0.87833 0.12167
0.16124 0.83876
0.96711 0.03289
0.96711 0.03289
0.19540 0.80460
0.19540 0.80460
0.97397 0.02603
0.97349 0.02651
0.81738 0.18262
0.23761 0.76239
0.30385 0.69615
0.88612 0.11388
0.70646 0.29354
0.19031 0.80969
0.39087 0.60913
0.83699 0.16301
0.33720 0.66280
0.37162 0.62838
0.27434 0.72566
0.13306 0.86694
0.15748 0.84252
0.14428 0.85572
0.92278 0.07722
0.63806 0.36194
0.82407 0.17593
0.24243 0.75757
0.47222 0.52778
0.94372 0.05628
0.99329 0.00671
0.99329 0.00671
0.91581 0.08419
0.91325 0.08675
0.86402 0.13598
0.98714 0.01286
0.98407 0.01593
0.97866 0.02134
0.97791 0.02209
0.77616 0.22384
0.99926 0.00074
0.72251 0.27749
0.17720 0.82280
0.77316 0.22684
0.64238 0.35762
0.31636 0.68364
0.31636 0.68364
0.37668 0.62332
0.37668 0.62332
0.18005 0.81995
0.08134 0.91866
0.21355 0.78645
0.86735 0.13265
0.72805 0.27195
0.24424 0.75576
0.24424 0.75576
0.08385 0.91615
0.25274 0.74726
0.83644 0.16356
0.31293 0.68707
0.44549 0.55451
0.34656 0.65344
0.24507 0.75493
0.36771 0.63229
0.49484 0.50516
0.37054 0.62946
0.49484 0.50516
0.37054 0.62946
0.80263 0.19737
0.80687 0.19313
0.63654 0.36346
0.63654 0.36346
0.80404 0.19596
0.63654 0.36346
0.78214 0.21786
0.60910 0.39090
0.72079 0.27921
0.56857 0.43143
0.13508 0.86492
0.34285 0.65715
0.19985 0.80015
0.08540 0.91460
0.96784 0.03216
0.39800 0.60200
0.93696 0.06304
0.21285 0.78715
0.77490 0.22510
0.81764 0.18236
0.15834 0.84166
0.99461 0.00539
0.45242 0.54758
0.99433 0.00567
0.45371 0.54629
0.86943 0.13057
0.96846 0.03154
0.91435 0.08565
0.60643 0.39357
0.44564 0.55436
0.30750 0.69250
0.43682 0.56318
0.43682 0.56318
0.79718 0.20282
0.61277 0.38723
0.54646 0.45354
0.99606 0.00394
0.17982 0.82018
0.99852 0.00148
0.24152 0.75848
0.25942 0.74058
0.97647 0.02353
0.33275 0.66725
0.29212 0.70788
0.15282 0.84718
0.32006 0.67994
0.31791 0.68209
0.32854 0.67146
0.32601 0.67399
0.28323 0.71677
0.99978 0.00022
0.99618 0.00382
0.99725 0.00275
0.46008 0.53992
0.41264 0.58736
0.46533 0.53466
0.85965 0.14035
0.08951 0.91049
0.99220 0.00780
0.84560 0.15440
0.94954 0.05046
0.92509 0.07491
0.46940 0.53060
0.88295 0.11705
0.94405 0.05595
0.93978 0.06022
0.91064 0.08936
0.97363 0.02637
0.96659 0.03341
0.95448 0.04552
0.27947 0.72053
0.20254 0.79746
0.26439 0.73561
0.43797 0.56203
0.96325 0.03675
0.57275 0.42725
0.58232 0.41768
0.49334 0.50666
0.99561 0.00439
0.48581 0.51419
0.20051 0.79949
0.53230 0.46770
0.60080 0.39920
0.59944 0.40056
0.21014 0.78986
0.18943 0.81057
0.18860 0.81140
0.16749 0.83251
0.16370 0.83630
0.25390 0.74610
0.22673 0.77327
0.22673 0.77327
0.22673 0.77327
0.19904 0.80096
0.23537 0.76463
0.26924 0.73076
0.22968 0.77032
0.92301 0.07699
0.13923 0.86077
0.84528 0.15472
0.99082 0.00918
0.99600 0.00400
0.42135 0.57865
0.21919 0.78081
0.31947 0.68053
0.39114 0.60886
0.52720 0.47280
0.22531 0.77469
0.31019 0.68981
0.24540 0.75460
0.23824 0.76176
0.29624 0.70376
0.36186 0.63814
0.95797 0.04203
0.33657 0.66343
0.33657 0.66343
0.33657 0.66343
0.35154 0.64846
0.97524 0.02476
0.98428 0.01572
0.98210 0.01790
0.98443 0.01557
0.41314 0.58686
0.96217 0.03783
0.42197 0.57803
0.35041 0.64959
0.96754 0.03246
0.99492 0.00508
0.96818 0.03182
0.94752 0.05248
0.32616 0.67384
0.30800 0.69200
0.11713 0.88287
0.33901 0.66099
0.30431 0.69569
0.62599 0.37401
0.86109 0.13891
0.81840 0.18160
0.41533 0.58467
0.89891 0.10109
0.46394 0.53606
0.52751 0.47249
0.42812 0.57188
0.83843 0.16157
0.84028 0.15972
0.37112 0.62888
0.69361 0.30639
0.24092 0.75908
0.64285 0.35715
0.58289 0.41711
0.58601 0.41399
0.99887 0.00113
0.99911 0.00089
0.99947 0.00053
0.99881 0.00119
0.81297 0.18703
0.99878 0.00122
0.99903 0.00097
0.99942 0.00058
0.99872 0.00128
0.80375 0.19625
0.99990 0.00010
0.26418 0.73582
0.99990 0.00009
0.27071 0.72929
0.14588 0.85412
0.15542 0.84458
0.88398 0.11602
0.40154 0.59846
0.34889 0.65111
0.28081 0.71919
0.30120 0.69880
0.33627 0.66373
0.26498 0.73502
0.24922 0.75078
0.25281 0.74719
0.34908 0.65092
0.34820 0.65180
0.99986 0.00014
0.99937 0.00063
0.86160 0.13840
0.99993 0.00007
0.99887 0.00113
0.65507 0.34493
0.20901 0.79099
0.18380 0.81620
0.17953 0.82047
0.33254 0.66746
0.28581 0.71419
0.29129 0.70871
0.24820 0.75180
0.28509 0.71491
0.24260 0.75740
0.99456 0.00544
0.44709 0.55291
0.58110 0.41890
0.39549 0.60451
0.99957 0.00043
0.38859 0.61141
0.58110 0.41890
0.39549 0.60451
0.99957 0.00043
0.38859 0.61141
0.99456 0.00544
0.44709 0.55291
0.88020 0.11980
0.92393 0.07607
0.91109 0.08891
0.58717 0.41283
0.56392 0.43608
0.35218 0.64782
0.35016 0.64984
0.99998 0.00002
0.99747 0.00253
0.85396 0.14604
0.99018 0.00982
0.36545 0.63455
0.99901 0.00099
0.79864 0.20136
0.81641 0.18359
0.82050 0.17950
0.85657 0.14343
0.76477 0.23523
0.73698 0.26302
0.76477 0.23523
0.70962 0.29038
0.95449 0.04551
0.85186 0.14814
0.98937 0.01063
0.71662 0.28338
0.78598 0.21402
0.78598 0.21402
0.33776 0.66224
0.29564 0.70436
0.39168 0.60832
0.42433 0.57567
0.72915 0.27085
0.37182 0.62818
0.66821 0.33179
0.82830 0.17170
0.82830 0.17170
0.80397 0.19603
0.80397 0.19603
0.59078 0.40922
0.86662 0.13338
0.53114 0.46886
0.81809 0.18191
0.80138 0.19862
0.97242 0.02758
0.97102 0.02898
0.74814 0.25186
0.36278 0.63722
0.75420 0.24580
0.75656 0.24344
0.80466 0.19534
0.90099 0.09901
0.89837 0.10163
0.69393 0.30607
0.78270 0.21730
0.77853 0.22147
0.99947 0.00053
0.99831 0.00169
0.67585 0.32415
0.32882 0.67118
0.58083 0.41917
0.31180 0.68820
0.13643 0.86357
0.47576 0.52424
0.83353 0.16647
0.25547 0.74453
0.47919 0.52081
0.46863 0.53137
0.82472 0.17528
0.49502 0.50498
0.86441 0.13559
0.93747 0.06253
0.85225 0.14775
0.50339 0.49661
0.91292 0.08708
0.46472 0.53528
0.25371 0.74629
0.96600 0.03400
0.98285 0.01715
0.98950 0.01050
0.35834 0.64166
0.40190 0.59811
0.98870 0.01130
0.80564 0.19436
0.86634 0.13366
0.99055 0.00945
0.20633 0.79367
0.22175 0.77825
0.95448 0.04552
0.66223 0.33777
0.74578 0.25422
0.96123 0.03877
0.88879 0.11121
0.93893 0.06107
0.95294 0.04706
0.94266 0.05734
0.97224 0.02776
0.98040 0.01960
0.36784 0.63216
0.42839 0.57161
0.97739 0.02261
0.79810 0.20190
0.86624 0.13376
0.98164 0.01836
0.74230 0.25770
0.29251 0.70749
0.71898 0.28102
0.81712 0.18288
0.28567 0.71433
0.76295 0.23705
0.83807 0.16193
0.44113 0.55887
0.84803 0.15197
0.80034 0.19966
0.85112 0.14888
0.26517 0.73483
0.15660 0.84340
0.18225 0.81775
0.18297 0.81703
0.69359 0.30641
0.71009 0.28991
0.89269 0.10731
0.64764 0.35236
0.66572 0.33428
0.11811 0.88189
0.11644 0.88356
0.60874 0.39126
0.57626 0.42374
0.62486 0.37514
0.97242 0.02758
0.97242 0.02758
0.75973 0.24027
0.75973 0.24027
0.37800 0.62200
0.37800 0.62200
0.71133 0.28867
0.83615 0.16385
0.16838 0.83162
0.16449 0.83551
0.94914 0.05086
0.93637 0.06363
0.94566 0.05434
0.55397 0.44603
0.90536 0.09464
0.99695 0.00305
0.15340 0.84660
0.99994 0.00006
0.27913 0.72087
0.51093 0.48907
0.51093 0.48907
0.90048 0.09952
0.39247 0.60753
0.92283 0.07717
0.99992 0.00008
0.99994 0.00006
0.42807 0.57193
0.99987 0.00013
0.52893 0.47107
0.82706 0.17294
0.47036 0.52964
0.83101 0.16899
0.94065 0.05935
0.75267 0.24733
0.85979 0.14021
0.53477 0.46523
0.21385 0.78615
0.56372 0.43628
0.67875 0.32125
0.25672 0.74328
0.20033 0.79967
0.20033 0.79967
0.99897 0.00103
0.27883 0.72117
0.73763 0.26237
0.19289 0.80711
0.22007 0.77993
0.84828 0.15172
0.99942 0.00058
0.84828 0.15172
0.84828 0.15172
0.74290 0.25710
0.45592 0.54408
0.50763 0.49237
0.11279 0.88721
0.22202 0.77798
0.79587 0.20413
0.70634 0.29366
0.85758 0.14242
0.96420 0.03580
0.99784 0.00216
0.13076 0.86924
0.84951 0.15049
0.20300 0.79700
0.25531 0.74469
0.83108 0.16892
0.97947 0.02053
0.17933 0.82067
0.17020 0.82980
0.17294 0.82706
0.72292 0.27708
0.17424 0.82576
0.90632 0.09368
0.52210 0.47790
0.09540 0.90460
0.77343 0.22657
0.26807 0.73193
0.78913 0.21087
0.78116 0.21884
0.16980 0.83020
0.39112 0.60888
0.22482 0.77518
0.99961 0.00039
0.26634 0.73366
0.99359 0.00641
0.83333 0.16667
0.83333 0.16667
0.97387 0.02613
0.97712 0.02288
0.34521 0.65479
0.29853 0.70147
0.26197 0.73803
0.30362 0.69638
0.31897 0.68103
0.29086 0.70914
0.54827 0.45173
0.52990 0.47010
0.55323 0.44677
0.11742 0.88258
0.10432 0.89568
0.25193 0.74807
0.28581 0.71419
0.99995 0.00005
0.99178 0.00822
0.79043 0.20957
0.79043 0.20957
0.21363 0.78637
0.29531 0.70469
0.93632 0.06368
0.24484 0.75516
0.75983 0.24017
0.33360 0.66640
0.68160 0.31840
0.53175 0.46825
0.81716 0.18284
0.99535 0.00465
0.93740 0.06260
0.37145 0.62855
0.62281 0.37719
0.30243 0.69757
0.91103 0.08897
0.32467 0.67533
0.23126 0.76874
0.41538 0.58462
0.83473 0.16527
0.15370 0.84630
0.20455 0.79545
0.77338 0.22662
0.21186 0.78814
0.14915 0.85085
0.79739 0.20261
0.32407 0.67593
0.34243 0.65757
0.76317 0.23683
0.36073 0.63927
0.31811 0.68189
0.89907 0.10093
0.50093 0.49907
0.51397 0.48603
0.87031 0.12969
0.54847 0.45153
0.49504 0.50496
0.43516 0.56484
0.47034 0.52966
0.45777 0.54223
0.44669 0.55331
0.43516 0.56484
0.72516 0.27484
0.25154 0.74846
0.25830 0.74170
0.68979 0.31021
0.26220 0.73780
0.24574 0.75426
0.20508 0.79492
0.21044 0.78956
0.87890 0.12110
0.96016 0.03984
0.28699 0.71301
0.53153 0.46847
0.53153 0.46847
0.53153 0.46847
0.53153 0.46847
0.35095 0.64905
0.57067 0.42933
0.29951 0.70049
0.81037 0.18963
0.64989 0.35011
0.64989 0.35011
0.85042 0.14958
0.75683 0.24317
0.75683 0.24317
0.70842 0.29158
0.70842 0.29158
0.80424 0.19576
0.67438 0.32562
0.67365 0.32635
0.71079 0.28921
0.17524 0.82476
0.18200 0.81800
0.18656 0.81344
0.18651 0.81349
0.18685 0.81315
0.18457 0.81543
0.82519 0.17481
0.34761 0.65239
0.18147 0.81853
0.61978 0.38022
0.18054 0.81946
0.61978 0.38022
0.31591 0.68409
0.79448 0.20552
0.29176 0.70824
0.84058 0.15942
0.83941 0.16059
0.95628 0.04372
0.95614 0.04386
0.39116 0.60884
0.38242 0.61758
0.39116 0.60884
0.38242 0.61758
0.87117 0.12883
0.29232 0.70768
0.25873 0.74127
0.92614 0.07386
0.82180 0.17820
0.92614 0.07386
0.95855 0.04145
0.39548 0.60452
0.37420 0.62580
0.37420 0.62580
0.88638 0.11362
0.44718 0.55282
0.44992 0.55008
0.36713 0.63287
0.34718 0.65282
0.81220 0.18780
0.79714 0.20286
0.79842 0.20158
0.42151 0.57849
0.64080 0.35920
0.43320 0.56680
0.43410 0.56590
0.92696 0.07304
0.92321 0.07679
0.90679 0.09321
0.90269 0.09731
0.82176 0.17824
0.82176 0.17824
0.48576 0.51424
0.48576 0.51424
0.85121 0.14879
0.85121 0.14879
0.78256 0.21744
0.78256 0.21744
0.86793 0.13207
0.95401 0.04599
0.78110 0.21890
0.06167 0.93833
0.74729 0.25271
0.60526 0.39474
0.15457 0.84543
0.62116 0.37884
0.64576 0.35424
0.43371 0.56629
0.55216 0.44784
0.77167 0.22833
0.36596 0.63404
0.26372 0.73628
0.27780 0.72220
0.58041 0.41959
0.86792 0.13208
0.39655 0.60345
0.52235 0.47765
0.52872 0.47128
0.73572 0.26428
0.67382 0.32618
0.76225 0.23775
0.33778 0.66222
0.97935 0.02065
0.27460 0.72540
0.54054 0.45946
0.54054 0.45946
0.51025 0.48975
0.59130 0.40870
0.42149 0.57851
0.69372 0.30628
0.73133 0.26867
0.99939 0.00061
0.99867 0.00133
0.30718 0.69282
0.75555 0.24445
0.99971 0.00029
0.92526 0.07474
0.90902 0.09098
0.75440 0.24560
0.99560 0.00440
0.21670 0.78330
0.75790 0.24210
0.16384 0.83616
0.11346 0.88654
0.16090 0.83910
0.88017 0.11983
0.15799 0.84201
0.42061 0.57939
0.89591 0.10409
0.32425 0.67575
0.30840 0.69160
0.39045 0.60955
0.94767 0.05233
0.75166 0.24834
0.94836 0.05164
0.64969 0.35031
0.77177 0.22823
0.77177 0.22823
0.19308 0.80692
0.51692 0.48308
0.16205 0.83795
0.93445 0.06555
0.66091 0.33909
0.23305 0.76695
0.98639 0.01361
0.63305 0.36695
0.47978 0.52022
0.68304 0.31696
0.13031 0.86969
0.99958 0.00042
0.87648 0.12352
0.87648 0.12352
0.98235 0.01765
0.44543 0.55457
0.50111 0.49889
0.84488 0.15512
0.80646 0.19354
0.99895 0.00105
0.21620 0.78380
0.87918 0.12082
0.45597 0.54403
0.29602 0.70398
0.30828 0.69172
0.41205 0.58795
0.42677 0.57323
0.65556 0.34444
0.67110 0.32890
0.42512 0.57488
0.41839 0.58161
0.41564 0.58436
0.43328 0.56672
0.48612 0.51388
0.40151 0.59849
0.28379 0.71621
0.56450 0.43550
0.56450 0.43550
0.58099 0.41901
0.58099 0.41901
0.89555 0.10445
0.90448 0.09552
0.89408 0.10592
0.88183 0.11817
0.72029 0.27971
0.81771 0.18229
0.89822 0.10178
0.82285 0.17715
0.85862 0.14138
0.82454 0.17546
0.73238 0.26762
0.88096 0.11904
0.93795 0.06205
0.10497 0.89503
0.91245 0.08755
0.92457 0.07543
0.94534 0.05466
0.25364 0.74636
0.73924 0.26076
0.25364 0.74636
0.73924 0.26076
0.97392 0.02608
0.22687 0.77313
0.97392 0.02608
0.98710 0.01290
0.99912 0.00088
0.98710 0.01290
0.25587 0.74413
0.96134 0.03866
0.22770 0.77230
0.99532 0.00468
0.50277 0.49723
0.49901 0.50099
0.16864 0.83136
0.54850 0.45150
0.54850 0.45150
0.24773 0.75227
0.26552 0.73448
0.62285 0.37715
0.27554 0.72446
0.20555 0.79445
0.20555 0.79445
0.13618 0.86382
0.30500 0.69500
0.93416 0.06584
0.11773 0.88227
0.86506 0.13494
0.92732 0.07268
0.29930 0.70070
0.85488 0.14512
0.77059 0.22941
0.27666 0.72334
0.81920 0.18080
0.72067 0.27933
0.22120 0.77880
0.77900 0.22100
0.30908 0.69092
0.87972 0.12028
0.68894 0.31106
0.99988 0.00012
0.85380 0.14620
0.54028 0.45972
0.54028 0.45972
0.86861 0.13139
0.81265 0.18735
0.56582 0.43418
0.32427 0.67573
0.45526 0.54474
0.54600 0.45400
0.44016 0.55984
0.53889 0.46111
0.55659 0.44341
0.42770 0.57230
0.94825 0.05175
0.55880 0.44120
0.66770 0.33230
0.44852 0.55148
0.96667 0.03333
0.87851 0.12149
0.43022 0.56978
0.24132 0.75868
0.24132 0.75868
0.57389 0.42611
0.56678 0.43322
0.57484 0.42516
0.57222 0.42778
0.44257 0.55743
0.99033 0.00967
0.40690 0.59310
0.85315 0.14685
0.45868 0.54132
0.93736 0.06264
0.44282 0.55718
0.43823 0.56177
0.93535 0.06465
0.42995 0.57005
0.42566 0.57434
0.16707 0.83293
0.16707 0.83293
0.31265 0.68735
0.24619 0.75381
0.32293 0.67707
0.25478 0.74522
0.31510 0.68490
0.24883 0.75117
0.55136 0.44864
0.83583 0.16417
0.09771 0.90229
0.29252 0.70748
0.79376 0.20624
0.47496 0.52504
0.18305 0.81695
0.35055 0.64945
0.53965 0.46035
0.98571 0.01429
0.28227 0.71773
0.21107 0.78893
0.88670 0.11330
0.89998 0.10002
0.89998 0.10002
0.89998 0.10002
0.89998 0.10002
0.72171 0.27829
0.15215 0.84785
0.18270 0.81730
0.30925 0.69075
0.95361 0.04639
0.43619 0.56381
0.34460 0.65540
0.99801 0.00199
0.99286 0.00714
0.29209 0.70791
0.33158 0.66842
0.41011 0.58989
0.22269 0.77731
0.22540 0.77460
0.24719 0.75281
0.22863 0.77137
0.20943 0.79057
0.18679 0.81321
0.19190 0.80810
0.17985 0.82015
0.17985 0.82015
0.19190 0.80810
0.17985 0.82015
0.70624 0.29376
0.83983 0.16017
0.83983 0.16017
0.32082 0.67918
0.38087 0.61913
0.72334 0.27666
0.72629 0.27371
0.83494 0.16506
0.74253 0.25747
0.78944 0.21056
0.83385 0.16615
0.64925 0.35075
0.92593 0.07407
0.97019 0.02981
0.98715 0.01285
0.97890 0.02110
0.86650 0.13350
0.92285 0.07715
0.89342 0.10658
0.34210 0.65790
0.77517 0.22483
0.67738 0.32262
0.68875 0.31125
0.68875 0.31125
0.99811 0.00189
0.68875 0.31125
0.99814 0.00186
0.99813 0.00187
0.26650 0.73350
0.27836 0.72164
0.29219 0.70781
0.27836 0.72164
0.29219 0.70781
0.16703 0.83297
0.22308 0.77692
0.47490 0.52510
0.98966 0.01034
0.47110 0.52890
0.98977 0.01023
0.97690 0.02310
0.98064 0.01936
0.37164 0.62836
0.47389 0.52611
0.99832 0.00168
0.77358 0.22642
0.99654 0.00346
0.90061 0.09939
0.99970 0.00030
0.99970 0.00030
0.89995 0.10005
0.99967 0.00033
0.99966 0.00034
0.99966 0.00034
0.99967 0.00033
0.51111 0.48889
0.99977 0.00023
0.99977 0.00023
0.50783 0.49217
0.44828 0.55172
0.99966 0.00034
0.99966 0.00034
0.44498 0.55502
0.26135 0.73865
0.43190 0.56810
0.92763 0.07237
0.17025 0.82975
0.19727 0.80273
0.23637 0.76363
0.26651 0.73349
0.24486 0.75514
0.27002 0.72998
0.24253 0.75747
0.18561 0.81439
0.37631 0.62369
0.98759 0.01241
0.37631 0.62369
0.36767 0.63233
0.38747 0.61253
0.26805 0.73195
0.26234 0.73766
0.26776 0.73224
0.99958 0.00042
0.99958 0.00042
0.99500 0.00500
0.99500 0.00500
0.66376 0.33624
0.66376 0.33624
0.68341 0.31659
0.68341 0.31659
0.67482 0.32518
0.67482 0.32518
0.66376 0.33624
0.66376 0.33624
0.68127 0.31873
0.70799 0.29201
0.96308 0.03692
0.99355 0.00645
0.68127 0.31873
0.70799 0.29201
0.68127 0.31873
0.70799 0.29201
0.69824 0.30176
0.72443 0.27557
0.16558 0.83442
0.96903 0.03097
0.23812 0.76188
0.92960 0.07040
0.23874 0.76126
0.90653 0.09347
0.14721 0.85279
0.51563 0.48437
0.55603 0.44397
0.98231 0.01769
0.55893 0.44107
0.69250 0.30750
0.67495 0.32505
0.07805 0.92195
0.89591 0.10409
0.57897 0.42103
0.31503 0.68497
0.28704 0.71296
0.99493 0.00507
0.12298 0.87702
0.66519 0.33481
0.25464 0.74536
0.73741 0.26259
0.95954 0.04046
0.87711 0.12289
0.55287 0.44713
0.15875 0.84125
0.74853 0.25147
0.74853 0.25147
0.12713 0.87287
0.54142 0.45858
0.55588 0.44412
0.78266 0.21734
0.85819 0.14181
0.85819 0.14181
0.08519 0.91481
0.11285 0.88715
0.19190 0.80810
0.30037 0.69963
0.14604 0.85396
0.14610 0.85390
0.22695 0.77305
0.40414 0.59586
0.77991 0.22009
0.21958 0.78042
0.95987 0.04013
0.61394 0.38606
0.95987 0.04013
0.61394 0.38606
0.14194 0.85806
0.61339 0.38661
0.66022 0.33978
0.88542 0.11458
0.48680 0.51320
0.86062 0.13938
0.52670 0.47330
0.80503 0.19497
0.79650 0.20350
0.73122 0.26878
0.74688 0.25312
0.16547 0.83453
0.11861 0.88139
0.83516 0.16484
0.38259 0.61741
0.35065 0.64935
0.30707 0.69293
0.22241 0.77759
0.13160 0.86840
0.19769 0.80231
0.25324 0.74676
0.24213 0.75787
0.75063 0.24937
0.10633 0.89367
0.17438 0.82562
0.46831 0.53169
0.40991 0.59009
0.16031 0.83969
0.07504 0.92496
0.14028 0.85972
0.49281 0.50719
0.50459 0.49541
0.14756 0.85244
0.15226 0.84774
0.94529 0.05471
0.99515 0.00485
0.92652 0.07348
0.96486 0.03514
0.99547 0.00453
0.94529 0.05471
0.99515 0.00485
0.92652 0.07348
0.96486 0.03514
0.99547 0.00453
0.27790 0.72210
0.75448 0.24552
0.27330 0.72670
0.74219 0.25781
0.36226 0.63774
0.18928 0.81072
0.89132 0.10868
0.70008 0.29992
0.61612 0.38388
0.73151 0.26849
0.87072 0.12928
0.80945 0.19055
0.98952 0.01048
0.84176 0.15824
0.99180 0.00820
0.75884 0.24116
0.99945 0.00055
0.67028 0.32972
0.99937 0.00063
0.70902 0.29098
0.76665 0.23335
0.71988 0.28012
0.50988 0.49012
0.66274 0.33726
0.40486 0.59514
0.72277 0.27723
0.95311 0.04689
0.65538 0.34462
0.96140 0.03860
0.99701 0.00299
0.95192 0.04808
0.84130 0.15870
0.96064 0.03936
0.99764 0.00236
0.58567 0.41433
0.92859 0.07141
0.20004 0.79996
0.17481 0.82519
0.17933 0.82067
0.47092 0.52908
0.17129 0.82871
0.78949 0.21051
0.90295 0.09705
0.46627 0.53373
0.83300 0.16700
0.98095 0.01905
0.99484 0.00516
0.55163 0.44837
0.35978 0.64022
0.46248 0.53752
0.88697 0.11303
0.88697 0.11303
0.89427 0.10573
0.69254 0.30746
0.69254 0.30746
0.93891 0.06109
0.66317 0.33683
0.66317 0.33683
0.93051 0.06949
0.50155 0.49845
0.49540 0.50460
0.96694 0.03306
0.88697 0.11303
0.88697 0.11303
0.89427 0.10573
0.66317 0.33683
0.66317 0.33683
0.93051 0.06949
0.88697 0.11303
0.88697 0.11303
0.89427 0.10573
0.97445 0.02555
0.97445 0.02555
0.62196 0.37804
0.62196 0.37804
0.97787 0.02213
0.35974 0.64026
0.62982 0.37018
0.33586 0.66414
0.84436 0.15564
0.82597 0.17403
0.83415 0.16585
0.99976 0.00024
0.36494 0.63506
0.36369 0.63631
0.24455 0.75545
0.30460 0.69540
0.30357 0.69643
0.70283 0.29717
0.32432 0.67568
0.32325 0.67675
0.98890 0.01110
0.99252 0.00748
0.91063 0.08937
0.99927 0.00073
0.99898 0.00102
0.99921 0.00079
0.99925 0.00075
0.75336 0.24664
0.78790 0.21210
0.80298 0.19702
0.72039 0.27961
0.56163 0.43837
0.23165 0.76835
0.97917 0.02083
0.98828 0.01172
0.76537 0.23463
0.84399 0.15601
0.33406 0.66594
0.87292 0.12708
0.72200 0.27800
0.58071 0.41929
0.66921 0.33079
0.82862 0.17138
0.53413 0.46587
0.60315 0.39685
0.88619 0.11381
0.98612 0.01388
0.99184 0.00816
0.62599 0.37401
0.98957 0.01043
0.99370 0.00630
0.56743 0.43257
0.99977 0.00023
0.99992 0.00008
0.51579 0.48421
0.32923 0.67077
0.99999 0.00001
0.99998 0.00002
0.99998 0.00002
0.63159 0.36841
0.56556 0.43444
0.74165 0.25835
0.88925 0.11075
0.24438 0.75562
0.91075 0.08925
0.95375 0.04625
0.92671 0.07329
0.68412 0.31588
0.73537 0.26463
0.10116 0.89884
0.30544 0.69456
0.83924 0.16076
0.87228 0.12772
0.21378 0.78622
0.51149 0.48851
0.57877 0.42123
0.25091 0.74909
0.84619 0.15381
0.84619 0.15381
0.81385 0.18615
0.30708 0.69292
0.63052 0.36948
0.14235 0.85765
0.40096 0.59904
0.97825 0.02175
0.58604 0.41396
0.60317 0.39683
0.53171 0.46829
0.25177 0.74823
0.22302 0.77698
0.22565 0.77435
0.15188 0.84812
0.38779 0.61221
0.60196 0.39804
0.67940 0.32060
0.66783 0.33217
0.18048 0.81952
0.31395 0.68605
0.61969 0.38031
0.65484 0.34516
0.59110 0.40890
0.31395 0.68605
0.61969 0.38031
0.70115 0.29885
0.99320 0.00680
0.69765 0.30235
0.93966 0.06034
0.96116 0.03884
0.66648 0.33352
0.20705 0.79295
0.56233 0.43767
0.76728 0.23272
0.76792 0.23208
0.30197 0.69803
0.32688 0.67312
0.69816 0.30184
0.69648 0.30352
0.25748 0.74252
0.46983 0.53017
0.25748 0.74252
0.46983 0.53017
0.60595 0.39405
0.52901 0.47099
0.81828 0.18172
0.75425 0.24575
0.66788 0.33212
0.98970 0.01030
0.31678 0.68322
0.33482 0.66518
0.98715 0.01285
0.97433 0.02567
0.96728 0.03272
0.96728 0.03272
0.32978 0.67022
0.36557 0.63443
0.36557 0.63443
0.31925 0.68075
0.57397 0.42603
0.57397 0.42603
0.54197 0.45803
0.43831 0.56169
0.86315 0.13685
0.54197 0.45803
0.43831 0.56169
0.86315 0.13685
0.54197 0.45803
0.43831 0.56169
0.86315 0.13685
0.15237 0.84763
0.14982 0.85018
0.15977 0.84023
0.14601 0.85399
0.27978 0.72022
0.59042 0.40958
0.31840 0.68160
0.65540 0.34460
0.63254 0.36746
0.71720 0.28280
0.63662 0.36338
0.99246 0.00754
0.61806 0.38194
0.29323 0.70677
0.67499 0.32501
0.77303 0.22697
0.78610 0.21390
0.98682 0.01318
0.99798 0.00202
0.99970 0.00030
0.59679 0.40321
0.99881 0.00119
0.69127 0.30873
0.99881 0.00119
0.69176 0.30824
0.91615 0.08385
0.91271 0.08729
0.72472 0.27528
0.91271 0.08729
0.61947 0.38053
0.31392 0.68608
0.11815 0.88185
0.58174 0.41826
0.94100 0.05900
0.98767 0.01233
0.95450 0.04550
0.58174 0.41826
0.94100 0.05900
0.21295 0.78705
0.18440 0.81560
0.21782 0.78218
0.44621 0.55379
0.49486 0.50514
0.18734 0.81266
0.99890 0.00110
0.99772 0.00228
0.32740 0.67260
0.36075 0.63925
0.31382 0.68618
0.99995 0.00005
0.99997 0.00003
0.99653 0.00347
0.99982 0.00018
0.32807 0.67193
0.96808 0.03192
0.95342 0.04658
0.23007 0.76993
0.99951 0.00049
0.26488 0.73512
0.83025 0.16975
0.98598 0.01402
0.99980 0.00020
0.99559 0.00441
0.88534 0.11466
0.99935 0.00065
0.99955 0.00045
0.90833 0.09167
0.90051 0.09949
0.99972 0.00028
0.22317 0.77683
0.71916 0.28084
0.86220 0.13780
0.78889 0.21111
0.81971 0.18029
0.83549 0.16451
0.79208 0.20792
0.72231 0.27769
0.74629 0.25371
0.66908 0.33092
0.92290 0.07710
0.96018 0.03982
0.73674 0.26326
0.92021 0.07979
0.62187 0.37813
0.28800 0.71200
0.65662 0.34338
0.88518 0.11482
0.13571 0.86429
0.53402 0.46598
0.79367 0.20633
0.31485 0.68515
0.31147 0.68853
0.80417 0.19583
0.18974 0.81026
0.20415 0.79585
0.99968 0.00032
0.24193 0.75807
0.30198 0.69802
0.19810 0.80190
0.64093 0.35907
0.40092 0.59908
0.66736 0.33264
0.99807 0.00193
0.40721 0.59279
0.84903 0.15097
0.88442 0.11558
0.99967 0.00033
0.98497 0.01503
0.79213 0.20787
0.42682 0.57318
0.58452 0.41548
0.67647 0.32353
0.70358 0.29642
0.62495 0.37505
0.11359 0.88641
0.28994 0.71006
0.27522 0.72478
0.78048 0.21952
0.92944 0.07056
0.91225 0.08775
0.77091 0.22909
0.29557 0.70443
0.99982 0.00018
0.10790 0.89210
0.21542 0.78458
0.18799 0.81201
0.37825 0.62175
0.14451 0.85549
0.13566 0.86434
0.97727 0.02273
0.06974 0.93026
0.19500 0.80500
0.74711 0.25289
0.17541 0.82459
0.16885 0.83115
0.73476 0.26524
0.99993 0.00007
0.70703 0.29297
0.78133 0.21867
0.90296 0.09704
0.84195 0.15805
0.86965 0.13035
0.78721 0.21279
0.99836 0.00164
0.80791 0.19209
0.86965 0.13035
0.78721 0.21279
0.38649 0.61351
0.35699 0.64301
0.35621 0.64379
0.22577 0.77423
0.91189 0.08811
0.30791 0.69209
0.98932 0.01068
0.28652 0.71348
0.28686 0.71314
0.98101 0.01899
0.48163 0.51837
0.40057 0.59943
0.44460 0.55540
0.40155 0.59845
0.46962 0.53038
0.40155 0.59845
0.44562 0.55438
0.13951 0.86049
0.99973 0.00027
0.31264 0.68736
0.35523 0.64477
0.98669 0.01331
0.96917 0.03083
0.41153 0.58847
0.46611 0.53389
0.80571 0.19429
0.44602 0.55398
0.29122 0.70878
0.26479 0.73521
0.78296 0.21704
0.80488 0.19512
0.73793 0.26207
0.38250 0.61750
0.79005 0.20995
0.14696 0.85304
0.69703 0.30297
0.17070 0.82930
0.55117 0.44883
0.55117 0.44883
0.27985 0.72015
0.63051 0.36949
0.62987 0.37013
0.89136 0.10864
0.83916 0.16084
0.71601 0.28399
0.89136 0.10864
0.30529 0.69471
0.74461 0.25539
0.64941 0.35059
0.80827 0.19173
0.55448 0.44552
0.57447 0.42553
0.59097 0.40903
0.66627 0.33373
0.66627 0.33373
0.50777 0.49223
0.50777 0.49223
0.55234 0.44766
0.55234 0.44766
0.53058 0.46942
0.53058 0.46942
0.56085 0.43915
0.59294 0.40706
0.51320 0.48680
0.58061 0.41939
0.54775 0.45225
0.63117 0.36883
0.69212 0.30788
0.66352 0.33648
0.52775 0.47225
0.52775 0.47225
0.92607 0.07393
0.69062 0.30938
0.73094 0.26906
0.63449 0.36551
0.46325 0.53675
0.53006 0.46994
0.15996 0.84004
0.26678 0.73322
0.21830 0.78170
0.21830 0.78170
0.61964 0.38036
0.61964 0.38036
0.22525 0.77475
0.22525 0.77475
0.20719 0.79281
0.61571 0.38429
0.58646 0.41354
0.87648 0.12352
0.87648 0.12352
0.88712 0.11288
0.80050 0.19950
0.37036 0.62964
0.32462 0.67538
0.63000 0.37000
0.62845 0.37155
0.28631 0.71369
0.49139 0.50861
0.88121 0.11879
0.55750 0.44250
0.87172 0.12828
0.99314 0.00686
0.89827 0.10173
0.50282 0.49718
0.81714 0.18286
0.26631 0.73369
0.91092 0.08908
0.99645 0.00355
0.93231 0.06769
0.49250 0.50750
0.48453 0.51547
0.52340 0.47660
0.53653 0.46347
0.91893 0.08107
0.83820 0.16180
0.83820 0.16180
0.83820 0.16180
0.83820 0.16180
0.86232 0.13768
0.88290 0.11710
0.86232 0.13768
0.88290 0.11710
0.10602 0.89398
0.90186 0.09814
0.99099 0.00901
0.33611 0.66389
0.77378 0.22622
0.78145 0.21855
0.51204 0.48796
0.59681 0.40319
0.60586 0.39414
0.59681 0.40319
0.77397 0.22603
0.64099 0.35901
0.64099 0.35901
0.62859 0.37141
0.62859 0.37141
0.74206 0.25794
0.75077 0.24923
0.74206 0.25794
0.75077 0.24923
0.14538 0.85462
0.59504 0.40496
0.63270 0.36730
0.39899 0.60101
0.47934 0.52066
0.18618 0.81382
0.18049 0.81951
0.78768 0.21233
0.83475 0.16525
0.17912 0.82088
0.92877 0.07123
0.41134 0.58866
0.30829 0.69171
0.38629 0.61371
0.30216 0.69784
0.21759 0.78241
0.24370 0.75630
0.22787 0.77213
0.21480 0.78520
0.98557 0.01443
0.97584 0.02416
0.72040 0.27960
0.88194 0.11806
0.96050 0.03950
0.96050 0.03950
0.96096 0.03904
0.96096 0.03904
0.21965 0.78035
0.32267 0.67733
0.82071 0.17929
0.86840 0.13160
0.60029 0.39971
0.51292 0.48708
0.80654 0.19346
0.74774 0.25226
0.80654 0.19346
0.33867 0.66133
0.28998 0.71002
0.62028 0.37972
0.54682 0.45318
0.98596 0.01404
0.20923 0.79077
0.22790 0.77210
0.22254 0.77746
0.28800 0.71200
0.32298 0.67702
0.31271 0.68729
0.65016 0.34984
0.72247 0.27753
0.75195 0.24805
0.91624 0.08376
0.85781 0.14219
0.50000 0.50000
0.22505 0.77495
0.67998 0.32002
0.77731 0.22269
0.40447 0.59553
0.88280 0.11720
0.23910 0.76090
0.79376 0.20624
0.69960 0.30040
0.60804 0.39196
0.94441 0.05559
0.94441 0.05559
0.62111 0.37889
0.37169 0.62831
0.76002 0.23998
0.62111 0.37889
0.76002 0.23998
0.98347 0.01653
0.99306 0.00694
0.41843 0.58157
0.98347 0.01653
0.41843 0.58157
0.52688 0.47312
0.99217 0.00783
0.94194 0.05806
0.99720 0.00280
0.94080 0.05920
0.91863 0.08137
0.98713 0.01287
0.77319 0.22681
0.72714 0.27286
0.98932 0.01068
0.75778 0.24222
0.61286 0.38714
0.54686 0.45314
0.77031 0.22969
0.77031 0.22969
0.74469 0.25531
0.84504 0.15496
0.86183 0.13817
0.18423 0.81577
0.78001 0.21999
0.70715 0.29285
0.85150 0.14850
0.98939 0.01061
0.93372 0.06628
0.73043 0.26957
0.99961 0.00039
0.16743 0.83257
0.73646 0.26354
0.19879 0.80121
0.92426 0.07574
0.86998 0.13002
0.43405 0.56595
0.90167 0.09833
0.97731 0.02269
0.87562 0.12438
0.97728 0.02272
0.97731 0.02269
0.87562 0.12438
0.97728 0.02272
0.99651 0.00349
0.85195 0.14805
0.99652 0.00348
0.99651 0.00349
0.85195 0.14805
0.99652 0.00348
0.91453 0.08547
0.17741 0.82259
0.87623 0.12377
0.91337 0.08663
0.12773 0.87227
0.94601 0.05399
0.96943 0.03057
0.94866 0.05134
0.97785 0.02215
0.74064 0.25936
0.95379 0.04621
0.27972 0.72028
0.95825 0.04175
0.87782 0.12218
0.99394 0.00606
0.87785 0.12215
0.87785 0.12215
0.47846 0.52154
0.49908 0.50092
0.21666 0.78334
0.89202 0.10798
0.98512 0.01488
0.75000 0.25000
0.17241 0.82759
0.17191 0.82809
0.70137 0.29863
0.17584 0.82416
0.18821 0.81179
0.19044 0.80956
0.08258 0.91742
0.25840 0.74160
0.16467 0.83533
0.73787 0.26213
0.27310 0.72690
0.99965 0.00035
0.99963 0.00037
0.99965 0.00035
0.99965 0.00035
0.99510 0.00490
0.83274 0.16726
0.78177 0.21823
0.85080 0.14920
0.86747 0.13253
0.42741 0.57259
0.25391 0.74609
0.25033 0.74967
0.26335 0.73665
0.20959 0.79041
0.21687 0.78313
0.34088 0.65912
0.75484 0.24516
0.27105 0.72895
0.28873 0.71127
0.97862 0.02138
0.97975 0.02025
0.99840 0.00160
0.99840 0.00160
0.99844 0.00156
0.99844 0.00156
0.99909 0.00091
0.99909 0.00091
0.99906 0.00094
0.90242 0.09758
0.42256 0.57744
0.99963 0.00037
0.49098 0.50902
0.99963 0.00037
0.98529 0.01471
0.98595 0.01405
0.98595 0.01405
0.16918 0.83082
0.27147 0.72853
0.29996 0.70004
0.10147 0.89853
0.56127 0.43873
0.46469 0.53531
0.80442 0.19558
0.22609 0.77391
0.62719 0.37281
0.30274 0.69726
0.93301 0.06699
0.92005 0.07995
0.37821 0.62179
0.34795 0.65205
0.33611 0.66389
0.98840 0.01160
0.73270 0.26730
0.13916 0.86084
0.83769 0.16231
0.14398 0.85602
0.16283 0.83717
0.31591 0.68409
0.27458 0.72542
0.35295 0.64705
0.91524 0.08476
0.28152 0.71848
0.65364 0.34636
0.42402 0.57598
0.94616 0.05384
0.96334 0.03666
0.94407 0.05593
0.97007 0.02993
0.95416 0.04584
0.98973 0.01027
0.18189 0.81811
0.99046 0.00954
0.99046 0.00954
0.99046 0.00954
0.98880 0.01120
0.98880 0.01120
0.98880 0.01120
0.23896 0.76104
0.36390 0.63610
0.99946 0.00054
0.94187 0.05813
0.99692 0.00308
0.93428 0.06572
0.84143 0.15857
0.92115 0.07885
0.99692 0.00308
0.93428 0.06572
0.82609 0.17391
0.45052 0.54948
0.17522 0.82478
0.96720 0.03280
0.99037 0.00963
0.95733 0.04267
0.98841 0.01159
0.22898 0.77102
0.30669 0.69331
0.54679 0.45321
0.72573 0.27427
0.70633 0.29367
0.41278 0.58722
0.34964 0.65036
0.37448 0.62552
0.21742 0.78258
0.21742 0.78258
0.22518 0.77482
0.22518 0.77482
0.29187 0.70813
0.91462 0.08538
0.94996 0.05004
0.65395 0.34605
0.74469 0.25531
0.97295 0.02705
0.14626 0.85374
0.71184 0.28816
0.99402 0.00598
0.99980 0.00020
0.40498 0.59502
0.94760 0.05240
0.94760 0.05240
0.94760 0.05240
0.75806 0.24194
0.75806 0.24194
0.75806 0.24194
0.94760 0.05240
0.94760 0.05240
0.94760 0.05240
0.94760 0.05240
0.94760 0.05240
0.94760 0.05240
0.92099 0.07901
0.98387 0.01613
0.56269 0.43731
0.99800 0.00200
0.98431 0.01569
0.55871 0.44129
0.52397 0.47603
0.76399 0.23601
0.72047 0.27953
0.99967 0.00033
0.47636 0.52364
0.99967 0.00033
0.09983 0.90017
0.98707 0.01293
0.98303 0.01697
0.43755 0.56245
0.43804 0.56196
0.43766 0.56234
0.14399 0.85601
0.27091 0.72909
0.45739 0.54261
0.37532 0.62468
0.42413 0.57587
0.06939 0.93061
0.59052 0.40948
0.74324 0.25676
0.20617 0.79383
0.31258 0.68742
0.99633 0.00367
0.94933 0.05067
0.97167 0.02833
0.81305 0.18695
0.98784 0.01216
0.99028 0.00972
0.99047 0.00953
0.40573 0.59427
0.28104 0.71896
0.21296 0.78704
0.21296 0.78704
0.20702 0.79298
0.34418 0.65582
0.29143 0.70857
0.34319 0.65681
0.34319 0.65681
0.94229 0.05771
0.88784 0.11216
0.88775 0.11225
0.90563 0.09437
0.90482 0.09518
0.95169 0.04831
0.95133 0.04867
0.27935 0.72065
0.27935 0.72065
0.12995 0.87005
0.92644 0.07356
0.99395 0.00605
0.25214 0.74786
0.46377 0.53623
0.20365 0.79635
0.19756 0.80244
0.20365 0.79635
0.19756 0.80244
0.19906 0.80094
0.27442 0.72558
0.13676 0.86324
0.20935 0.79065
0.25791 0.74209
0.26816 0.73184
0.29243 0.70757
0.29243 0.70757
0.35832 0.64168
0.35855 0.64145
0.98798 0.01202
0.74345 0.25655
0.54559 0.45441
0.84407 0.15593
0.70164 0.29836
0.70164 0.29836
0.84907 0.15093
0.70912 0.29088
0.70912 0.29088
0.23771 0.76229
0.54273 0.45727
0.55124 0.44876
0.24798 0.75202
0.42977 0.57023
0.42218 0.57782
0.42218 0.57782
0.23514 0.76486
0.51888 0.48112
0.21098 0.78902
0.16540 0.83460
0.10454 0.89546
0.16027 0.83973
0.93248 0.06752
0.99417 0.00583
0.24747 0.75253
0.74209 0.25791
0.11102 0.88898
0.95256 0.04744
0.99874 0.00126
0.99455 0.00545
0.99994 0.00006
0.99591 0.00409
0.08457 0.91543
0.28935 0.71065
0.15709 0.84291
0.75621 0.24379
0.19241 0.80759
0.36616 0.63384
0.97984 0.02016
0.99256 0.00744
0.99581 0.00419
0.99581 0.00419
0.06069 0.93931
0.42446 0.57554
0.73067 0.26933
0.34487 0.65513
0.99766 0.00234
0.67956 0.32044
0.70738 0.29262
0.99975 0.00025
0.99971 0.00029
0.99976 0.00024
0.41712 0.58288
0.99745 0.00255
0.40244 0.59756
0.99730 0.00270
0.40540 0.59460
0.99726 0.00274
0.42361 0.57639
0.99763 0.00237
0.42396 0.57604
0.54590 0.45410
0.25060 0.74940
0.86591 0.13409
0.79775 0.20225
0.81955 0.18045
0.90690 0.09310
0.90602 0.09398
0.90023 0.09977
0.95029 0.04971
0.95098 0.04902
0.94727 0.05273
0.95301 0.04699
0.95032 0.04968
0.95032 0.04968
0.90524 0.09476
0.90067 0.09933
0.90067 0.09933
0.13151 0.86849
0.90195 0.09805
0.50745 0.49255
0.92744 0.07256
0.37016 0.62984
0.95292 0.04708
0.86983 0.13017
0.93620 0.06380
0.91882 0.08118
0.25781 0.74219
0.32103 0.67897
0.69238 0.30762
0.85791 0.14209
0.73574 0.26426
0.14857 0.85143
0.13915 0.86085
0.14840 0.85160
0.14857 0.85143
0.13915 0.86085
0.14840 0.85160
0.98892 0.01108
0.34450 0.65550
0.36847 0.63153
0.35186 0.64814
0.99571 0.00429
0.66504 0.33496
0.58924 0.41076
0.99573 0.00427
0.56498 0.43502
0.62290 0.37710
0.99394 0.00606
0.99727 0.00273
0.56202 0.43798
0.99516 0.00484
0.97437 0.02563
0.62605 0.37395
0.99443 0.00557
0.48799 0.51201
0.51196 0.48804
0.48973 0.51027
0.99443 0.00557
0.98090 0.01910
0.97012 0.02988
0.98090 0.01910
0.96996 0.03004
0.99930 0.00070
0.47513 0.52487
0.42127 0.57873
0.47513 0.52487
0.41868 0.58132
0.58919 0.41081
0.45097 0.54903
0.39747 0.60253
0.45097 0.54903
0.39475 0.60525
0.56548 0.43452
0.98090 0.01910
0.97012 0.02988
0.98090 0.01910
0.96996 0.03004
0.99930 0.00070
0.45243 0.54757
0.39903 0.60097
0.45243 0.54757
0.39621 0.60379
0.56692 0.43308
0.99988 0.00012
0.99771 0.00229
0.99979 0.00021
0.57235 0.42765
0.82777 0.17223
0.94464 0.05536
0.93605 0.06395
0.78815 0.21185
0.78815 0.21185
0.93605 0.06395
0.94497 0.05503
0.93653 0.06347
0.78792 0.21208
0.78792 0.21208
0.93653 0.06347
0.93382 0.06618
0.92456 0.07544
0.76482 0.23518
0.76482 0.23518
0.92456 0.07544
0.46512 0.53488
0.99178 0.00822
0.43977 0.56023
0.43977 0.56023
0.99178 0.00822
0.99301 0.00699
0.90009 0.09991
0.89527 0.10473
0.89527 0.10473
0.90009 0.09991
0.99363 0.00637
0.90802 0.09198
0.46577 0.53423
0.46577 0.53423
0.90802 0.09198
0.99363 0.00637
0.90802 0.09198
0.46577 0.53423
0.46577 0.53423
0.90802 0.09198
0.93427 0.06573
0.22388 0.77612
0.10427 0.89573
0.30816 0.69184
0.17221 0.82779
0.15071 0.84929
0.28589 0.71411
0.53679 0.46321
0.52793 0.47207
0.57715 0.42285
0.59850 0.40150
0.16242 0.83758
0.49701 0.50299
0.37276 0.62724
0.41990 0.58010
0.36609 0.63391
0.15781 0.84219
0.34775 0.65225
0.26501 0.73499
0.25434 0.74566
0.56427 0.43573
0.70535 0.29465
0.98069 0.01931
0.65115 0.34885
0.97405 0.02595
0.70535 0.29465
0.98069 0.01931
0.65115 0.34885
0.97405 0.02595
0.72182 0.27818
0.92952 0.07048
0.72182 0.27818
0.92952 0.07048
0.66866 0.33134
0.90875 0.09125
0.73591 0.26409
0.92952 0.07048
0.95353 0.04647
0.82902 0.17098
0.95353 0.04647
0.82902 0.17098
0.93989 0.06011
0.78692 0.21308
0.60939 0.39061
0.58108 0.41892
0.90013 0.09987
0.60939 0.39061
0.58108 0.41892
0.90013 0.09987
0.56364 0.43636
0.53455 0.46545
0.87799 0.12201
0.97661 0.02339
0.30538 0.69462
0.40255 0.59745
0.58518 0.41482
0.31080 0.68920
0.66748 0.33252
0.34441 0.65559
0.99556 0.00443
0.99562 0.00438
0.33290 0.66710
0.96249 0.03751
0.73986 0.26014
0.98015 0.01985
0.29579 0.70421
0.99597 0.00403
0.96791 0.03209
0.99338 0.00662
0.79176 0.20824
0.95343 0.04657
0.96497 0.03503
0.79561 0.20439
0.67034 0.32966
0.71883 0.28117
0.20240 0.79760
0.15594 0.84406
0.16635 0.83365
0.98508 0.01492
0.98508 0.01492
0.98508 0.01492
0.31721 0.68279
0.34866 0.65134
0.31721 0.68279
0.34866 0.65134
0.31721 0.68279
0.34866 0.65134
0.31721 0.68279
0.34866 0.65134
0.77560 0.22440
0.81596 0.18404
0.77560 0.22440
0.81596 0.18404
0.31721 0.68279
0.34866 0.65134
0.31721 0.68279
0.34866 0.65134
0.32559 0.67441
0.85712 0.14288
0.32559 0.67441
0.23395 0.76605
0.81271 0.18729
0.20921 0.79079
0.21617 0.78383
0.75531 0.24469
0.84624 0.15376
0.31546 0.68454
0.88919 0.11081
0.25431 0.74569
0.72534 0.27466
0.27045 0.72955
0.95762 0.04238
0.99506 0.00494
0.72878 0.27122
0.73477 0.26523
0.26684 0.73316
0.73477 0.26523
0.26684 0.73316
0.80326 0.19674
0.84724 0.15276
0.44139 0.55861
0.44576 0.55424
0.30006 0.69994
0.42472 0.57528
0.42904 0.57096
0.69698 0.30302
0.63668 0.36332
0.45438 0.54562
0.45438 0.54562
0.45438 0.54562
0.45438 0.54562
0.66585 0.33415
0.30059 0.69941
0.35767 0.64233
0.31553 0.68447
0.18812 0.81188
0.18981 0.81019
0.72666 0.27334
0.60675 0.39325
0.25794 0.74206
0.30889 0.69111
0.27170 0.72830
0.52042 0.47958
0.42988 0.57012
0.40261 0.59739
0.21125 0.78875
0.96496 0.03504
0.23353 0.76647
0.26543 0.73457
0.93643 0.06357
0.88451 0.11549
0.22774 0.77226
0.21257 0.78743
0.14512 0.85488
0.48919 0.51081
0.22232 0.77768
0.64190 0.35810
0.59832 0.40168
0.17985 0.82015
0.17242 0.82758
0.68302 0.31698
0.17046 0.82954
0.18014 0.81986
0.52230 0.47770
0.15344 0.84656
0.10004 0.89996
0.46233 0.53767
0.33241 0.66759
0.46233 0.53767
0.33241 0.66759
0.18858 0.81142
0.28165 0.71835
0.42470 0.57530
0.59200 0.40800
0.65115 0.34885
0.57942 0.42058
0.75109 0.24891
0.21738 0.78262
0.41233 0.58767
0.64106 0.35894
0.41233 0.58767
0.64106 0.35894
0.97706 0.02294
0.62598 0.37402
0.97706 0.02294
0.81370 0.18630
0.81289 0.18711
0.52925 0.47075
0.52866 0.47134
0.52925 0.47075
0.52866 0.47134
0.52925 0.47075
0.52925 0.47075
0.86784 0.13216
0.86816 0.13184
0.62365 0.37635
0.98868 0.01132
0.25305 0.74695
0.62389 0.37611
0.55429 0.44571
0.57240 0.42760
0.98196 0.01804
0.45105 0.54895
0.44080 0.55920
0.29565 0.70435
0.27329 0.72671
0.66800 0.33200
0.19131 0.80869
0.19917 0.80083
0.20364 0.79636
0.48173 0.51827
0.22903 0.77097
0.80086 0.19914
0.46412 0.53588
0.59873 0.40127
0.20023 0.79977
0.20023 0.79977
0.20023 0.79977
0.20576 0.79424
0.20576 0.79424
0.20576 0.79424
0.22621 0.77379
0.22621 0.77379
0.22621 0.77379
0.97182 0.02818
0.95876 0.04124
0.98027 0.01973
0.40516 0.59484
0.38242 0.61758
0.99874 0.00126
0.35370 0.64630
0.95154 0.04846
0.91834 0.08166
0.38605 0.61395
0.38760 0.61240
0.99393 0.00607
0.99711 0.00289
0.94173 0.05827
0.99604 0.00396
0.99750 0.00250
0.99984 0.00016
0.92227 0.07773
0.98532 0.01468
0.26131 0.73869
0.52574 0.47426
0.13556 0.86444
0.36106 0.63894
0.37863 0.62137
0.99650 0.00350
0.99558 0.00442
0.14418 0.85582
0.52141 0.47859
0.87592 0.12408
0.99980 0.00020
0.99467 0.00533
0.89662 0.10338
0.24406 0.75594
0.66105 0.33895
0.89375 0.10625
0.18696 0.81304
0.85487 0.14513
0.40142 0.59858
0.38938 0.61062
0.42684 0.57316
0.40987 0.59013
0.42724 0.57276
0.52112 0.47888
0.52707 0.47293
0.52112 0.47888
0.52707 0.47293
0.32365 0.67635
0.99938 0.00062
0.43210 0.56790
0.99934 0.00066
0.33913 0.66087
0.31563 0.68437
0.31563 0.68437
0.36678 0.63322
0.28183 0.71817
0.23122 0.76878
0.54170 0.45830
0.86233 0.13767
0.31441 0.68559
0.28923 0.71077
0.29422 0.70578
0.18382 0.81618
0.55469 0.44531
0.68105 0.31895
0.62387 0.37613
0.82464 0.17536
0.53819 0.46181
0.49787 0.50213
0.42524 0.57476
0.72943 0.27057
0.55659 0.44341
0.84656 0.15344
0.55659 0.44341
0.85472 0.14528
0.20015 0.79985
0.32155 0.67845
0.96492 0.03508
0.32155 0.67845
0.32155 0.67845
0.96513 0.03487
0.32155 0.67845
0.21315 0.78685
0.74540 0.25460
0.25912 0.74088
0.22624 0.77376
0.26269 0.73731
0.24225 0.75775
0.25912 0.74088
0.22624 0.77376
0.26269 0.73731
0.24225 0.75775
0.09218 0.90782
0.58674 0.41326
0.57543 0.42457
0.28484 0.71516
0.66778 0.33222
0.61082 0.38918
0.25414 0.74586
0.25414 0.74586
0.26556 0.73444
0.99005 0.00995
0.82299 0.17701
0.82521 0.17479
0.23086 0.76914
0.74335 0.25665
0.76589 0.23411
0.53228 0.46772
0.99698 0.00302
0.99698 0.00302
0.99988 0.00012
0.99721 0.00279
0.99721 0.00279
0.53567 0.46433
0.99580 0.00420
0.99606 0.00394
0.42744 0.57256
0.42913 0.57087
0.42913 0.57087
0.33334 0.66666
0.33510 0.66490
0.33510 0.66490
0.99696 0.00304
0.38855 0.61145
0.38855 0.61145
0.92216 0.07784
0.65749 0.34251
0.74791 0.25209
0.98442 0.01558
0.20266 0.79734
0.17504 0.82496
0.22401 0.77599
0.23802 0.76198
0.82483 0.17517
0.90938 0.09062
0.99865 0.00135
0.97025 0.02975
0.98946 0.01054
0.34852 0.65148
0.36313 0.63687
0.96738 0.03262
0.40034 0.59966
0.24140 0.75860
0.95175 0.04825
0.99240 0.00760
0.97513 0.02487
0.76537 0.23463
0.71450 0.28550
0.81890 0.18110
0.97318 0.02682
0.73700 0.26300
0.66614 0.33386
0.97993 0.02007
0.66614 0.33386
0.97790 0.02210
0.97790 0.02210
0.97790 0.02210
0.57677 0.42323
0.72775 0.27225
0.81248 0.18752
0.81248 0.18752
0.63275 0.36725
0.73203 0.26797
0.23672 0.76328
0.32095 0.67905
0.34541 0.65459
0.40018 0.59982
0.43892 0.56108
0.92870 0.07130
0.66343 0.33657
0.66343 0.33657
0.88719 0.11281
0.15703 0.84297
0.20387 0.79613
0.70154 0.29846
0.99985 0.00015
0.79487 0.20513
0.25065 0.74935
0.77375 0.22625
0.31334 0.68666
0.99735 0.00265
0.78373 0.21627
0.90411 0.09589
0.99945 0.00055
0.71528 0.28472
0.14707 0.85293
0.59020 0.40980
0.20881 0.79119
0.99407 0.00593
0.99984 0.00016
0.99407 0.00593
0.99984 0.00016
0.99871 0.00129
0.31590 0.68410
0.76166 0.23834
0.82268 0.17732
0.83632 0.16368
0.76496 0.23504
0.81388 0.18612
0.82631 0.17369
0.66772 0.33228
0.73125 0.26875
0.74604 0.25396
0.90037 0.09963
0.24046 0.75954
0.99803 0.00197
0.38418 0.61582
0.81411 0.18589
0.42520 0.57480
0.37596 0.62404
0.42520 0.57480
0.37596 0.62404
0.24712 0.75288
0.21334 0.78666
0.20944 0.79056
0.97729 0.02271
0.80235 0.19765
0.37434 0.62566
0.97729 0.02271
0.80235 0.19765
0.37434 0.62566
0.76632 0.23368
0.32685 0.67315
0.38175 0.61825
0.77052 0.22948
0.38175 0.61825
0.77052 0.22948
0.99321 0.00679
0.67410 0.32590
0.13031 0.86969
0.13113 0.86887
0.12558 0.87442
0.17036 0.82964
0.80879 0.19121
0.95342 0.04658
0.25796 0.74204
0.64107 0.35893
0.84428 0.15572
0.79344 0.20656
0.25009 0.74991
0.68947 0.31053
0.98763 0.01237
0.27576 0.72424
0.18282 0.81718
0.99237 0.00763
0.99814 0.00186
0.78604 0.21396
0.96473 0.03527
0.44285 0.55715
0.96473 0.03527
0.96473 0.03527
0.29037 0.70963
0.97782 0.02218
0.99291 0.00709
0.97782 0.02218
0.97774 0.02226
0.80466 0.19534
0.25002 0.74998
0.83966 0.16034
0.62788 0.37212
0.53037 0.46963
0.71777 0.28223
0.94655 0.05345
0.69832 0.30168
0.36250 0.63750
0.91177 0.08823
0.81942 0.18058
0.91224 0.08776
0.98826 0.01174
0.99701 0.00299
0.86321 0.13679
0.89780 0.10220
0.55321 0.44679
0.89420 0.10580
0.55321 0.44679
0.89420 0.10580
0.99992 0.00008
0.31939 0.68061
0.95789 0.04211
0.51270 0.48730
0.53238 0.46762
0.94831 0.05169
0.99979 0.00021
0.81223 0.18777
0.99883 0.00117
0.83335 0.16665
0.35924 0.64076
0.25567 0.74433
0.43253 0.56747
0.98330 0.01670
0.55269 0.44731
0.98452 0.01548
0.62012 0.37988
0.21740 0.78260
0.66186 0.33814
0.14652 0.85348
0.93063 0.06937
0.94374 0.05626
0.12607 0.87393
0.98652 0.01348
0.99434 0.00566
0.98538 0.01462
0.36336 0.63664
0.41681 0.58319
0.90969 0.09031
0.19945 0.80055
0.45192 0.54808
0.99913 0.00087
0.98166 0.01834
0.99859 0.00141
0.97485 0.02515
0.30209 0.69791
0.82028 0.17972
0.99080 0.00920
0.42534 0.57466
0.99954 0.00046
0.99934 0.00066
0.99975 0.00025
0.99934 0.00066
0.99975 0.00025
0.99957 0.00043
0.94439 0.05561
0.58376 0.41624
0.88308 0.11692
0.52959 0.47041
0.76854 0.23146
0.33280 0.66720
0.90717 0.09283
0.23718 0.76282
0.87221 0.12779
0.84213 0.15787
0.88512 0.11488
0.24501 0.75499
0.85366 0.14634
0.99989 0.00011
0.38801 0.61199
0.74642 0.25358
0.80321 0.19679
0.74642 0.25358
0.75505 0.24495
0.28537 0.71463
0.15308 0.84692
0.26103 0.73897
0.25384 0.74616
0.98553 0.01447
0.18979 0.81021
0.17096 0.82904
0.47983 0.52017
0.40089 0.59911
0.94178 0.05822
0.47796 0.52204
0.98306 0.01694
0.43943 0.56057
0.41395 0.58605
0.38900 0.61100
0.18424 0.81576
0.23534 0.76466
0.23157 0.76843
0.22270 0.77730
0.32376 0.67624
0.23139 0.76861
0.76161 0.23839
0.27235 0.72765
0.98558 0.01442
0.99977 0.00023
0.98811 0.01189
0.90245 0.09755
0.86356 0.13644
0.40212 0.59787
0.20500 0.79500
0.17571 0.82429
0.69821 0.30179
0.16268 0.83732
0.53263 0.46737
0.58338 0.41662
0.29169 0.70831
0.97472 0.02528
0.82936 0.17064
0.98761 0.01239
0.17407 0.82593
0.93526 0.06474
0.17269 0.82731
0.21408 0.78592
0.22932 0.77068
0.21408 0.78592
0.22932 0.77068
0.51262 0.48738
0.51262 0.48738
0.98912 0.01088
0.99889 0.00111
0.96273 0.03727
0.51262 0.48738
0.51262 0.48738
0.51262 0.48738
0.98912 0.01088
0.99889 0.00111
0.96273 0.03727
0.51262 0.48738
0.33418 0.66582
0.98045 0.01955
0.98938 0.01062
0.33418 0.66582
0.33418 0.66582
0.98045 0.01955
0.98938 0.01062
0.33418 0.66582
0.97623 0.02377
0.36685 0.63315
0.42272 0.57728
0.95164 0.04836
0.94026 0.05974
0.18993 0.81007
0.18655 0.81345
0.27482 0.72518
0.71902 0.28098
0.81326 0.18674
0.86283 0.13717
0.82860 0.17140
0.35443 0.64557
0.39793 0.60207
0.38002 0.61998
0.98454 0.01546
0.38002 0.61998
0.39673 0.60327
0.98454 0.01546
0.34862 0.65138
0.34862 0.65138
0.84589 0.15411
0.31039 0.68961
0.68905 0.31095
0.89631 0.10369
0.53453 0.46547
0.55971 0.44029
0.68939 0.31061
0.13675 0.86325
0.22830 0.77170
0.81461 0.18539
0.18124 0.81876
0.25962 0.74038
0.76503 0.23497
0.75117 0.24883
0.99564 0.00436
0.99330 0.00670
0.96923 0.03077
0.99730 0.00270
0.99597 0.00403
0.99563 0.00437
0.98156 0.01844
0.96404 0.03596
0.34994 0.65006
0.31638 0.68362
0.96079 0.03921
0.96079 0.03921
0.93646 0.06354
0.93646 0.06354
0.98157 0.01843
0.96943 0.03057
0.96669 0.03331
0.39999 0.60001
0.35419 0.64581
0.79021 0.20979
0.80416 0.19584
0.68639 0.31361
0.70460 0.29540
0.68728 0.31272
0.15487 0.84513
0.92864 0.07136
0.20427 0.79574
0.99620 0.00380
0.33838 0.66162
0.17449 0.82551
0.12512 0.87488
0.16699 0.83301
0.39032 0.60968
0.19739 0.80261
0.93640 0.06360
0.78877 0.21123
0.79192 0.20808
0.14932 0.85068
0.18532 0.81468
0.62099 0.37901
0.25158 0.74842
0.97365 0.02635
0.99936 0.00064
0.71767 0.28233
0.90874 0.09126
0.28151 0.71849
0.83744 0.16256
0.92531 0.07469
0.48966 0.51034
0.48409 0.51591
0.96697 0.03303
0.99351 0.00649
0.37412 0.62588
0.98969 0.01031
0.12040 0.87960
0.30344 0.69656
0.98011 0.01989
0.99996 0.00004
0.99999 0.00001
0.96882 0.03118
0.99254 0.00746
0.99808 0.00192
0.83818 0.16182
0.12981 0.87019
0.39786 0.60214
0.16963 0.83037
0.97459 0.02541
0.13031 0.86969
0.99284 0.00716
0.99538 0.00462
0.24645 0.75355
0.29898 0.70102
0.98901 0.01099
0.99209 0.00791
0.99314 0.00686
0.89731 0.10269
0.93481 0.06519
0.20655 0.79345
0.19085 0.80915
0.99161 0.00839
0.37324 0.62676
0.88524 0.11476
0.17849 0.82151
0.28418 0.71582
0.97665 0.02335
0.26590 0.73410
0.29149 0.70851
0.55378 0.44622
0.31848 0.68152
0.41375 0.58625
0.49306 0.50694
0.67476 0.32524
0.97328 0.02672
0.91259 0.08741
0.95792 0.04208
0.98135 0.01865
0.96153 0.03847
