0.94415 0.05585
0.76399 0.23601
0.97389 0.02611
0.37341 0.62659
0.35870 0.64130
0.73168 0.26832
0.15927 0.84073
0.17895 0.82105
0.78292 0.21708
0.04162 0.95838
0.07372 0.92628
0.29698 0.70302
0.11649 0.88351
0.55332 0.44668
0.06540 0.93460
0.25461 0.74539
0.90221 0.09779
0.48841 0.51159
0.32176 0.67824
0.43373 0.56627
0.57722 0.42278
0.57631 0.42369
0.06441 0.93559
0.04778 0.95222
0.27186 0.72814
0.35665 0.64335
0.99988 0.00012
0.97542 0.02458
0.99952 0.00048
0.28350 0.71650
0.98487 0.01513
0.49417 0.50583
0.49132 0.50868
0.58698 0.41302
0.99919 0.00081
0.99919 0.00081
0.99919 0.00081
0.94450 0.05550
0.99984 0.00016
0.99979 0.00021
0.99979 0.00021
0.99979 0.00021
0.94450 0.05550
0.99984 0.00016
0.99979 0.00021
0.99979 0.00021
0.99979 0.00021
0.99566 0.00434
0.99932 0.00068
0.99566 0.00434
0.99770 0.00230
0.99974 0.00026
0.99770 0.00230
0.99974 0.00026
0.98476 0.01524
0.61679 0.38321
0.68559 0.31441
0.07458 0.92542
0.85070 0.14930
0.99459 0.00541
0.16867 0.83133
0.73898 0.26102
0.09329 0.90671
0.58201 0.41799
0.15474 0.84526
0.15474 0.84526
0.99907 0.00093
0.99995 0.00005
0.63339 0.36661
0.14144 0.85856
0.14144 0.85856
0.10770 0.89230
0.25455 0.74545
0.75879 0.24121
0.27928 0.72072
0.41209 0.58791
0.88193 0.11807
0.21876 0.78124
0.89063 0.10937
0.39468 0.60532
0.60239 0.39761
0.14173 0.85827
0.67630 0.32370
0.21777 0.78223
0.26844 0.73156
0.21777 0.78223
0.12203 0.87797
0.20009 0.79991
0.10451 0.89549
0.16075 0.83925
0.08235 0.91765
0.36721 0.63279
0.19198 0.80802
0.36721 0.63279
0.19198 0.80802
0.75735 0.24265
0.29036 0.70964
0.76584 0.23416
0.38495 0.61505
0.37072 0.62928
0.54599 0.45401
0.16134 0.83866
0.11410 0.88590
0.15371 0.84629
0.10953 0.89047
0.14437 0.85563
0.34836 0.65164
0.49338 0.50662
0.46925 0.53075
0.45818 0.54182
0.56716 0.43284
0.09371 0.90629
0.99990 0.00010
0.29204 0.70796
0.99998 0.00002
0.99997 0.00003
0.79936 0.20064
0.82811 0.17189
0.58840 0.41160
0.99998 0.00002
0.99999 0.00001
0.99999 0.00001
0.09017 0.90983
0.99922 0.00078
0.99822 0.00178
0.15859 0.84141
0.19737 0.80263
0.11627 0.88373
0.19083 0.80917
0.10434 0.89566
0.09029 0.90971
0.15939 0.84061
0.11074 0.88926
0.11074 0.88926
0.11605 0.88395
0.11605 0.88395
0.13433 0.86567
0.21796 0.78204
0.21325 0.78675
0.21325 0.78675
0.17277 0.82723
0.29667 0.70333
0.29905 0.70095
0.36677 0.63323
0.19930 0.80070
0.17260 0.82740
0.24718 0.75282
0.26440 0.73560
0.38206 0.61794
0.38314 0.61686
0.39092 0.60908
0.25576 0.74424
0.33431 0.66569
0.23129 0.76871
0.93909 0.06091
0.98129 0.01871
0.55546 0.44454
0.09147 0.90853
0.17534 0.82466
0.19095 0.80905
0.19661 0.80339
0.19095 0.80905
0.19661 0.80339
0.29599 0.70401
0.80302 0.19698
0.49392 0.50608
0.12757 0.87243
0.26554 0.73446
0.96352 0.03648
0.25491 0.74509
0.26644 0.73356
0.96352 0.03648
0.96352 0.03648
0.96352 0.03648
0.27121 0.72879
0.86190 0.13810
0.21104 0.78896
0.16906 0.83094
0.87703 0.12297
0.93450 0.06550
0.99990 0.00010
0.66647 0.33353
0.93394 0.06606
0.05870 0.94130
0.99940 0.00060
0.11509 0.88491
0.99025 0.00975
0.99266 0.00734
0.39484 0.60516
0.53190 0.46810
0.67927 0.32073
0.09661 0.90339
0.23234 0.76766
0.59747 0.40253
0.95831 0.04169
0.16081 0.83919
0.99520 0.00480
0.05430 0.94570
0.13019 0.86981
0.90743 0.09257
0.83858 0.16142
0.32378 0.67622
0.31015 0.68985
0.99627 0.00373
0.99627 0.00373
0.99955 0.00045
0.99955 0.00045
0.74404 0.25596
0.74404 0.25596
0.34742 0.65258
0.94314 0.05686
0.99903 0.00097
0.98201 0.01799
0.84636 0.15364
0.48002 0.51998
0.48185 0.51815
0.91790 0.08210
0.99988 0.00012
0.99988 0.00012
0.84615 0.15385
0.84615 0.15385
0.61422 0.38578
0.26167 0.73833
0.07256 0.92744
0.30793 0.69207
0.21755 0.78245
0.14970 0.85030
0.22939 0.77061
0.19121 0.80879
0.58732 0.41268
0.51196 0.48804
0.66625 0.33375
0.99797 0.00203
1.00000 0.00000
1.00000 0.00000
1.00000 0.00000
0.93637 0.06363
0.74915 0.25085
0.42552 0.57448
0.22501 0.77499
0.42552 0.57448
0.42552 0.57448
0.22501 0.77499
0.42552 0.57448
0.35261 0.64739
0.76299 0.23701
0.83397 0.16603
0.12388 0.87612
0.12388 0.87612
0.13105 0.86895
0.74947 0.25053
0.95361 0.04639
0.99668 0.00332
0.65550 0.34450
0.34045 0.65955
0.98342 0.01658
0.12695 0.87305
0.97237 0.02763
0.60843 0.39157
0.98224 0.01776
0.47075 0.52925
0.79409 0.20591
0.94883 0.05117
0.77933 0.22067
0.67490 0.32510
0.74664 0.25336
0.09613 0.90387
0.96612 0.03388
0.08046 0.91954
0.11423 0.88577
0.09041 0.90959
0.32800 0.67200
0.99897 0.00103
0.18850 0.81150
0.99139 0.00861
0.36790 0.63210
0.35311 0.64689
0.98986 0.01014
0.36073 0.63927
0.34642 0.65358
0.89011 0.10989
0.96697 0.03303
0.96497 0.03503
0.99994 0.00006
0.99993 0.00007
0.99983 0.00017
0.99982 0.00018
0.99993 0.00007
0.99992 0.00008
0.90268 0.09732
0.98712 0.01288
0.97852 0.02148
0.05509 0.94491
0.05309 0.94691
0.94180 0.05820
0.94280 0.05720
0.14026 0.85974
0.26329 0.73671
0.90219 0.09781
0.26329 0.73671
0.90219 0.09781
0.30421 0.69579
0.86295 0.13705
0.99780 0.00220
0.10757 0.89243
0.18084 0.81916
0.17618 0.82382
0.16646 0.83354
0.78336 0.21664
0.81842 0.18158
0.39513 0.60487
0.96682 0.03318
0.94511 0.05489
0.90828 0.09172
0.99945 0.00055
0.98045 0.01955
0.90998 0.09002
0.99773 0.00227
0.95222 0.04778
0.81816 0.18184
0.87660 0.12340
0.99961 0.00039
0.93731 0.06269
0.87146 0.12854
0.93272 0.06728
0.99393 0.00607
0.96436 0.03564
0.55565 0.44435
0.93272 0.06728
0.99393 0.00607
0.96436 0.03564
0.55565 0.44435
0.99028 0.00972
0.97800 0.02200
0.99940 0.00060
0.99655 0.00345
0.99985 0.00015
0.99786 0.00214
0.66712 0.33288
0.56662 0.43338
0.72446 0.27554
0.74952 0.25048
0.74952 0.25048
0.72929 0.27071
0.98946 0.01054
0.98473 0.01527
0.98939 0.01061
0.98531 0.01469
0.96734 0.03266
0.27457 0.72543
0.44878 0.55122
0.37889 0.62111
0.44878 0.55122
0.37889 0.62111
0.41556 0.58444
0.78752 0.21248
0.41556 0.58444
0.78752 0.21248
0.76935 0.23065
0.24626 0.75374
0.98698 0.01302
0.39393 0.60607
0.93084 0.06916
0.31980 0.68020
0.21087 0.78913
0.84596 0.15404
0.55847 0.44153
0.36478 0.63522
0.27597 0.72403
0.26080 0.73920
0.29013 0.70987
0.28847 0.71153
0.28409 0.71591
0.87624 0.12376
0.87624 0.12376
0.58161 0.41839
0.58161 0.41839
0.14235 0.85765
0.14235 0.85765
0.12451 0.87549
0.96357 0.03643
0.13154 0.86846
0.96553 0.03447
0.66654 0.33346
0.66654 0.33346
0.66654 0.33346
0.98223 0.01777
0.98223 0.01777
0.98223 0.01777
0.66654 0.33346
0.66654 0.33346
0.66654 0.33346
0.66654 0.33346
0.66654 0.33346
0.66654 0.33346
0.18158 0.81842
0.59138 0.40862
0.64292 0.35708
0.23271 0.76729
0.99637 0.00363
0.30465 0.69535
0.89017 0.10983
0.21635 0.78365
0.12839 0.87161
0.99969 0.00031
0.99930 0.00070
0.99930 0.00070
0.47961 0.52039
0.47961 0.52039
0.78473 0.21527
0.36141 0.63859
0.91272 0.08728
0.55708 0.44292
0.95179 0.04821
0.73328 0.26672
0.73328 0.26672
0.76960 0.23040
0.75269 0.24731
0.76771 0.23229
0.99750 0.00250
0.45477 0.54523
0.50104 0.49896
0.92703 0.07297
0.96639 0.03361
0.99816 0.00184
0.35158 0.64842
0.39475 0.60525
0.99845 0.00155
0.38409 0.61591
0.42861 0.57139
0.34075 0.65925
0.43106 0.56894
0.17983 0.82017
0.32957 0.67043
0.16650 0.83350
0.17191 0.82809
0.98427 0.01573
0.89045 0.10955
0.99893 0.00107
0.97387 0.02613
0.99920 0.00080
0.98620 0.01380
0.98715 0.01285
0.11363 0.88637
0.07040 0.92960
0.11625 0.88375
0.11092 0.88908
0.61541 0.38459
0.99896 0.00104
0.96441 0.03559
0.99807 0.00193
0.14535 0.85465
0.15497 0.84503
0.10504 0.89496
0.10973 0.89027
0.20969 0.79031
0.79106 0.20894
0.20562 0.79438
0.22309 0.77691
0.16460 0.83540
0.16460 0.83540
0.62002 0.37998
0.61605 0.38395
0.67818 0.32182
0.57112 0.42888
0.64775 0.35225
0.64300 0.35700
0.70276 0.29724
0.59938 0.40062
0.99785 0.00215
0.99815 0.00185
0.99779 0.00221
0.99805 0.00195
0.99785 0.00215
0.99802 0.00198
0.99815 0.00185
0.99779 0.00221
0.99805 0.00195
0.99785 0.00215
0.99802 0.00198
0.99593 0.00407
0.99354 0.00646
0.97362 0.02638
0.97099 0.02901
0.48713 0.51287
0.99998 0.00002
0.99998 0.00002
0.91312 0.08688
0.99809 0.00191
0.78579 0.21421
0.99978 0.00022
0.88290 0.11710
0.99852 0.00148
0.90543 0.09457
0.63820 0.36180
0.63820 0.36180
0.63820 0.36180
0.82117 0.17883
0.78154 0.21846
0.98239 0.01761
0.83805 0.16195
0.82708 0.17292
0.99981 0.00019
0.94402 0.05598
0.92434 0.07566
0.05480 0.94520
0.87149 0.12851
0.99992 0.00008
0.92559 0.07441
0.60858 0.39142
0.15246 0.84754
0.95387 0.04613
0.99682 0.00318
0.18694 0.81306
0.11371 0.88629
0.12062 0.87938
0.22351 0.77649
0.06279 0.93721
0.39135 0.60865
0.98148 0.01852
0.92013 0.07987
0.99988 0.00012
0.97359 0.02641
0.97359 0.02641
0.15106 0.84894
0.73697 0.26303
0.99888 0.00112
0.93463 0.06537
0.76536 0.23464
0.98552 0.01448
0.98552 0.01448
0.98551 0.01449
0.97528 0.02472
0.98160 0.01840
0.95527 0.04473
0.10574 0.89426
0.99486 0.00514
0.30250 0.69750
0.96848 0.03152
0.98999 0.01001
0.98880 0.01120
0.68432 0.31568
0.95855 0.04145
0.10708 0.89292
0.95527 0.04473
0.10574 0.89426
0.99486 0.00514
0.30250 0.69750
0.99080 0.00920
0.99727 0.00273
0.99994 0.00006
0.35797 0.64203
0.58501 0.41499
0.65237 0.34763
0.99907 0.00093
0.73470 0.26530
0.99940 0.00060
0.81457 0.18543
0.99969 0.00031
0.66260 0.33740
0.99906 0.00094
0.34971 0.65029
0.34971 0.65029
0.34971 0.65029
0.34971 0.65029
0.99993 0.00007
0.72769 0.27231
0.10824 0.89176
0.61393 0.38607
0.49550 0.50450
0.20688 0.79312
0.92442 0.07558
0.21277 0.78723
0.99960 0.00040
0.16156 0.83844
0.24618 0.75382
0.21779 0.78221
0.87398 0.12602
0.32994 0.67006
0.29487 0.70513
0.25227 0.74773
0.24364 0.75636
0.21455 0.78545
0.21622 0.78378
0.30491 0.69509
0.36253 0.63747
0.33199 0.66801
0.36253 0.63747
0.33199 0.66801
0.99982 0.00018
0.99891 0.00109
0.99011 0.00989
0.99370 0.00630
0.99959 0.00041
0.99959 0.00041
0.91687 0.08313
0.93607 0.06393
0.79067 0.20933
0.79067 0.20933
0.82193 0.17807
0.85879 0.14121
0.84986 0.15014
0.84986 0.15014
0.87370 0.12630
0.99964 0.00036
0.99905 0.00095
0.99905 0.00095
0.84362 0.15638
0.87674 0.12326
0.99979 0.00021
0.99985 0.00015
0.62743 0.37257
0.62743 0.37257
0.99223 0.00777
0.83042 0.16958
0.86464 0.13536
0.99971 0.00029
0.99882 0.00118
0.20775 0.79225
0.81970 0.18030
0.32827 0.67173
0.99926 0.00074
0.29358 0.70642
0.91498 0.08502
0.75733 0.24267
0.60471 0.39529
0.16243 0.83757
0.16243 0.83757
0.39040 0.60960
0.39040 0.60960
0.99839 0.00161
0.99839 0.00161
0.54868 0.45132
0.54868 0.45132
0.87546 0.12454
0.98980 0.01020
0.66988 0.33012
0.11377 0.88623
0.59870 0.40130
0.30443 0.69557
0.87256 0.12744
0.18631 0.81369
0.59870 0.40130
0.30443 0.69557
0.85226 0.14774
0.17479 0.82521
0.59870 0.40130
0.30443 0.69557
0.61122 0.38878
0.99885 0.00115
0.15885 0.84115
0.15885 0.84115
0.13844 0.86156
0.13844 0.86156
0.72362 0.27638
0.72362 0.27638
0.70122 0.29878
0.85453 0.14547
0.80685 0.19315
0.47267 0.52733
0.47267 0.52733
0.25532 0.74468
0.36486 0.63514
0.98798 0.01202
0.99412 0.00588
0.41549 0.58451
0.99442 0.00558
0.99810 0.00190
0.99472 0.00528
0.48110 0.51890
0.30146 0.69854
0.99307 0.00693
0.34275 0.65725
0.51729 0.48271
0.99730 0.00270
0.18532 0.81468
0.27661 0.72339
0.11146 0.88854
0.99934 0.00066
0.07183 0.92817
0.08589 0.91411
0.45175 0.54825
0.22681 0.77319
0.98456 0.01544
0.99478 0.00522
0.57555 0.42445
0.98693 0.01307
0.65152 0.34848
0.48763 0.51237
0.72385 0.27615
0.99955 0.00045
0.99842 0.00158
0.85867 0.14133
0.98792 0.01208
0.99842 0.00158
0.99832 0.00168
0.99842 0.00158
0.74660 0.25340
0.99409 0.00591
0.71014 0.28986
0.99696 0.00304
0.34611 0.65389
0.98850 0.01150
0.99898 0.00102
0.99866 0.00134
0.82441 0.17559
0.54088 0.45912
0.99421 0.00579
0.99833 0.00167
0.99690 0.00310
0.58683 0.41317
0.70398 0.29602
0.39684 0.60316
0.99821 0.00179
0.65069 0.34931
0.07856 0.92144
0.07351 0.92649
0.20234 0.79766
0.08552 0.91448
0.28743 0.71257
0.49561 0.50439
0.23162 0.76838
0.49561 0.50439
0.42049 0.57951
0.10269 0.89731
0.30480 0.69520
0.20130 0.79870
0.57656 0.42344
0.09329 0.90671
0.09954 0.90046
0.37204 0.62796
0.64815 0.35185
0.65453 0.34547
0.08058 0.91942
0.19033 0.80967
0.66769 0.33231
0.99435 0.00565
0.98500 0.01500
0.86940 0.13060
0.85597 0.14403
0.95161 0.04839
0.70615 0.29385
0.99707 0.00293
0.99479 0.00521
0.87623 0.12377
0.91565 0.08435
0.91679 0.08321
0.99998 0.00002
0.94647 0.05353
0.99948 0.00052
0.99948 0.00052
0.99973 0.00027
0.99510 0.00490
0.99510 0.00490
0.99963 0.00037
0.99963 0.00037
0.99964 0.00036
0.99964 0.00036
0.99989 0.00011
0.99989 0.00011
0.99964 0.00036
0.99964 0.00036
0.99994 0.00006
0.55765 0.44235
0.99994 0.00006
0.99986 0.00014
0.04899 0.95101
0.15026 0.84974
0.14266 0.85734
0.15732 0.84268
0.18309 0.81691
0.04289 0.95711
0.04932 0.95068
0.29302 0.70698
0.94153 0.05847
0.36005 0.63995
0.17360 0.82640
0.79429 0.20571
0.14976 0.85024
0.16782 0.83218
0.79318 0.20682
0.99970 0.00030
0.99668 0.00332
0.99954 0.00046
0.51259 0.48741
0.98108 0.01892
0.98712 0.01288
0.99951 0.00049
0.99897 0.00103
0.99897 0.00103
0.99897 0.00103
0.86547 0.13453
0.89600 0.10400
0.99897 0.00103
0.92587 0.07413
0.99887 0.00113
0.91694 0.08306
0.53177 0.46823
0.54385 0.45615
0.52562 0.47438
0.17941 0.82059
0.46353 0.53647
0.58574 0.41426
0.06141 0.93859
0.65174 0.34826
0.10607 0.89393
0.49835 0.50165
0.13995 0.86005
0.76207 0.23793
0.27017 0.72983
0.56853 0.43147
0.85793 0.14207
0.49411 0.50589
0.32992 0.67008
0.63670 0.36330
0.89786 0.10214
0.22716 0.77284
0.67851 0.32149
0.69519 0.30481
0.99988 0.00012
0.99320 0.00680
0.99997 0.00003
0.28266 0.71734
0.64523 0.35477
0.11746 0.88254
0.70861 0.29139
0.99918 0.00082
0.15830 0.84170
0.02488 0.97512
0.05348 0.94652
0.21474 0.78526
0.99973 0.00027
0.06679 0.93321
0.71186 0.28814
0.09644 0.90356
0.09480 0.90520
0.93343 0.06657
0.77299 0.22701
0.96364 0.03636
0.18893 0.81107
0.99404 0.00596
0.90831 0.09169
0.62140 0.37860
0.04873 0.95127
0.10888 0.89112
0.16355 0.83645
0.59907 0.40093
0.53021 0.46979
0.41456 0.58544
0.36989 0.63011
0.81531 0.18469
0.37704 0.62296
0.83463 0.16537
0.50169 0.49831
0.72164 0.27836
0.14932 0.85068
0.72164 0.27836
0.47178 0.52822
0.97006 0.02994
0.98992 0.01008
0.98992 0.01008
0.57998 0.42002
0.94272 0.05728
0.08334 0.91666
0.05354 0.94646
0.63624 0.36376
0.41134 0.58866
0.99999 0.00001
0.31238 0.68762
0.17548 0.82452
0.13704 0.86296
0.38584 0.61417
0.29790 0.70210
0.30140 0.69860
0.21055 0.78945
0.91190 0.08810
0.87479 0.12521
0.79184 0.20816
0.95679 0.04321
0.96682 0.03318
0.78697 0.21303
0.78518 0.21482
0.78697 0.21303
0.78518 0.21482
0.29401 0.70599
0.38026 0.61974
0.93347 0.06653
0.15872 0.84128
0.11137 0.88863
0.25464 0.74536
0.25464 0.74536
0.98988 0.01012
0.98145 0.01855
0.98145 0.01855
0.98955 0.01045
0.98075 0.01925
0.98075 0.01925
0.09765 0.90235
0.06744 0.93256
0.05324 0.94676
0.04570 0.95430
0.17719 0.82281
0.53596 0.46404
0.79369 0.20631
0.29928 0.70072
0.29928 0.70072
0.36594 0.63406
0.72413 0.27587
0.78234 0.21766
0.78234 0.21766
0.98973 0.01027
0.72413 0.27587
0.70098 0.29902
0.41337 0.58663
0.59372 0.40628
0.99963 0.00037
0.86328 0.13672
0.99988 0.00012
0.99792 0.00208
0.61894 0.38106
0.99364 0.00636
0.82387 0.17613
0.12931 0.87069
0.83531 0.16469
0.42120 0.57880
0.93790 0.06210
0.28906 0.71094
0.12487 0.87513
0.14564 0.85436
0.35109 0.64891
0.71320 0.28680
0.96114 0.03886
0.13021 0.86979
0.62915 0.37085
0.56040 0.43960
0.39326 0.60674
0.62915 0.37085
0.56040 0.43960
0.39326 0.60674
0.99693 0.00307
0.99602 0.00398
0.82719 0.17281
0.30786 0.69214
0.12701 0.87299
0.16283 0.83717
0.16283 0.83717
0.42808 0.57192
0.42808 0.57192
0.16283 0.83717
0.16283 0.83717
0.85884 0.14116
0.99594 0.00406
0.98709 0.01291
0.69025 0.30975
0.07812 0.92188
0.68983 0.31017
0.97851 0.02149
0.98462 0.01538
0.95469 0.04531
0.56394 0.43606
0.96963 0.03037
0.94149 0.05851
0.93813 0.06187
0.85363 0.14637
0.33477 0.66523
0.82582 0.17418
0.61612 0.38388
0.14104 0.85896
0.83829 0.16171
0.99848 0.00152
0.14446 0.85554
0.20947 0.79053
0.28732 0.71268
0.28732 0.71268
0.28732 0.71268
0.20215 0.79785
0.35266 0.64734
0.35266 0.64734
0.49371 0.50629
0.93108 0.06892
0.88963 0.11037
0.87540 0.12460
0.32411 0.67589
0.90509 0.09491
0.40314 0.59686
0.38392 0.61608
0.44653 0.55347
0.99813 0.00187
0.17456 0.82544
0.15361 0.84639
0.26085 0.73915
0.08525 0.91475
0.10168 0.89832
0.11982 0.88018
0.13774 0.86226
0.15016 0.84984
0.53726 0.46274
0.58205 0.41795
0.99971 0.00029
0.58205 0.41795
0.58205 0.41795
0.60948 0.39052
0.26467 0.73533
0.28084 0.71916
0.28084 0.71916
0.17170 0.82830
0.71417 0.28583
0.92766 0.07234
0.99957 0.00043
0.18187 0.81813
0.94191 0.05809
0.90570 0.09430
0.71968 0.28032
0.99932 0.00068
0.99926 0.00074
0.98862 0.01138
0.26462 0.73538
0.99923 0.00077
0.15243 0.84757
0.29750 0.70250
0.98664 0.01336
0.96660 0.03340
0.99914 0.00086
0.98638 0.01362
0.99937 0.00063
0.99937 0.00063
0.14519 0.85481
0.14519 0.85481
0.85578 0.14422
0.79585 0.20415
0.75348 0.24652
0.75348 0.24652
0.85976 0.14024
0.78853 0.21147
0.17215 0.82785
0.83445 0.16555
0.52524 0.47476
0.42686 0.57314
0.42686 0.57314
0.88507 0.11493
0.60688 0.39312
0.60688 0.39312
0.88507 0.11493
0.88507 0.11493
0.60688 0.39312
0.65206 0.34794
0.83398 0.16602
0.87297 0.12703
0.80507 0.19493
0.78465 0.21535
0.27669 0.72331
0.15746 0.84254
0.99996 0.00004
0.15746 0.84254
0.99996 0.00004
0.99994 0.00006
0.99994 0.00006
0.99849 0.00151
0.99976 0.00024
1.00000 0.00000
0.36205 0.63795
0.99995 0.00005
0.04234 0.95766
0.16706 0.83294
0.19654 0.80346
0.18380 0.81620
0.09121 0.90879
0.09121 0.90879
0.10152 0.89848
0.10152 0.89848
0.10184 0.89816
0.10184 0.89816
0.08576 0.91424
0.21369 0.78631
0.15385 0.84615
0.70853 0.29147
0.71012 0.28988
0.70853 0.29147
0.71012 0.28988
0.11677 0.88323
0.39447 0.60553
0.99763 0.00237
0.06283 0.93717
0.43391 0.56609
0.43423 0.56577
0.96272 0.03728
0.12990 0.87010
0.89281 0.10719
0.61367 0.38633
0.85488 0.14512
0.87042 0.12958
0.57750 0.42250
0.54606 0.45394
0.67124 0.32876
0.54827 0.45173
0.67474 0.32526
0.99903 0.00097
0.46107 0.53893
0.87042 0.12958
0.57750 0.42250
0.21985 0.78015
0.69764 0.30236
0.77976 0.22024
0.07920 0.92080
0.07920 0.92080
0.16756 0.83244
0.16756 0.83244
0.29245 0.70755
0.29245 0.70755
0.10157 0.89843
0.31859 0.68141
0.80420 0.19580
0.09406 0.90594
0.31342 0.68658
0.40468 0.59532
0.12418 0.87582
0.99338 0.00662
0.30135 0.69865
0.99935 0.00065
0.30005 0.69995
0.99997 0.00003
0.99995 0.00005
0.99932 0.00068
0.99998 0.00002
1.00000 0.00000
0.96843 0.03157
0.98633 0.01367
0.89735 0.10265
0.69477 0.30523
0.15189 0.84811
0.19219 0.80781
0.99907 0.00093
0.30881 0.69119
0.36294 0.63706
0.31142 0.68858
0.38219 0.61781
0.44215 0.55785
0.38807 0.61193
0.88313 0.11687
0.97355 0.02645
0.99304 0.00696
0.82521 0.17479
0.94195 0.05805
0.95378 0.04622
0.93077 0.06923
0.93077 0.06923
0.93499 0.06501
0.93077 0.06923
0.99525 0.00475
0.99395 0.00605
0.98667 0.01333
0.98527 0.01473
0.99999 0.00001
0.62157 0.37843
0.57615 0.42385
0.67738 0.32262
0.99983 0.00017
0.63132 0.36868
0.99983 0.00017
0.57906 0.42094
0.59208 0.40792
0.55165 0.44835
0.98909 0.01091
0.99999 0.00001
0.99999 0.00001
0.36683 0.63317
0.36683 0.63317
0.91711 0.08289
0.91711 0.08289
0.92880 0.07120
0.92880 0.07120
0.52223 0.47777
0.52223 0.47777
0.99145 0.00855
0.99145 0.00855
0.37169 0.62831
0.37169 0.62831
0.69246 0.30754
0.69246 0.30754
0.64123 0.35877
0.64123 0.35877
0.57889 0.42111
0.57889 0.42111
0.92595 0.07405
0.91107 0.08893
0.99992 0.00008
0.99992 0.00008
0.67899 0.32101
0.66701 0.33299
0.41421 0.58579
0.41421 0.58579
0.99044 0.00956
0.53016 0.46984
0.56291 0.43709
0.99996 0.00004
0.99908 0.00092
0.96764 0.03236
0.99663 0.00337
0.99704 0.00296
0.99972 0.00028
0.23859 0.76141
0.21142 0.78858
0.31100 0.68900
0.99982 0.00018
0.99882 0.00118
0.99960 0.00040
0.99787 0.00213
0.10522 0.89478
0.99921 0.00079
0.11283 0.88717
0.96542 0.03458
0.99956 0.00044
0.99681 0.00319
0.99998 0.00002
0.99991 0.00009
0.99991 0.00009
0.99999 0.00001
0.99990 0.00010
0.23498 0.76502
0.45520 0.54480
0.22619 0.77381
0.32621 0.67379
0.56621 0.43379
0.31348 0.68652
0.99991 0.00009
0.99999 0.00001
0.99990 0.00010
0.34820 0.65180
0.30877 0.69123
0.50936 0.49064
0.53457 0.46543
0.17612 0.82388
0.90937 0.09063
0.92357 0.07643
0.74728 0.25272
0.27737 0.72263
0.41125 0.58875
0.29538 0.70462
0.99398 0.00602
0.99723 0.00277
0.99835 0.00165
0.81021 0.18979
0.99812 0.00188
0.21489 0.78511
0.57178 0.42822
0.44404 0.55596
0.12873 0.87127
0.02946 0.97054
0.95340 0.04660
0.28377 0.71623
0.97190 0.02810
0.36191 0.63809
0.97702 0.02298
0.99226 0.00774
0.96177 0.03823
0.98501 0.01499
0.94152 0.05848
0.24536 0.75464
0.45957 0.54043
0.97771 0.02229
0.70838 0.29162
0.56178 0.43822
0.33036 0.66964
0.39198 0.60802
0.64021 0.35979
0.51184 0.48816
0.09075 0.90925
0.36457 0.63543
0.99946 0.00054
0.99748 0.00252
0.97539 0.02461
0.91934 0.08066
0.82568 0.17432
0.82568 0.17432
0.61411 0.38589
0.61411 0.38589
0.60439 0.39561
0.71563 0.28437
0.99739 0.00261
0.99806 0.00194
0.99768 0.00232
0.99593 0.00407
0.42017 0.57983
0.41320 0.58680
0.99949 0.00051
0.96569 0.03431
0.97468 0.02532
0.98775 0.01225
0.21634 0.78366
0.94191 0.05809
0.95500 0.04500
0.92700 0.07300
0.39191 0.60809
0.77866 0.22134
0.99992 0.00008
0.14110 0.85890
0.77487 0.22513
0.99168 0.00832
0.99182 0.00818
1.00000 0.00000
0.39571 0.60429
0.94241 0.05759
0.40316 0.59684
0.88154 0.11846
0.88778 0.11222
0.29502 0.70498
0.52410 0.47590
0.71148 0.28852
0.99268 0.00732
0.85720 0.14280
0.93847 0.06153
0.02772 0.97228
0.91637 0.08363
0.36961 0.63039
0.32775 0.67225
0.36961 0.63039
0.32775 0.67225
0.22593 0.77407
0.19802 0.80198
0.99738 0.00262
0.27036 0.72964
0.26196 0.73804
0.53946 0.46054
0.09037 0.90963
0.94918 0.05082
0.26705 0.73295
0.91954 0.08046
0.09316 0.90684
0.41921 0.58079
0.17735 0.82265
0.17735 0.82265
0.41921 0.58079
0.17735 0.82265
0.27585 0.72415
0.20323 0.79677
0.43263 0.56737
0.69260 0.30740
0.82534 0.17466
0.83494 0.16506
0.99490 0.00510
0.99142 0.00858
0.76760 0.23240
0.99037 0.00963
0.95259 0.04741
0.51738 0.48262
0.46162 0.53838
0.23266 0.76734
0.23498 0.76502
0.64843 0.35157
0.63687 0.36313
0.12151 0.87849
0.10031 0.89969
0.91062 0.08938
0.30491 0.69509
0.95470 0.04530
0.92768 0.07232
0.88207 0.11793
0.40747 0.59253
0.57794 0.42206
0.09648 0.90352
0.20703 0.79297
0.19222 0.80778
0.42416 0.57584
0.23133 0.76867
0.23133 0.76867
0.30906 0.69094
0.30906 0.69094
0.30722 0.69278
0.30722 0.69278
0.16217 0.83783
0.14272 0.85728
0.16217 0.83783
0.17367 0.82633
0.14272 0.85728
0.22385 0.77615
0.22385 0.77615
0.32559 0.67441
0.41446 0.58554
0.50026 0.49974
0.49627 0.50373
0.97738 0.02262
0.96808 0.03192
0.39249 0.60751
0.35612 0.64388
0.90339 0.09661
0.99992 0.00008
0.23503 0.76497
0.15414 0.84586
0.99577 0.00423
0.97220 0.02780
0.24159 0.75841
0.98124 0.01876
0.24159 0.75841
0.98124 0.01876
0.99999 0.00001
0.12231 0.87769
0.12636 0.87364
0.10519 0.89481
0.42983 0.57017
0.39621 0.60379
0.99999 0.00001
0.99910 0.00090
0.90579 0.09421
0.65294 0.34706
0.13169 0.86831
0.16670 0.83330
0.37082 0.62919
0.82466 0.17534
0.40847 0.59153
0.99634 0.00366
0.99473 0.00527
0.98305 0.01695
0.23253 0.76747
0.52137 0.47863
0.26402 0.73598
0.98950 0.01050
0.22222 0.77778
0.99577 0.00423
0.16215 0.83785
0.18613 0.81387
0.15570 0.84430
0.95043 0.04957
0.20484 0.79516
0.17818 0.82182
0.98562 0.01438
0.97686 0.02314
0.98577 0.01423
0.97596 0.02404
0.14844 0.85156
0.19826 0.80174
0.88586 0.11414
0.18384 0.81616
0.20304 0.79696
0.47142 0.52858
0.50295 0.49705
0.03276 0.96724
0.94215 0.05785
0.15770 0.84230
0.99243 0.00757
0.16121 0.83879
0.15163 0.84837
0.14649 0.85351
0.16272 0.83728
0.15851 0.84149
0.22750 0.77250
0.99589 0.00411
0.19776 0.80224
0.99865 0.00135
0.99936 0.00064
0.03142 0.96858
0.46133 0.53867
0.12821 0.87179
0.88568 0.11432
0.32473 0.67527
0.91229 0.08771
0.92812 0.07188
0.94970 0.05030
0.28410 0.71590
0.89426 0.10574
0.92793 0.07207
0.99993 0.00007
0.92793 0.07207
0.99993 0.00007
0.99983 0.00017
0.53224 0.46776
0.99052 0.00948
0.99052 0.00948
0.98982 0.01018
0.60456 0.39544
0.26175 0.73825
0.59414 0.40586
0.15893 0.84107
0.50493 0.49507
0.99874 0.00126
0.99953 0.00047
0.99877 0.00123
0.79433 0.20567
0.99953 0.00047
0.99827 0.00173
0.46916 0.53084
0.28342 0.71658
0.95789 0.04211
0.91931 0.08069
1.00000 0.00000
0.31980 0.68020
0.15772 0.84228
0.45715 0.54285
0.36826 0.63174
0.24719 0.75281
0.55880 0.44120
0.79869 0.20131
0.72057 0.27943
0.64426 0.35574
0.16191 0.83809
0.62781 0.37219
0.82235 0.17765
0.06998 0.93002
0.93540 0.06460
0.99235 0.00765
0.28308 0.71692
0.36979 0.63021
0.88631 0.11369
0.99529 0.00471
0.43585 0.56415
0.99367 0.00633
0.99999 0.00001
0.99995 0.00005
0.99998 0.00002
0.48877 0.51123
0.99999 0.00001
0.99992 0.00008
0.99999 0.00001
0.50696 0.49304
0.99999 0.00001
0.99988 0.00012
0.99997 0.00003
0.40700 0.59300
0.62045 0.37955
0.99964 0.00036
0.96195 0.03805
0.40455 0.59545
0.61230 0.38770
0.99728 0.00272
0.98596 0.01404
0.65009 0.34991
0.88469 0.11531
0.45519 0.54481
0.99562 0.00438
0.97461 0.02539
0.69538 0.30462
0.87274 0.12726
0.85432 0.14568
0.98912 0.01088
0.73563 0.26437
0.25819 0.74181
0.92466 0.07534
0.95160 0.04840
0.99041 0.00959
0.80343 0.19657
0.18246 0.81754
0.99969 0.00031
0.07162 0.92838
0.09929 0.90071
0.11043 0.88957
0.13248 0.86752
0.47314 0.52686
0.48453 0.51547
0.47314 0.52686
0.47314 0.52686
0.60623 0.39377
0.06267 0.93733
0.06672 0.93328
0.60220 0.39780
0.99862 0.00138
0.99963 0.00037
0.99862 0.00138
0.99963 0.00037
0.30627 0.69373
0.36150 0.63850
0.99421 0.00579
0.29311 0.70689
0.20546 0.79454
0.78857 0.21143
0.09188 0.90812
0.96770 0.03230
0.32228 0.67772
0.54141 0.45859
0.04864 0.95136
0.56605 0.43395
0.57457 0.42543
0.56605 0.43395
0.28099 0.71901
0.44128 0.55872
0.75887 0.24113
0.60264 0.39736
0.96462 0.03538
0.54003 0.45997
0.94791 0.05209
0.99988 0.00012
0.99765 0.00235
0.99854 0.00146
0.51574 0.48426
0.99976 0.00024
0.37716 0.62284
0.69590 0.30410
0.99975 0.00025
0.54667 0.45333
0.99996 0.00004
0.99963 0.00037
0.99998 0.00002
0.02821 0.97179
0.77563 0.22437
0.94754 0.05246
0.06019 0.93981
0.64847 0.35153
0.99934 0.00066
0.85686 0.14314
0.33772 0.66228
0.99958 0.00042
0.57850 0.42150
0.36100 0.63900
0.99962 0.00038
0.60468 0.39532
0.99249 0.00751
0.93094 0.06906
0.99968 0.00032
0.94889 0.05111
0.85279 0.14721
1.00000 0.00000
0.95493 0.04507
1.00000 0.00000
0.27713 0.72287
0.58297 0.41703
0.99574 0.00426
0.98411 0.01589
0.99574 0.00426
0.98411 0.01589
0.99354 0.00646
0.99879 0.00121
0.72464 0.27536
0.99966 0.00034
0.86889 0.13111
0.99986 0.00014
0.86889 0.13111
0.99986 0.00014
0.30567 0.69433
0.63838 0.36162
0.99997 0.00003
0.99734 0.00266
0.08255 0.91745
0.43883 0.56117
0.07869 0.92131
0.33852 0.66148
0.99996 0.00004
0.12553 0.87447
0.07916 0.92084
0.99726 0.00274
0.12166 0.87834
0.05374 0.94626
0.93865 0.06135
0.16939 0.83061
0.94170 0.05830
0.94619 0.05381
0.77351 0.22649
0.79059 0.20941
0.99920 0.00080
0.99892 0.00108
0.99643 0.00357
0.97909 0.02091
0.08922 0.91078
0.03151 0.96849
0.08246 0.91754
0.07277 0.92723
0.12324 0.87676
0.82017 0.17983
0.12324 0.87676
0.82017 0.17983
0.20342 0.79658
0.13401 0.86599
0.12786 0.87214
0.08609 0.91391
0.99999 0.00001
0.92244 0.07756
0.92200 0.07800
0.97234 0.02766
0.84081 0.15919
0.99996 0.00004
0.63672 0.36328
0.73802 0.26198
0.83895 0.16105
0.62410 0.37590
0.63352 0.36648
0.97234 0.02766
0.84081 0.15919
0.99996 0.00004
0.63672 0.36328
0.73280 0.26720
0.85307 0.14693
0.62410 0.37590
0.63352 0.36648
0.68760 0.31240
0.27901 0.72099
0.99881 0.00119
0.11721 0.88279
0.95445 0.04555
0.09756 0.90244
0.82701 0.17299
0.51389 0.48611
0.51389 0.48611
0.28730 0.71270
0.26765 0.73235
0.99247 0.00753
0.27539 0.72461
0.33241 0.66759
0.24803 0.75197
0.32447 0.67553
0.68234 0.31766
0.16607 0.83393
0.21987 0.78013
0.95655 0.04345
0.24536 0.75464
0.46977 0.53023
0.57499 0.42501
0.89397 0.10603
0.14218 0.85782
0.97235 0.02765
0.13053 0.86947
0.21454 0.78546
0.58361 0.41639
0.75905 0.24095
0.19075 0.80925
0.63292 0.36708
0.50625 0.49375
0.66664 0.33336
0.22945 0.77055
0.53150 0.46850
0.66630 0.33370
0.66630 0.33370
0.89493 0.10507
0.66630 0.33370
0.54325 0.45675
0.66517 0.33483
0.66517 0.33483
0.89267 0.10733
0.66517 0.33483
0.52466 0.47534
0.65978 0.34022
0.65978 0.34022
0.88500 0.11500
0.65978 0.34022
0.62009 0.37991
0.62009 0.37991
0.83687 0.16313
0.57858 0.42142
0.34908 0.65092
0.99891 0.00109
0.22993 0.77007
0.15790 0.84210
0.53748 0.46252
0.99920 0.00080
0.58526 0.41474
0.99866 0.00134
0.99929 0.00071
0.99284 0.00716
0.87686 0.12314
0.99685 0.00315
0.99531 0.00469
0.88915 0.11085
0.88915 0.11085
0.88915 0.11085
0.88915 0.11085
0.53847 0.46152
0.53847 0.46152
0.88402 0.11598
0.53847 0.46152
0.53847 0.46152
0.88402 0.11598
0.85104 0.14896
0.75388 0.24612
0.50846 0.49154
0.85104 0.14896
0.75388 0.24612
0.50846 0.49154
0.89158 0.10842
0.09188 0.90812
0.26057 0.73943
0.98158 0.01842
0.99987 0.00013
0.99975 0.00025
0.05073 0.94927
0.09431 0.90569
0.39702 0.60298
0.39702 0.60298
0.57043 0.42957
0.31756 0.68244
0.99965 0.00035
0.99842 0.00158
0.53735 0.46265
0.70478 0.29522
0.55138 0.44862
0.70478 0.29522
0.26760 0.73240
0.94958 0.05042
0.99965 0.00035
0.62473 0.37527
0.06664 0.93336
0.13042 0.86958
0.17576 0.82424
0.28410 0.71590
0.14282 0.85718
0.09709 0.90291
0.30127 0.69873
0.16366 0.83634
0.56084 0.43916
0.35472 0.64528
0.59804 0.40196
0.99962 0.00038
0.27569 0.72431
0.16499 0.83501
0.98917 0.01083
0.98228 0.01772
0.90495 0.09505
0.94033 0.05966
0.97854 0.02146
0.52048 0.47952
0.99901 0.00099
0.99749 0.00251
0.99908 0.00092
0.99978 0.00022
0.42754 0.57246
0.99842 0.00158
1.00000 0.00000
1.00000 0.00000
0.99450 0.00550
0.08875 0.91125
0.99906 0.00094
0.99906 0.00094
0.10730 0.89270
0.10730 0.89270
0.99813 0.00187
0.99787 0.00213
0.95986 0.04014
0.33982 0.66018
0.46069 0.53931
0.96035 0.03965
0.79309 0.20691
0.13651 0.86349
0.53381 0.46619
0.88189 0.11811
0.53256 0.46744
0.55188 0.44812
0.15663 0.84337
0.05674 0.94326
0.07414 0.92586
0.06296 0.93704
0.98966 0.01034
0.76356 0.23644
0.91315 0.08685
0.18248 0.81752
0.35961 0.64039
0.99387 0.00613
0.99437 0.00563
0.99437 0.00563
0.96875 0.03125
0.96534 0.03466
0.89268 0.10732
0.99858 0.00142
0.99800 0.00200
0.99700 0.00300
0.99649 0.00351
0.75403 0.24597
0.99979 0.00021
0.70533 0.29467
0.16718 0.83282
0.81744 0.18256
0.74608 0.25392
0.33409 0.66591
0.33409 0.66591
0.35321 0.64679
0.35321 0.64679
0.16901 0.83099
0.05240 0.94760
0.19212 0.80788
0.93442 0.06558
0.69614 0.30386
0.24903 0.75097
0.24903 0.75097
0.03164 0.96836
0.15252 0.84748
0.92597 0.07403
0.24925 0.75075
0.42335 0.57665
0.37931 0.62069
0.09715 0.90285
0.28929 0.71071
0.25373 0.74627
0.14011 0.85989
0.25373 0.74627
0.14011 0.85989
0.85137 0.14863
0.85686 0.14314
0.53106 0.46894
0.53106 0.46894
0.84822 0.15178
0.53106 0.46894
0.75790 0.24210
0.39065 0.60935
0.88888 0.11112
0.61879 0.38121
0.07562 0.92438
0.35712 0.64288
0.21007 0.78993
0.04202 0.95798
0.97648 0.02352
0.19423 0.80577
0.94772 0.05228
0.08517 0.91483
0.81139 0.18861
0.85298 0.14702
0.08169 0.91831
0.99474 0.00526
0.52744 0.47256
0.99616 0.00384
0.61713 0.38287
0.96683 0.03317
0.99632 0.00368
0.97722 0.02278
0.75155 0.24845
0.52435 0.47565
0.31533 0.68467
0.41760 0.58240
0.41760 0.58240
0.87194 0.12806
0.57978 0.42022
0.50044 0.49956
0.99615 0.00385
0.07865 0.92135
0.99998 0.00002
0.15015 0.84985
0.20537 0.79463
0.99854 0.00146
0.35179 0.64821
0.18924 0.81076
0.17555 0.82445
0.32090 0.67910
0.31299 0.68701
0.33325 0.66675
0.32491 0.67509
0.21609 0.78391
0.99997 0.00003
0.99973 0.00027
0.99985 0.00015
0.50097 0.49903
0.41630 0.58370
0.51225 0.48775
0.98532 0.01468
0.06678 0.93322
0.99699 0.00301
0.89473 0.10527
0.98227 0.01773
0.95225 0.04775
0.31724 0.68276
0.93461 0.06539
0.97866 0.02134
0.98025 0.01975
0.96989 0.03011
0.98733 0.01267
0.98497 0.01503
0.99037 0.00963
0.16252 0.83748
0.41726 0.58274
0.58338 0.41662
0.51551 0.48449
0.99352 0.00648
0.78118 0.21881
0.77227 0.22773
0.71888 0.28112
0.99874 0.00126
0.73122 0.26878
0.24972 0.75028
0.49681 0.50319
0.61612 0.38388
0.71910 0.28090
0.13878 0.86122
0.13414 0.86586
0.14682 0.85318
0.08611 0.91389
0.08455 0.91545
0.14209 0.85791
0.11126 0.88874
0.11126 0.88874
0.11126 0.88874
0.10132 0.89868
0.20224 0.79776
0.26314 0.73686
0.27357 0.72643
0.99649 0.00351
0.09933 0.90067
0.91293 0.08707
0.99867 0.00133
0.99954 0.00046
0.34177 0.65823
0.16353 0.83647
0.16884 0.83116
0.31682 0.68318
0.69916 0.30084
0.10742 0.89258
0.33589 0.66411
0.17773 0.82227
0.18782 0.81218
0.18233 0.81767
0.25521 0.74479
0.99513 0.00487
0.29325 0.70675
0.29325 0.70675
0.29325 0.70675
0.27478 0.72522
0.99532 0.00468
0.99920 0.00080
0.99933 0.00067
0.99921 0.00079
0.48751 0.51249
0.99680 0.00320
0.49716 0.50284
0.43568 0.56432
0.99926 0.00074
0.99935 0.00065
0.99280 0.00720
0.99468 0.00532
0.37250 0.62750
0.21451 0.78549
0.06721 0.93279
0.32204 0.67796
0.33977 0.66023
0.76309 0.23691
0.93826 0.06174
0.82565 0.17435
0.53465 0.46535
0.98393 0.01607
0.43149 0.56851
0.49703 0.50297
0.23930 0.76070
0.76288 0.23712
0.74635 0.25365
0.50067 0.49933
0.77548 0.22452
0.12689 0.87311
0.48976 0.51024
0.37023 0.62977
0.35315 0.64685
0.99984 0.00016
0.99989 0.00011
0.99995 0.00005
0.99977 0.00023
0.84437 0.15563
0.99982 0.00018
0.99987 0.00013
0.99995 0.00005
0.99974 0.00026
0.82780 0.17220
1.00000 0.00000
0.25503 0.74497
1.00000 0.00000
0.27546 0.72454
0.08245 0.91755
0.08792 0.91208
0.96564 0.03436
0.34492 0.65508
0.27284 0.72716
0.18084 0.81916
0.21839 0.78161
0.27142 0.72858
0.20281 0.79719
0.16264 0.83736
0.17399 0.82601
0.38017 0.61983
0.39264 0.60736
1.00000 0.00000
1.00000 0.00000
0.97765 0.02235
1.00000 0.00000
0.99999 0.00001
0.94794 0.05206
0.16718 0.83282
0.11155 0.88845
0.09906 0.90094
0.33047 0.66953
0.24263 0.75737
0.22939 0.77061
0.16192 0.83808
0.20660 0.79340
0.14458 0.85542
0.99963 0.00037
0.44030 0.55970
0.71358 0.28642
0.32487 0.67513
0.99989 0.00011
0.29708 0.70292
0.71358 0.28642
0.32487 0.67513
0.99989 0.00011
0.29708 0.70292
0.99963 0.00037
0.44030 0.55970
0.98036 0.01964
0.98739 0.01261
0.95380 0.04620
0.51958 0.48042
0.49489 0.50511
0.26626 0.73374
0.28420 0.71580
1.00000 0.00000
0.99984 0.00016
0.96473 0.03527
0.99973 0.00027
0.35409 0.64591
0.99954 0.00046
0.86094 0.13906
0.85645 0.14355
0.85054 0.14946
0.97039 0.02961
0.76668 0.23332
0.70836 0.29164
0.76668 0.23332
0.75396 0.24604
0.98295 0.01705
0.95723 0.04277
0.99853 0.00147
0.85336 0.14664
0.89900 0.10100
0.89900 0.10100
0.56988 0.43012
0.34865 0.65135
0.63621 0.36379
0.47043 0.52957
0.81182 0.18818
0.27565 0.72435
0.62939 0.37061
0.92736 0.07264
0.92736 0.07264
0.85307 0.14693
0.85307 0.14693
0.77671 0.22329
0.97756 0.02244
0.57931 0.42069
0.93593 0.06407
0.95043 0.04957
0.98855 0.01145
0.98863 0.01137
0.73529 0.26471
0.27696 0.72304
0.63481 0.36519
0.66211 0.33789
0.69463 0.30537
0.91928 0.08072
0.92748 0.07252
0.82822 0.17178
0.78476 0.21524
0.80010 0.19990
0.99998 0.00002
0.99999 0.00001
0.88868 0.11132
0.21119 0.78881
0.75041 0.24959
0.10957 0.89043
0.06852 0.93148
0.60108 0.39892
0.91046 0.08954
0.23093 0.76907
0.35008 0.64992
0.43309 0.56691
0.90178 0.09822
0.47803 0.52197
0.97621 0.02379
0.98767 0.01233
0.96989 0.03011
0.66108 0.33892
0.97182 0.02818
0.75010 0.24990
0.38862 0.61138
0.99042 0.00958
0.99700 0.00300
0.99883 0.00117
0.32730 0.67270
0.42101 0.57899
0.99862 0.00138
0.83338 0.16662
0.91109 0.08891
0.99919 0.00081
0.16202 0.83798
0.21999 0.78001
0.99491 0.00509
0.73631 0.26369
0.84971 0.15029
0.99705 0.00295
0.95756 0.04244
0.98586 0.01414
0.99371 0.00629
0.97881 0.02119
0.99435 0.00565
0.99784 0.00216
0.37886 0.62114
0.51024 0.48976
0.99737 0.00263
0.86550 0.13450
0.93737 0.06263
0.99852 0.00148
0.88708 0.11292
0.24134 0.75866
0.67386 0.32614
0.83950 0.16050
0.23679 0.76321
0.74537 0.25463
0.91319 0.08681
0.35756 0.64244
0.96386 0.03614
0.88314 0.11686
0.92432 0.07568
0.12915 0.87085
0.10075 0.89925
0.08913 0.91087
0.09359 0.90641
0.48356 0.51644
0.56523 0.43477
0.98234 0.01766
0.53261 0.46739
0.67437 0.32563
0.06263 0.93737
0.09560 0.90440
0.49628 0.50372
0.44555 0.55445
0.60389 0.39612
0.99788 0.00212
0.99788 0.00212
0.79876 0.20124
0.79876 0.20124
0.53481 0.46519
0.53481 0.46519
0.69708 0.30292
0.91194 0.08806
0.09291 0.90709
0.08203 0.91797
0.98774 0.01226
0.97416 0.02584
0.98327 0.01673
0.41178 0.58822
0.94867 0.05133
0.99980 0.00020
0.20579 0.79421
1.00000 0.00000
0.45568 0.54432
0.53667 0.46333
0.53667 0.46333
0.98344 0.01656
0.53599 0.46401
0.98002 0.01998
1.00000 0.00000
1.00000 0.00000
0.47288 0.52712
0.99999 0.00001
0.63382 0.36618
0.98002 0.01998
0.49081 0.50919
0.92828 0.07172
0.98969 0.01031
0.86152 0.13848
0.95016 0.04984
0.60404 0.39596
0.08766 0.91234
0.41720 0.58280
0.42527 0.57473
0.10764 0.89236
0.12015 0.87985
0.12015 0.87985
0.99971 0.00029
0.22115 0.77885
0.77477 0.22523
0.13573 0.86427
0.27966 0.72034
0.85017 0.14983
0.99987 0.00013
0.85017 0.14983
0.85017 0.14983
0.65962 0.34038
0.42765 0.57235
0.62906 0.37094
0.06060 0.93940
0.12470 0.87530
0.82039 0.17961
0.90011 0.09989
0.86856 0.13144
0.95115 0.04885
0.99973 0.00027
0.06207 0.93793
0.98508 0.01492
0.14972 0.85028
0.11097 0.88903
0.89364 0.10636
0.99487 0.00513
0.07554 0.92446
0.08518 0.91482
0.10483 0.89517
0.77211 0.22789
0.08726 0.91274
0.95375 0.04625
0.36678 0.63322
0.03257 0.96743
0.65694 0.34306
0.13069 0.86931
0.70598 0.29402
0.66990 0.33010
0.09029 0.90971
0.21831 0.78169
0.11235 0.88765
0.99999 0.00001
0.23218 0.76782
0.99979 0.00021
0.92014 0.07986
0.92014 0.07986
0.99826 0.00174
0.99834 0.00166
0.29067 0.70933
0.17354 0.82646
0.12429 0.87571
0.21177 0.78823
0.19286 0.80714
0.15914 0.84086
0.56261 0.43739
0.50862 0.49138
0.59009 0.40991
0.15776 0.84224
0.05033 0.94967
0.14356 0.85644
0.35419 0.64581
1.00000 0.00000
0.99991 0.00009
0.84180 0.15820
0.84180 0.15820
0.12995 0.87005
0.13699 0.86301
0.98878 0.01122
0.11803 0.88197
0.61392 0.38608
0.37702 0.62298
0.70089 0.29911
0.52638 0.47362
0.86944 0.13056
0.99747 0.00253
0.98676 0.01324
0.43157 0.56843
0.72262 0.27738
0.13254 0.86746
0.98313 0.01687
0.30769 0.69231
0.15083 0.84917
0.39432 0.60568
0.90843 0.09157
0.11013 0.88987
0.26405 0.73595
0.84118 0.15882
0.21000 0.79000
0.08472 0.91528
0.70632 0.29368
0.17796 0.82204
0.26269 0.73731
0.65018 0.34982
0.22208 0.77792
0.14544 0.85456
0.91708 0.08292
0.35406 0.64594
0.47624 0.52376
0.88579 0.11421
0.43672 0.56328
0.30160 0.69840
0.37630 0.62370
0.42863 0.57137
0.39081 0.60919
0.37977 0.62023
0.37630 0.62370
0.76916 0.23084
0.19419 0.80581
0.24088 0.75912
0.71402 0.28598
0.19002 0.80998
0.15879 0.84121
0.14040 0.85960
0.14125 0.85875
0.95274 0.04726
0.99437 0.00563
0.34113 0.65887
0.69675 0.30325
0.69675 0.30325
0.69675 0.30325
0.69675 0.30325
0.41927 0.58073
0.43993 0.56007
0.24435 0.75565
0.88920 0.11080
0.52887 0.47113
0.52887 0.47113
0.83566 0.16434
0.78733 0.21267
0.78733 0.21267
0.70946 0.29054
0.70946 0.29054
0.80661 0.19339
0.56754 0.43246
0.70278 0.29722
0.76117 0.23883
0.07518 0.92482
0.08214 0.91786
0.07838 0.92162
0.07009 0.92991
0.07160 0.92840
0.06715 0.93285
0.76433 0.23567
0.55547 0.44453
0.16449 0.83551
0.83677 0.16323
0.15772 0.84228
0.83677 0.16323
0.37560 0.62440
0.86874 0.13126
0.34514 0.65486
0.93080 0.06920
0.92933 0.07067
0.99422 0.00578
0.99416 0.00584
0.43749 0.56251
0.42169 0.57831
0.43749 0.56251
0.42169 0.57831
0.93478 0.06522
0.32323 0.67677
0.24275 0.75725
0.98357 0.01643
0.76110 0.23890
0.98357 0.01643
0.92558 0.07442
0.54382 0.45618
0.45682 0.54318
0.45682 0.54318
0.92492 0.07508
0.48258 0.51742
0.48705 0.51295
0.39361 0.60639
0.32123 0.67877
0.88160 0.11840
0.84800 0.15200
0.86419 0.13581
0.47232 0.52768
0.60141 0.39859
0.33521 0.66479
0.33253 0.66747
0.97241 0.02759
0.96941 0.03059
0.92214 0.07786
0.91685 0.08315
0.69866 0.30134
0.69866 0.30134
0.27155 0.72845
0.27155 0.72845
0.84801 0.15199
0.84801 0.15199
0.80923 0.19077
0.80923 0.19077
0.94604 0.05396
0.99395 0.00605
0.81579 0.18421
0.06575 0.93425
0.75841 0.24159
0.47138 0.52862
0.13033 0.86967
0.87157 0.12843
0.88981 0.11019
0.40112 0.59888
0.68730 0.31270
0.80458 0.19542
0.29932 0.70068
0.15742 0.84258
0.16920 0.83080
0.51002 0.48998
0.94687 0.05313
0.52930 0.47070
0.63173 0.36827
0.65223 0.34777
0.74059 0.25941
0.57768 0.42232
0.73355 0.26645
0.52020 0.47980
0.99923 0.00077
0.41454 0.58546
0.68774 0.31226
0.68774 0.31226
0.64207 0.35793
0.68297 0.31703
0.37914 0.62086
0.81498 0.18502
0.80687 0.19313
0.99995 0.00005
0.99986 0.00014
0.28846 0.71154
0.89426 0.10574
0.99997 0.00003
0.94892 0.05108
0.92639 0.07361
0.79149 0.20851
0.99914 0.00086
0.14657 0.85343
0.90418 0.09582
0.12934 0.87066
0.05547 0.94453
0.08236 0.91764
0.98750 0.01250
0.10583 0.89417
0.62243 0.37757
0.99382 0.00618
0.48740 0.51260
0.46314 0.53686
0.46769 0.53231
0.99490 0.00510
0.79967 0.20033
0.99431 0.00569
0.74905 0.25095
0.77038 0.22962
0.77038 0.22962
0.16313 0.83687
0.67152 0.32848
0.14034 0.85966
0.97812 0.02188
0.68416 0.31584
0.24614 0.75386
0.99974 0.00026
0.70042 0.29958
0.51908 0.48092
0.93782 0.06218
0.25161 0.74839
0.99996 0.00004
0.94590 0.05410
0.94590 0.05410
0.99900 0.00100
0.57717 0.42283
0.66670 0.33330
0.94316 0.05684
0.89567 0.10433
0.99983 0.00017
0.15494 0.84506
0.92367 0.07633
0.53561 0.46439
0.28928 0.71072
0.32617 0.67383
0.53453 0.46547
0.57785 0.42215
0.77384 0.22616
0.80481 0.19519
0.44159 0.55841
0.40184 0.59816
0.66689 0.33311
0.73072 0.26928
0.55557 0.44443
0.38381 0.61619
0.35368 0.64632
0.82622 0.17378
0.82622 0.17378
0.86237 0.13763
0.86237 0.13763
0.94653 0.05347
0.94719 0.05281
0.90387 0.09613
0.90804 0.09196
0.93379 0.06621
0.88340 0.11660
0.97312 0.02688
0.87968 0.12032
0.87180 0.12820
0.82371 0.17629
0.85704 0.14296
0.90227 0.09773
0.96338 0.03662
0.05067 0.94933
0.94717 0.05283
0.96664 0.03336
0.98466 0.01534
0.18108 0.81892
0.91613 0.08387
0.18108 0.81892
0.91613 0.08387
0.99943 0.00057
0.19234 0.80766
0.99943 0.00057
0.99991 0.00009
0.99998 0.00002
0.99991 0.00009
0.12553 0.87447
0.99691 0.00309
0.13724 0.86276
0.99962 0.00038
0.52560 0.47440
0.56907 0.43093
0.08819 0.91181
0.55111 0.44889
0.55111 0.44889
0.12739 0.87261
0.13926 0.86074
0.59160 0.40840
0.18152 0.81848
0.11547 0.88453
0.11547 0.88453
0.19617 0.80383
0.30074 0.69926
0.99778 0.00222
0.11163 0.88837
0.88131 0.11869
0.96446 0.03554
0.29454 0.70546
0.89769 0.10231
0.64712 0.35288
0.11134 0.88866
0.78341 0.21659
0.61041 0.38959
0.10849 0.89151
0.75697 0.24303
0.26960 0.73040
0.90514 0.09486
0.77381 0.22619
1.00000 0.00000
0.90883 0.09117
0.64630 0.35370
0.64630 0.35370
0.87099 0.12901
0.89336 0.10664
0.77684 0.22316
0.42197 0.57803
0.33161 0.66839
0.51080 0.48920
0.32801 0.67199
0.60477 0.39523
0.63165 0.36835
0.38952 0.61048
0.97774 0.02226
0.54659 0.45341
0.72786 0.27214
0.35226 0.64774
0.99959 0.00041
0.95301 0.04699
0.38397 0.61603
0.18305 0.81695
0.18305 0.81695
0.46371 0.53629
0.44873 0.55127
0.46531 0.53469
0.45690 0.54310
0.40718 0.59282
0.99715 0.00285
0.31276 0.68724
0.94747 0.05253
0.43975 0.56025
0.97495 0.02505
0.38051 0.61949
0.35581 0.64419
0.96870 0.03130
0.31615 0.68385
0.29507 0.70493
0.12124 0.87876
0.12124 0.87876
0.15518 0.84482
0.12576 0.87424
0.19125 0.80875
0.13926 0.86074
0.18796 0.81204
0.31663 0.68337
0.52599 0.47401
0.90990 0.09010
0.11915 0.88085
0.31533 0.68467
0.77793 0.22207
0.63703 0.36297
0.08606 0.91394
0.17299 0.82701
0.61040 0.38960
0.99836 0.00164
0.14088 0.85912
0.10461 0.89539
0.97552 0.02448
0.95104 0.04896
0.95104 0.04896
0.95104 0.04896
0.95104 0.04896
0.94084 0.05916
0.20009 0.79991
0.28926 0.71074
0.23578 0.76422
0.98798 0.01202
0.21522 0.78478
0.23396 0.76604
0.99941 0.00059
0.99831 0.00169
0.28091 0.71909
0.20726 0.79274
0.42495 0.57505
0.12532 0.87468
0.31950 0.68050
0.45328 0.54672
0.30254 0.69746
0.32225 0.67775
0.09510 0.90490
0.11268 0.88732
0.09186 0.90814
0.09186 0.90814
0.11268 0.88732
0.09186 0.90814
0.80993 0.19007
0.87912 0.12088
0.87912 0.12088
0.29360 0.70640
0.43566 0.56434
0.82262 0.17738
0.82590 0.17410
0.81331 0.18669
0.74618 0.25382
0.79907 0.20093
0.85978 0.14022
0.64876 0.35124
0.98677 0.01323
0.99823 0.00177
0.99851 0.00149
0.99913 0.00087
0.88141 0.11859
0.94336 0.05664
0.89605 0.10395
0.49472 0.50528
0.72866 0.27134
0.88213 0.11787
0.88005 0.11995
0.88005 0.11995
0.99987 0.00013
0.88005 0.11995
0.99986 0.00014
0.99986 0.00014
0.23948 0.76052
0.33194 0.66806
0.36381 0.63619
0.33194 0.66806
0.36381 0.63619
0.09760 0.90240
0.17082 0.82918
0.49673 0.50327
0.99575 0.00425
0.49098 0.50902
0.99579 0.00421
0.99197 0.00803
0.99406 0.00594
0.42607 0.57393
0.66082 0.33918
0.99973 0.00027
0.87134 0.12866
0.99899 0.00101
0.92422 0.07578
0.99993 0.00007
0.99993 0.00007
0.92341 0.07659
0.99992 0.00008
0.99990 0.00010
0.99990 0.00010
0.99992 0.00008
0.63320 0.36680
0.99997 0.00003
0.99997 0.00003
0.62911 0.37089
0.46642 0.53358
0.99992 0.00008
0.99992 0.00008
0.46218 0.53782
0.39206 0.60794
0.52303 0.47697
0.98594 0.01406
0.08461 0.91539
0.12919 0.87081
0.14422 0.85578
0.20689 0.79311
0.14407 0.85593
0.20009 0.79991
0.15201 0.84799
0.09980 0.90020
0.21508 0.78492
0.99357 0.00643
0.21508 0.78492
0.19263 0.80737
0.27285 0.72715
0.20601 0.79399
0.18081 0.81919
0.25413 0.74587
0.99994 0.00006
0.99994 0.00006
0.99768 0.00232
0.99768 0.00232
0.62647 0.37353
0.62647 0.37353
0.68649 0.31351
0.68649 0.31351
0.67844 0.32156
0.67844 0.32156
0.62647 0.37353
0.62647 0.37353
0.63679 0.36321
0.80124 0.19876
0.98087 0.01913
0.99902 0.00098
0.63679 0.36321
0.80124 0.19876
0.63679 0.36321
0.80124 0.19876
0.68615 0.31385
0.83689 0.16311
0.08636 0.91364
0.99820 0.00180
0.11620 0.88380
0.97621 0.02379
0.12283 0.87717
0.97261 0.02739
0.06605 0.93395
0.54981 0.45019
0.65758 0.34242
0.99588 0.00412
0.67599 0.32401
0.95262 0.04738
0.74708 0.25292
0.05877 0.94123
0.97214 0.02786
0.40241 0.59759
0.15944 0.84056
0.19261 0.80739
0.99988 0.00012
0.05565 0.94435
0.61746 0.38254
0.23624 0.76376
0.77391 0.22609
0.98867 0.01133
0.93631 0.06369
0.76406 0.23594
0.13912 0.86088
0.73064 0.26936
0.73064 0.26936
0.07344 0.92656
0.53182 0.46818
0.52128 0.47872
0.75221 0.24779
0.85452 0.14548
0.85452 0.14548
0.06992 0.93008
0.35209 0.64791
0.09506 0.90494
0.24241 0.75759
0.06428 0.93572
0.06851 0.93149
0.13672 0.86328
0.48740 0.51260
0.95174 0.04826
0.18278 0.81722
0.97949 0.02051
0.49789 0.50211
0.97949 0.02051
0.49789 0.50211
0.07106 0.92894
0.44222 0.55778
0.55545 0.44455
0.93343 0.06657
0.41748 0.58252
0.95231 0.04769
0.52478 0.47522
0.84562 0.15438
0.83820 0.16180
0.77314 0.22686
0.80488 0.19512
0.12281 0.87719
0.08509 0.91491
0.84240 0.15760
0.30408 0.69592
0.27104 0.72896
0.34784 0.65216
0.18625 0.81375
0.06743 0.93257
0.11403 0.88597
0.12188 0.87812
0.16405 0.83595
0.64148 0.35852
0.06835 0.93165
0.12956 0.87044
0.46760 0.53240
0.25827 0.74173
0.09144 0.90856
0.02499 0.97501
0.05917 0.94083
0.36401 0.63599
0.39298 0.60702
0.10676 0.89324
0.10635 0.89365
0.98696 0.01304
0.99812 0.00188
0.97867 0.02133
0.99554 0.00446
0.99791 0.00209
0.98696 0.01304
0.99812 0.00188
0.97867 0.02133
0.99554 0.00446
0.99791 0.00209
0.14514 0.85486
0.74647 0.25353
0.15028 0.84972
0.73013 0.26987
0.24219 0.75781
0.10187 0.89813
0.98009 0.01991
0.81092 0.18908
0.65437 0.34563
0.65843 0.34157
0.90695 0.09305
0.90067 0.09933
0.99957 0.00043
0.94521 0.05479
0.99979 0.00021
0.76724 0.23276
0.99993 0.00007
0.72452 0.27548
0.99994 0.00006
0.82124 0.17876
0.90682 0.09318
0.87904 0.12096
0.55586 0.44414
0.76141 0.23859
0.49771 0.50229
0.84977 0.15023
0.98658 0.01342
0.81147 0.18853
0.98815 0.01185
0.99994 0.00006
0.98253 0.01747
0.92020 0.07980
0.98625 0.01375
0.99993 0.00007
0.73318 0.26682
0.90458 0.09542
0.16234 0.83766
0.09106 0.90894
0.09726 0.90274
0.35182 0.64818
0.12753 0.87247
0.60214 0.39786
0.92860 0.07140
0.19749 0.80251
0.74256 0.25744
0.99556 0.00444
0.99851 0.00149
0.55219 0.44781
0.21515 0.78485
0.34910 0.65090
0.93132 0.06868
0.93132 0.06868
0.97070 0.02930
0.71629 0.28371
0.71629 0.28371
0.98927 0.01073
0.67425 0.32575
0.67425 0.32575
0.98667 0.01333
0.46512 0.53488
0.46342 0.53658
0.98910 0.01090
0.93132 0.06868
0.93132 0.06868
0.97070 0.02930
0.67425 0.32575
0.67425 0.32575
0.98667 0.01333
0.93132 0.06868
0.93132 0.06868
0.97070 0.02930
0.98748 0.01252
0.98748 0.01252
0.64128 0.35872
0.64128 0.35872
0.98024 0.01976
0.35904 0.64096
0.60329 0.39671
0.36622 0.63378
0.91085 0.08915
0.95808 0.04192
0.96155 0.03845
0.99999 0.00001
0.35878 0.64122
0.36828 0.63172
0.14387 0.85613
0.21035 0.78965
0.21698 0.78302
0.76670 0.23330
0.31938 0.68062
0.32898 0.67102
0.99813 0.00187
0.99838 0.00162
0.94979 0.05021
0.99996 0.00004
0.99996 0.00004
0.99974 0.00026
0.99978 0.00022
0.80084 0.19916
0.81303 0.18697
0.85907 0.14093
0.70574 0.29426
0.94772 0.05228
0.20118 0.79882
0.99962 0.00038
0.99985 0.00015
0.84668 0.15332
0.93461 0.06539
0.30559 0.69441
0.96170 0.03830
0.89009 0.10991
0.48286 0.51714
0.71248 0.28752
0.78170 0.21830
0.45872 0.54128
0.59611 0.40389
0.91747 0.08253
0.99883 0.00117
0.99961 0.00039
0.78121 0.21879
0.99956 0.00044
0.99983 0.00017
0.51726 0.48274
1.00000 0.00000
1.00000 0.00000
0.94314 0.05686
0.65274 0.34726
1.00000 0.00000
1.00000 0.00000
1.00000 0.00000
0.89656 0.10344
0.79456 0.20544
0.90835 0.09165
0.97036 0.02964
0.18626 0.81374
0.97991 0.02009
0.99036 0.00964
0.96242 0.03758
0.80198 0.19802
0.89128 0.10872
0.06945 0.93055
0.25792 0.74208
0.96190 0.03810
0.98086 0.01914
0.35551 0.64449
0.61536 0.38464
0.76411 0.23589
0.40561 0.59439
0.91806 0.08194
0.91806 0.08194
0.87118 0.12882
0.29949 0.70051
0.49856 0.50144
0.08163 0.91837
0.25494 0.74506
0.96509 0.03491
0.67307 0.32693
0.56089 0.43911
0.50502 0.49498
0.12558 0.87442
0.20258 0.79742
0.22558 0.77442
0.09692 0.90308
0.30755 0.69245
0.72786 0.27214
0.86045 0.13955
0.66087 0.33913
0.13576 0.86424
0.24649 0.75351
0.52938 0.47062
0.71532 0.28468
0.58818 0.41182
0.24649 0.75351
0.52938 0.47062
0.60062 0.39938
0.99713 0.00287
0.57950 0.42050
0.99750 0.00250
0.99924 0.00076
0.75674 0.24326
0.24706 0.75294
0.51126 0.48874
0.86478 0.13522
0.88069 0.11931
0.39900 0.60100
0.41274 0.58726
0.72482 0.27518
0.74872 0.25128
0.18616 0.81384
0.31876 0.68124
0.18616 0.81384
0.31876 0.68124
0.67940 0.32060
0.46135 0.53865
0.95711 0.04289
0.89663 0.10337
0.60738 0.39262
0.99541 0.00459
0.20787 0.79213
0.26751 0.73249
0.99929 0.00071
0.99955 0.00045
0.99572 0.00428
0.99572 0.00428
0.34929 0.65071
0.43502 0.56498
0.43502 0.56498
0.32135 0.67865
0.62059 0.37941
0.62059 0.37941
0.59152 0.40848
0.39352 0.60648
0.95351 0.04649
0.59152 0.40848
0.39352 0.60648
0.95351 0.04649
0.59152 0.40848
0.39352 0.60648
0.95351 0.04649
0.06036 0.93964
0.06177 0.93823
0.07133 0.92867
0.06472 0.93528
0.09834 0.90166
0.28701 0.71299
0.10947 0.89053
0.43997 0.56003
0.56068 0.43932
0.69035 0.30965
0.64265 0.35735
0.99706 0.00294
0.53824 0.46177
0.20455 0.79545
0.70827 0.29173
0.85043 0.14957
0.86238 0.13762
0.99575 0.00425
0.99901 0.00099
0.99999 0.00001
0.87615 0.12385
0.99991 0.00009
0.85574 0.14426
0.99991 0.00009
0.84725 0.15275
0.99316 0.00684
0.98245 0.01755
0.91796 0.08204
0.98245 0.01755
0.55448 0.44552
0.27221 0.72779
0.15606 0.84394
0.48993 0.51007
0.98453 0.01547
0.99807 0.00193
0.99015 0.00985
0.48993 0.51007
0.98453 0.01547
0.19172 0.80828
0.14159 0.85841
0.17929 0.82071
0.51734 0.48266
0.43130 0.56870
0.20670 0.79330
0.99998 0.00002
0.99993 0.00007
0.30816 0.69184
0.42959 0.57041
0.34096 0.65904
1.00000 0.00000
1.00000 0.00000
0.99999 0.00001
0.99999 0.00001
0.30640 0.69360
0.98803 0.01197
0.97504 0.02496
0.31570 0.68430
0.99957 0.00043
0.19765 0.80235
0.94374 0.05626
0.99866 0.00134
0.99995 0.00005
0.99970 0.00030
0.97179 0.02821
0.99994 0.00006
0.99998 0.00002
0.97447 0.02553
0.98008 0.01992
0.99984 0.00016
0.40569 0.59431
0.84153 0.15847
0.94414 0.05586
0.84665 0.15335
0.90163 0.09837
0.91803 0.08197
0.94417 0.05583
0.87916 0.12084
0.90084 0.09916
0.77195 0.22805
0.98576 0.01424
0.99226 0.00774
0.84132 0.15868
0.99350 0.00650
0.63345 0.36655
0.23000 0.77000
0.76004 0.23996
0.98832 0.01168
0.05997 0.94003
0.45005 0.54995
0.75598 0.24402
0.15015 0.84985
0.25460 0.74540
0.74778 0.25222
0.13070 0.86930
0.20616 0.79384
0.99997 0.00003
0.10372 0.89628
0.13900 0.86100
0.12007 0.87993
0.71450 0.28550
0.19561 0.80439
0.53202 0.46798
0.99961 0.00039
0.31397 0.68603
0.89779 0.10221
0.94163 0.05837
0.99999 0.00001
0.99955 0.00045
0.74396 0.25604
0.18165 0.81835
0.53512 0.46488
0.60875 0.39125
0.70869 0.29131
0.53434 0.46566
0.05463 0.94537
0.13658 0.86342
0.13152 0.86848
0.72960 0.27040
0.98986 0.01014
0.98129 0.01871
0.69638 0.30362
0.55313 0.44687
0.99999 0.00001
0.05850 0.94150
0.10750 0.89250
0.13822 0.86178
0.29078 0.70922
0.07121 0.92879
0.05806 0.94194
0.99917 0.00083
0.02869 0.97131
0.08968 0.91032
0.91400 0.08600
0.08055 0.91945
0.07272 0.92728
0.94499 0.05501
1.00000 0.00000
0.94270 0.05730
0.97654 0.02346
0.98922 0.01078
0.96955 0.03045
0.95412 0.04588
0.89222 0.10778
0.99991 0.00009
0.89314 0.10686
0.95412 0.04588
0.89222 0.10778
0.56050 0.43950
0.44430 0.55570
0.45883 0.54117
0.18790 0.81210
0.99366 0.00634
0.18944 0.81056
0.99673 0.00327
0.27365 0.72635
0.29011 0.70989
0.98705 0.01295
0.49774 0.50226
0.31703 0.68297
0.39160 0.60840
0.32778 0.67222
0.42793 0.57207
0.32778 0.67222
0.40339 0.59661
0.16496 0.83504
0.99997 0.00003
0.37462 0.62538
0.40106 0.59894
0.99674 0.00326
0.97772 0.02228
0.36084 0.63916
0.39503 0.60497
0.77011 0.22989
0.38425 0.61575
0.27700 0.72300
0.19686 0.80314
0.86029 0.13971
0.89835 0.10165
0.78347 0.21653
0.39786 0.60214
0.86299 0.13701
0.12937 0.87063
0.75303 0.24697
0.16440 0.83560
0.56038 0.43962
0.56038 0.43962
0.19444 0.80556
0.55846 0.44154
0.54625 0.45375
0.97157 0.02843
0.86855 0.13145
0.79048 0.20952
0.97157 0.02843
0.25125 0.74875
0.76282 0.23718
0.74412 0.25588
0.92836 0.07164
0.31490 0.68510
0.37752 0.62248
0.36328 0.63672
0.51526 0.48474
0.51526 0.48474
0.34748 0.65252
0.34748 0.65252
0.42043 0.57957
0.42043 0.57957
0.42220 0.57780
0.42220 0.57780
0.55289 0.44711
0.65293 0.34707
0.40471 0.59529
0.50820 0.49180
0.48934 0.51066
0.40958 0.59042
0.49286 0.50714
0.49284 0.50716
0.36683 0.63317
0.36683 0.63317
0.98564 0.01436
0.71197 0.28803
0.82419 0.17581
0.66426 0.33574
0.41778 0.58222
0.46172 0.53828
0.10250 0.89750
0.28086 0.71914
0.10572 0.89428
0.10572 0.89428
0.70151 0.29849
0.70151 0.29849
0.11521 0.88479
0.11521 0.88479
0.18175 0.81825
0.65686 0.34314
0.31793 0.68207
0.79861 0.20139
0.79861 0.20139
0.98190 0.01810
0.94839 0.05161
0.50064 0.49936
0.32969 0.67031
0.77564 0.22436
0.74943 0.25057
0.29471 0.70529
0.10515 0.89485
0.87373 0.12627
0.27547 0.72453
0.88570 0.11430
0.99990 0.00010
0.96046 0.03954
0.27211 0.72789
0.94474 0.05526
0.42748 0.57252
0.92315 0.07685
0.99996 0.00004
0.97623 0.02377
0.33180 0.66820
0.28367 0.71633
0.21889 0.78111
0.22023 0.77977
0.95743 0.04257
0.84792 0.15208
0.84792 0.15208
0.84792 0.15208
0.84792 0.15208
0.86404 0.13596
0.90762 0.09238
0.86404 0.13596
0.90762 0.09238
0.04999 0.95001
0.98233 0.01767
0.99962 0.00038
0.39353 0.60647
0.79657 0.20343
0.74786 0.25214
0.54736 0.45264
0.57168 0.42832
0.53027 0.46973
0.57168 0.42832
0.68810 0.31190
0.51505 0.48495
0.51505 0.48495
0.56927 0.43073
0.56927 0.43073
0.74017 0.25983
0.70965 0.29035
0.74017 0.25983
0.70965 0.29035
0.08399 0.91601
0.51024 0.48976
0.50446 0.49554
0.34412 0.65588
0.22793 0.77207
0.09257 0.90743
0.08854 0.91146
0.83272 0.16728
0.87534 0.12466
0.16237 0.83763
0.98842 0.01158
0.55109 0.44891
0.31628 0.68372
0.47258 0.52742
0.23156 0.76844
0.18135 0.81865
0.11491 0.88509
0.16300 0.83700
0.16406 0.83594
0.99969 0.00031
0.99959 0.00041
0.81646 0.18354
0.96198 0.03802
0.99417 0.00583
0.99417 0.00583
0.99381 0.00619
0.99381 0.00619
0.12277 0.87723
0.28985 0.71015
0.89572 0.10428
0.91462 0.08538
0.67465 0.32535
0.37144 0.62856
0.87140 0.12860
0.72273 0.27727
0.87140 0.12860
0.22627 0.77373
0.13047 0.86953
0.57432 0.42568
0.30744 0.69257
0.99101 0.00899
0.12856 0.87144
0.14683 0.85317
0.18322 0.81678
0.37999 0.62001
0.44280 0.55720
0.51812 0.48188
0.57121 0.42879
0.63821 0.36179
0.75482 0.24518
0.99040 0.00960
0.96370 0.03630
0.54925 0.45075
0.28380 0.71620
0.86527 0.13473
0.71505 0.28495
0.44278 0.55722
0.92297 0.07703
0.18225 0.81775
0.74697 0.25303
0.50402 0.49598
0.83582 0.16418
0.96647 0.03353
0.96647 0.03353
0.47892 0.52108
0.31605 0.68395
0.76769 0.23231
0.47892 0.52108
0.76769 0.23231
0.99227 0.00773
0.99886 0.00114
0.45476 0.54524
0.99227 0.00773
0.45476 0.54524
0.37063 0.62937
0.99968 0.00032
0.97254 0.02746
0.99974 0.00026
0.97271 0.02729
0.92079 0.07921
0.99958 0.00042
0.88879 0.11121
0.75831 0.24169
0.99811 0.00189
0.69368 0.30632
0.80909 0.19091
0.62195 0.37805
0.90133 0.09867
0.90133 0.09867
0.86806 0.13194
0.91540 0.08460
0.93489 0.06511
0.15495 0.84505
0.95590 0.04410
0.95787 0.04213
0.98728 0.01272
0.99963 0.00037
0.97669 0.02331
0.86974 0.13026
0.99998 0.00002
0.14037 0.85963
0.91612 0.08388
0.12126 0.87874
0.99204 0.00796
0.94205 0.05795
0.48712 0.51288
0.96709 0.03291
0.99853 0.00147
0.96237 0.03763
0.99849 0.00151
0.99853 0.00147
0.96237 0.03763
0.99849 0.00151
0.99965 0.00035
0.95623 0.04377
0.99964 0.00036
0.99965 0.00035
0.95623 0.04377
0.99964 0.00036
0.99266 0.00734
0.15677 0.84323
0.89155 0.10845
0.93706 0.06294
0.06396 0.93604
0.99696 0.00304
0.99753 0.00247
0.99661 0.00339
0.99586 0.00414
0.74605 0.25395
0.99432 0.00568
0.27937 0.72063
0.99704 0.00296
0.92079 0.07921
0.99978 0.00022
0.92149 0.07851
0.92149 0.07851
0.62064 0.37936
0.61991 0.38009
0.09782 0.90218
0.94712 0.05288
0.99903 0.00097
0.89515 0.10485
0.08766 0.91234
0.08628 0.91372
0.85401 0.14599
0.09273 0.90727
0.10567 0.89433
0.09452 0.90548
0.03924 0.96076
0.15056 0.84944
0.16207 0.83793
0.85856 0.14144
0.28715 0.71285
0.99992 0.00008
0.99991 0.00009
0.99990 0.00010
0.99990 0.00010
0.99897 0.00103
0.83971 0.16029
0.98301 0.01699
0.98752 0.01248
0.91115 0.08885
0.47519 0.52481
0.30300 0.69700
0.25029 0.74971
0.27964 0.72036
0.15018 0.84982
0.17459 0.82541
0.50874 0.49126
0.73154 0.26846
0.18094 0.81906
0.49889 0.50111
0.99737 0.00263
0.99743 0.00257
0.99988 0.00012
0.99988 0.00012
0.99988 0.00012
0.99988 0.00012
0.99995 0.00005
0.99995 0.00005
0.99995 0.00005
0.88744 0.11256
0.42474 0.57526
0.99991 0.00009
0.60063 0.39937
0.99991 0.00009
0.99787 0.00213
0.99791 0.00209
0.99791 0.00209
0.08917 0.91083
0.16499 0.83501
0.19360 0.80640
0.13799 0.86201
0.73893 0.26107
0.48725 0.51275
0.94817 0.05183
0.14816 0.85184
0.68895 0.31105
0.32487 0.67513
0.98869 0.01131
0.99420 0.00580
0.46273 0.53727
0.16350 0.83650
0.18800 0.81200
0.99937 0.00063
0.89875 0.10125
0.09564 0.90436
0.99198 0.00802
0.09086 0.90914
0.16517 0.83483
0.24878 0.75122
0.19420 0.80580
0.35467 0.64533
0.93034 0.06966
0.21261 0.78739
0.70678 0.29322
0.45523 0.54477
0.97215 0.02785
0.98614 0.01386
0.96774 0.03226
0.99338 0.00662
0.98462 0.01538
0.99672 0.00328
0.16884 0.83116
0.99686 0.00314
0.99686 0.00314
0.99686 0.00314
0.99498 0.00502
0.99498 0.00502
0.99498 0.00502
0.20708 0.79292
0.34786 0.65214
0.99978 0.00022
0.98580 0.01420
0.99955 0.00045
0.99512 0.00488
0.90200 0.09800
0.99074 0.00926
0.99955 0.00045
0.99512 0.00488
0.93991 0.06009
0.85087 0.14913
0.17313 0.82687
0.99793 0.00207
0.99945 0.00055
0.99439 0.00561
0.99932 0.00068
0.14202 0.85798
0.35099 0.64901
0.58504 0.41496
0.89315 0.10685
0.92606 0.07395
0.33155 0.66845
0.19718 0.80282
0.28900 0.71100
0.36548 0.63452
0.36548 0.63452
0.41370 0.58630
0.41370 0.58630
0.41815 0.58185
0.99170 0.00830
0.99052 0.00948
0.59083 0.40917
0.91954 0.08046
0.97826 0.02174
0.17581 0.82419
0.79536 0.20464
0.99980 0.00020
1.00000 0.00000
0.93516 0.06484
0.99315 0.00685
0.99315 0.00685
0.99315 0.00685
0.93276 0.06724
0.93276 0.06724
0.93276 0.06724
0.99315 0.00685
0.99315 0.00685
0.99315 0.00685
0.99315 0.00685
0.99315 0.00685
0.99315 0.00685
0.97858 0.02142
0.99894 0.00106
0.69915 0.30085
0.99982 0.00018
0.99783 0.00217
0.70601 0.29399
0.68350 0.31650
0.87792 0.12208
0.71570 0.28430
0.99997 0.00003
0.62479 0.37521
0.99997 0.00003
0.11511 0.88489
0.99420 0.00580
0.99104 0.00896
0.47393 0.52607
0.47429 0.52571
0.47699 0.52301
0.13852 0.86148
0.18901 0.81099
0.29499 0.70501
0.24230 0.75770
0.30242 0.69758
0.02367 0.97633
0.82323 0.17677
0.93471 0.06529
0.06937 0.93063
0.18723 0.81277
0.99992 0.00008
0.99153 0.00847
0.99583 0.00417
0.87326 0.12674
0.99851 0.00149
0.99940 0.00060
0.99983 0.00017
0.50169 0.49831
0.25084 0.74916
0.09855 0.90145
0.09855 0.90145
0.11214 0.88786
0.27871 0.72129
0.22702 0.77298
0.45681 0.54320
0.45681 0.54320
0.98790 0.01210
0.95614 0.04386
0.95813 0.04187
0.93662 0.06338
0.94065 0.05935
0.95747 0.04253
0.96054 0.03946
0.19490 0.80510
0.19490 0.80510
0.12907 0.87093
0.98684 0.01316
0.99712 0.00288
0.29945 0.70055
0.54481 0.45519
0.09695 0.90305
0.09170 0.90830
0.09695 0.90305
0.09170 0.90830
0.10639 0.89361
0.18976 0.81024
0.05242 0.94758
0.11309 0.88691
0.10322 0.89678
0.11921 0.88079
0.14789 0.85211
0.14789 0.85211
0.31169 0.68831
0.29856 0.70144
0.99646 0.00354
0.86416 0.13584
0.58227 0.41773
0.84121 0.15879
0.55697 0.44303
0.55697 0.44303
0.85119 0.14881
0.57432 0.42568
0.57432 0.42568
0.15021 0.84979
0.37588 0.62412
0.39330 0.60670
0.29215 0.70785
0.48757 0.51243
0.33397 0.66603
0.33397 0.66603
0.23164 0.76836
0.56685 0.43315
0.20796 0.79204
0.12746 0.87254
0.03756 0.96244
0.07604 0.92396
0.98430 0.01570
0.98774 0.01226
0.23578 0.76422
0.88799 0.11201
0.09384 0.90616
0.99833 0.00167
0.99989 0.00011
0.99996 0.00004
1.00000 0.00000
0.99997 0.00003
0.03800 0.96200
0.28165 0.71835
0.08696 0.91304
0.78429 0.21571
0.22145 0.77855
0.48596 0.51404
0.98392 0.01608
0.99785 0.00215
0.99816 0.00184
0.99816 0.00184
0.01759 0.98241
0.43012 0.56988
0.77102 0.22898
0.37020 0.62980
0.99996 0.00004
0.90322 0.09678
0.91266 0.08734
0.99999 0.00001
0.99998 0.00002
0.99999 0.00001
0.46794 0.53206
0.99995 0.00005
0.38430 0.61570
0.99993 0.00007
0.48253 0.51747
0.99995 0.00005
0.46787 0.53213
0.99995 0.00005
0.49549 0.50451
0.77629 0.22371
0.22625 0.77375
0.94696 0.05304
0.89854 0.10146
0.91003 0.08997
0.93304 0.06696
0.93169 0.06831
0.92054 0.07946
0.97561 0.02439
0.97610 0.02390
0.97183 0.02817
0.98799 0.01201
0.98661 0.01339
0.98661 0.01339
0.96126 0.03874
0.95756 0.04244
0.95756 0.04244
0.07525 0.92475
0.93152 0.06848
0.39982 0.60018
0.97318 0.02682
0.34606 0.65394
0.99736 0.00264
0.96599 0.03401
0.99107 0.00893
0.98791 0.01209
0.20073 0.79927
0.30938 0.69062
0.81965 0.18035
0.96847 0.03153
0.87136 0.12864
0.06206 0.93794
0.05899 0.94101
0.06409 0.93591
0.06206 0.93794
0.05899 0.94101
0.06409 0.93591
0.99959 0.00041
0.28029 0.71971
0.38323 0.61677
0.34265 0.65735
0.99933 0.00067
0.82280 0.17720
0.72673 0.27327
0.99993 0.00007
0.67774 0.32226
0.82460 0.17540
0.99897 0.00103
0.99981 0.00019
0.62578 0.37422
0.99989 0.00011
0.99972 0.00028
0.95909 0.04091
0.99870 0.00130
0.40030 0.59970
0.49543 0.50457
0.44572 0.55428
0.99870 0.00130
0.99934 0.00066
0.99793 0.00207
0.99934 0.00066
0.99790 0.00210
0.99997 0.00003
0.56820 0.43180
0.42493 0.57507
0.56820 0.43180
0.42662 0.57338
0.78642 0.21358
0.46367 0.53633
0.32551 0.67449
0.46367 0.53633
0.32665 0.67335
0.70752 0.29248
0.99934 0.00066
0.99793 0.00207
0.99934 0.00066
0.99790 0.00210
0.99997 0.00003
0.51429 0.48571
0.37292 0.62708
0.51429 0.48571
0.37363 0.62637
0.74766 0.25234
0.99999 0.00001
0.99986 0.00014
0.99997 0.00003
0.64741 0.35259
0.93721 0.06279
0.98445 0.01555
0.98484 0.01516
0.81852 0.18148
0.81852 0.18148
0.98484 0.01516
0.98519 0.01481
0.98559 0.01441
0.82368 0.17632
0.82368 0.17632
0.98559 0.01441
0.98117 0.01883
0.98186 0.01814
0.79991 0.20009
0.79991 0.20009
0.98186 0.01814
0.35931 0.64069
0.99544 0.00456
0.33110 0.66890
0.33110 0.66890
0.99544 0.00456
0.99421 0.00579
0.94958 0.05042
0.94056 0.05944
0.94056 0.05944
0.94958 0.05042
0.99603 0.00397
0.96471 0.03529
0.38189 0.61811
0.38189 0.61811
0.96471 0.03529
0.99603 0.00397
0.96471 0.03529
0.38189 0.61811
0.38189 0.61811
0.96471 0.03529
0.98866 0.01134
0.11096 0.88904
0.04692 0.95308
0.15004 0.84996
0.10718 0.89282
0.07093 0.92907
0.15880 0.84120
0.31811 0.68189
0.30435 0.69565
0.48994 0.51006
0.46719 0.53281
0.08099 0.91901
0.22504 0.77496
0.23955 0.76045
0.36351 0.63649
0.22807 0.77193
0.09755 0.90245
0.16615 0.83385
0.19084 0.80916
0.18354 0.81646
0.41174 0.58826
0.88638 0.11362
0.99608 0.00392
0.77570 0.22430
0.99034 0.00966
0.88638 0.11362
0.99608 0.00392
0.77570 0.22430
0.99034 0.00966
0.86482 0.13518
0.97707 0.02293
0.86482 0.13518
0.97707 0.02293
0.75649 0.24351
0.95040 0.04960
0.87276 0.12724
0.97707 0.02293
0.98800 0.01200
0.94097 0.05903
0.98800 0.01200
0.94097 0.05903
0.97388 0.02612
0.88109 0.11891
0.76451 0.23549
0.70827 0.29173
0.95202 0.04798
0.76451 0.23549
0.70827 0.29173
0.95202 0.04798
0.63972 0.36028
0.57042 0.42958
0.90950 0.09050
0.98997 0.01003
0.22245 0.77755
0.26316 0.73684
0.46457 0.53543
0.21146 0.78854
0.54360 0.45640
0.23119 0.76881
0.99892 0.00108
0.99895 0.00105
0.33196 0.66804
0.99805 0.00195
0.84587 0.15413
0.99875 0.00125
0.28769 0.71231
0.99969 0.00031
0.99645 0.00356
0.99931 0.00069
0.88222 0.11778
0.99432 0.00568
0.99714 0.00286
0.90627 0.09373
0.66077 0.33923
0.76213 0.23787
0.23706 0.76294
0.09241 0.90759
0.12019 0.87981
0.99850 0.00150
0.99850 0.00150
0.99850 0.00150
0.27009 0.72991
0.33707 0.66293
0.27009 0.72991
0.33707 0.66293
0.27009 0.72991
0.33707 0.66293
0.27009 0.72991
0.33707 0.66293
0.78966 0.21034
0.86418 0.13582
0.78966 0.21034
0.86418 0.13582
0.27009 0.72991
0.33707 0.66293
0.27009 0.72991
0.33707 0.66293
0.63425 0.36575
0.97657 0.02343
0.63425 0.36575
0.15689 0.84311
0.90201 0.09799
0.13340 0.86660
0.17590 0.82410
0.80413 0.19587
0.77099 0.22901
0.18385 0.81615
0.95595 0.04405
0.13749 0.86251
0.76716 0.23284
0.19830 0.80170
0.99195 0.00805
0.99857 0.00143
0.71247 0.28753
0.68332 0.31668
0.17025 0.82975
0.68332 0.31668
0.17025 0.82975
0.85353 0.14647
0.96672 0.03328
0.45846 0.54154
0.53927 0.46073
0.28192 0.71808
0.48978 0.51022
0.57030 0.42970
0.86849 0.13151
0.56596 0.43404
0.41187 0.58813
0.41187 0.58813
0.41187 0.58813
0.41187 0.58813
0.78736 0.21264
0.22519 0.77481
0.41929 0.58071
0.27137 0.72863
0.21859 0.78141
0.16219 0.83781
0.92469 0.07531
0.71561 0.28439
0.16959 0.83041
0.31133 0.68867
0.20731 0.79269
0.71250 0.28750
0.44262 0.55738
0.40783 0.59217
0.18975 0.81025
0.97416 0.02584
0.26929 0.73071
0.32056 0.67944
0.96827 0.03173
0.92327 0.07673
0.30154 0.69846
0.23927 0.76073
0.09072 0.90929
0.54828 0.45172
0.16920 0.83080
0.85824 0.14176
0.77839 0.22161
0.12373 0.87627
0.11749 0.88251
0.67944 0.32056
0.10056 0.89944
0.10954 0.89046
0.76463 0.23537
0.11186 0.88814
0.09560 0.90440
0.46577 0.53423
0.29254 0.70746
0.46577 0.53423
0.29254 0.70746
0.12876 0.87124
0.19926 0.80074
0.35301 0.64699
0.51138 0.48862
0.60817 0.39183
0.48517 0.51483
0.67043 0.32957
0.19760 0.80240
0.40506 0.59494
0.68918 0.31082
0.40506 0.59494
0.68918 0.31082
0.99669 0.00331
0.79911 0.20089
0.99667 0.00333
0.90121 0.09879
0.89982 0.10018
0.48949 0.51051
0.48765 0.51235
0.48949 0.51051
0.48765 0.51235
0.48949 0.51051
0.48949 0.51051
0.98250 0.01750
0.98256 0.01744
0.52082 0.47918
0.98832 0.01168
0.20761 0.79239
0.76424 0.23576
0.59298 0.40702
0.63692 0.36308
0.99974 0.00026
0.25376 0.74624
0.24822 0.75178
0.32215 0.67785
0.22490 0.77510
0.91314 0.08686
0.09893 0.90107
0.10820 0.89180
0.11440 0.88560
0.31879 0.68121
0.17557 0.82443
0.91656 0.08344
0.62845 0.37155
0.62219 0.37781
0.12304 0.87696
0.12304 0.87696
0.12304 0.87696
0.12026 0.87974
0.12026 0.87974
0.12026 0.87974
0.22884 0.77116
0.22884 0.77116
0.22884 0.77116
0.99361 0.00639
0.97880 0.02120
0.99514 0.00486
0.26078 0.73922
0.22895 0.77105
0.99965 0.00035
0.29666 0.70334
0.98754 0.01246
0.96956 0.03044
0.34419 0.65581
0.35270 0.64730
0.99808 0.00192
0.99941 0.00059
0.98825 0.01175
0.99902 0.00098
0.99961 0.00039
0.99998 0.00002
0.92434 0.07566
0.97606 0.02394
0.13138 0.86862
0.41422 0.58578
0.05676 0.94324
0.12937 0.87063
0.17236 0.82764
0.99815 0.00185
0.99895 0.00105
0.07351 0.92649
0.69130 0.30870
0.92960 0.07040
0.99998 0.00002
0.99989 0.00011
0.95981 0.04019
0.12166 0.87834
0.58702 0.41298
0.92729 0.07271
0.10241 0.89759
0.90075 0.09925
0.31496 0.68504
0.28577 0.71423
0.29981 0.70019
0.28344 0.71656
0.30250 0.69750
0.50662 0.49338
0.44893 0.55107
0.50662 0.49338
0.44893 0.55107
0.29215 0.70785
0.99983 0.00017
0.50794 0.49206
0.99982 0.00018
0.32469 0.67531
0.24490 0.75510
0.24490 0.75510
0.27825 0.72175
0.17751 0.82249
0.20911 0.79089
0.91057 0.08943
0.87803 0.12197
0.13041 0.86959
0.29346 0.70654
0.35389 0.64611
0.21732 0.78268
0.48752 0.51248
0.84045 0.15955
0.65920 0.34080
0.93710 0.06290
0.55099 0.44901
0.45455 0.54545
0.54903 0.45097
0.81242 0.18758
0.70318 0.29682
0.97689 0.02310
0.70318 0.29682
0.97340 0.02660
0.13985 0.86015
0.25277 0.74723
0.98677 0.01323
0.25277 0.74723
0.25277 0.74723
0.98624 0.01376
0.25277 0.74723
0.13644 0.86356
0.91416 0.08584
0.28024 0.71976
0.16689 0.83311
0.28140 0.71860
0.22231 0.77769
0.28024 0.71976
0.16689 0.83311
0.28140 0.71860
0.22231 0.77769
0.07663 0.92337
0.58261 0.41739
0.56981 0.43019
0.21665 0.78335
0.70250 0.29750
0.57842 0.42158
0.22619 0.77381
0.22619 0.77381
0.30432 0.69568
0.99984 0.00016
0.76829 0.23171
0.77438 0.22562
0.11393 0.88607
0.86113 0.13887
0.84154 0.15846
0.61590 0.38410
0.99997 0.00003
0.99997 0.00003
1.00000 0.00000
0.99998 0.00002
0.99998 0.00002
0.60243 0.39757
0.99992 0.00008
0.99992 0.00008
0.44546 0.55454
0.44037 0.55963
0.44037 0.55963
0.21190 0.78810
0.20913 0.79087
0.20913 0.79087
0.99882 0.00118
0.33684 0.66316
0.33684 0.66316
0.98321 0.01679
0.84556 0.15444
0.88943 0.11057
0.99938 0.00062
0.14171 0.85829
0.11239 0.88761
0.16708 0.83292
0.15232 0.84768
0.92544 0.07456
0.98035 0.01965
0.99995 0.00005
0.99663 0.00337
0.99933 0.00066
0.34169 0.65831
0.40221 0.59779
0.99626 0.00374
0.38538 0.61462
0.15535 0.84465
0.99477 0.00523
0.99819 0.00181
0.99978 0.00022
0.75199 0.24801
0.76526 0.23474
0.90979 0.09021
0.99803 0.00197
0.91966 0.08034
0.81485 0.18515
0.99829 0.00171
0.81485 0.18515
0.99850 0.00150
0.99850 0.00150
0.99850 0.00150
0.76661 0.23339
0.73454 0.26546
0.91507 0.08493
0.91507 0.08493
0.76764 0.23236
0.89662 0.10338
0.18729 0.81271
0.27715 0.72285
0.35079 0.64921
0.60806 0.39194
0.45967 0.54033
0.99152 0.00848
0.62637 0.37363
0.62637 0.37363
0.99190 0.00810
0.13863 0.86137
0.19276 0.80724
0.90346 0.09654
0.99999 0.00001
0.97626 0.02374
0.50896 0.49104
0.73954 0.26046
0.23790 0.76210
0.99982 0.00018
0.90479 0.09521
0.96804 0.03196
0.99998 0.00002
0.75426 0.24574
0.06946 0.93054
0.52792 0.47208
0.12688 0.87312
0.99994 0.00006
0.99999 0.00001
0.99994 0.00006
0.99999 0.00001
0.99958 0.00042
0.21912 0.78088
0.63132 0.36868
0.72750 0.27250
0.76538 0.23462
0.84795 0.15205
0.88408 0.11592
0.90654 0.09346
0.65207 0.34793
0.72757 0.27243
0.76525 0.23475
0.93070 0.06930
0.14951 0.85049
0.99971 0.00029
0.28042 0.71958
0.84229 0.15771
0.35028 0.64972
0.29619 0.70381
0.35028 0.64972
0.29619 0.70381
0.23830 0.76170
0.18252 0.81748
0.17173 0.82827
0.99108 0.00892
0.77419 0.22581
0.30902 0.69098
0.99108 0.00892
0.77419 0.22581
0.30902 0.69098
0.70092 0.29908
0.15518 0.84482
0.20618 0.79382
0.71574 0.28426
0.20618 0.79382
0.71574 0.28426
0.99451 0.00549
0.61416 0.38584
0.05837 0.94163
0.06210 0.93790
0.05727 0.94273
0.14771 0.85229
0.87868 0.12132
0.99284 0.00716
0.20988 0.79012
0.68696 0.31304
0.89636 0.10364
0.79828 0.20172
0.16101 0.83899
0.73595 0.26405
0.99986 0.00014
0.34743 0.65257
0.12829 0.87171
0.99995 0.00005
0.99996 0.00004
0.93487 0.06513
0.98891 0.01109
0.49934 0.50066
0.98891 0.01109
0.98891 0.01109
0.23526 0.76474
0.99653 0.00347
0.99908 0.00092
0.99653 0.00347
0.99599 0.00401
0.86308 0.13692
0.17505 0.82495
0.87782 0.12218
0.67513 0.32487
0.85885 0.14115
0.56083 0.43917
0.96601 0.03399
0.62669 0.37331
0.27737 0.72263
0.94767 0.05233
0.89383 0.10617
0.95274 0.04726
0.99771 0.00229
0.99944 0.00056
0.86992 0.13008
0.89704 0.10296
0.47538 0.52462
0.89325 0.10675
0.47538 0.52462
0.89325 0.10675
1.00000 0.00000
0.24323 0.75677
0.95299 0.04701
0.41710 0.58290
0.48589 0.51411
0.96589 0.03411
0.99998 0.00002
0.82414 0.17586
0.99994 0.00006
0.90230 0.09770
0.39593 0.60407
0.23919 0.76081
0.41274 0.58726
0.99150 0.00850
0.58706 0.41294
0.99856 0.00144
0.48232 0.51768
0.09769 0.90231
0.64688 0.35313
0.05592 0.94408
0.96761 0.03239
0.97734 0.02266
0.05078 0.94922
0.99899 0.00101
0.99986 0.00014
0.99905 0.00095
0.26565 0.73435
0.35209 0.64791
0.97389 0.02611
0.19482 0.80518
0.54716 0.45284
0.99971 0.00029
0.99877 0.00123
0.99932 0.00068
0.99751 0.00249
0.31280 0.68720
0.94667 0.05333
0.99960 0.00040
0.41695 0.58305
0.99983 0.00017
0.99966 0.00034
0.99994 0.00006
0.99966 0.00034
0.99994 0.00006
0.99982 0.00018
0.98319 0.01681
0.78171 0.21829
0.93749 0.06251
0.69580 0.30420
0.85767 0.14233
0.19495 0.80505
0.97692 0.02308
0.08727 0.91273
0.87641 0.12359
0.95666 0.04334
0.97630 0.02370
0.20875 0.79125
0.93728 0.06272
1.00000 0.00000
0.70358 0.29642
0.77331 0.22669
0.84342 0.15658
0.77331 0.22669
0.79157 0.20843
0.19397 0.80603
0.07684 0.92316
0.15847 0.84153
0.13263 0.86737
0.97990 0.02010
0.12589 0.87411
0.10482 0.89518
0.38316 0.61684
0.29094 0.70906
0.99264 0.00736
0.53171 0.46829
0.99723 0.00277
0.29655 0.70345
0.26907 0.73093
0.22045 0.77955
0.17045 0.82955
0.35749 0.64251
0.34147 0.65853
0.15811 0.84189
0.52307 0.47693
0.10754 0.89246
0.75456 0.24544
0.17001 0.82999
0.99699 0.00301
0.99999 0.00001
0.99951 0.00049
0.94451 0.05549
0.90084 0.09916
0.44638 0.55362
0.19484 0.80516
0.17485 0.82515
0.90809 0.09191
0.17323 0.82677
0.77372 0.22628
0.77665 0.22335
0.74703 0.25297
0.99642 0.00358
0.88922 0.11078
0.99631 0.00369
0.41755 0.58245
0.99750 0.00250
0.13094 0.86906
0.09666 0.90334
0.11969 0.88031
0.09666 0.90334
0.11969 0.88031
0.45516 0.54484
0.45516 0.54484
0.99886 0.00114
0.99957 0.00043
0.98523 0.01477
0.45516 0.54484
0.45516 0.54484
0.45516 0.54484
0.99886 0.00114
0.99957 0.00043
0.98523 0.01477
0.45516 0.54484
0.28966 0.71034
0.99832 0.00168
0.99423 0.00577
0.28966 0.71034
0.28966 0.71034
0.99832 0.00168
0.99423 0.00577
0.28966 0.71034
0.99809 0.00191
0.22242 0.77758
0.32255 0.67745
0.94065 0.05935
0.97492 0.02508
0.11039 0.88961
0.11577 0.88423
0.30402 0.69598
0.92334 0.07666
0.78920 0.21080
0.91430 0.08570
0.73758 0.26242
0.24794 0.75206
0.47438 0.52562
0.45804 0.54196
0.99606 0.00394
0.45804 0.54196
0.46507 0.53493
0.99606 0.00394
0.35647 0.64353
0.35647 0.64353
0.88722 0.11278
0.31164 0.68836
0.68112 0.31888
0.95525 0.04475
0.35878 0.64122
0.43205 0.56795
0.62882 0.37118
0.07298 0.92702
0.14106 0.85894
0.92101 0.07899
0.08277 0.91723
0.42075 0.57925
0.67182 0.32818
0.61430 0.38570
0.99977 0.00023
0.99942 0.00058
0.99713 0.00287
0.99943 0.00057
0.99851 0.00149
0.99796 0.00204
0.99812 0.00188
0.99563 0.00437
0.39530 0.60470
0.32269 0.67731
0.98083 0.01917
0.98083 0.01917
0.94762 0.05238
0.94762 0.05238
0.99834 0.00166
0.99490 0.00510
0.99649 0.00351
0.51309 0.48691
0.42099 0.57901
0.74416 0.25584
0.80128 0.19872
0.63359 0.36641
0.67371 0.32629
0.61330 0.38670
0.12852 0.87148
0.99467 0.00533
0.26631 0.73369
0.99826 0.00174
0.23183 0.76817
0.15229 0.84771
0.04652 0.95348
0.08774 0.91226
0.36470 0.63530
0.15212 0.84788
0.99755 0.00245
0.97705 0.02295
0.98098 0.01902
0.05871 0.94129
0.08152 0.91848
0.88346 0.11654
0.43613 0.56387
0.99584 0.00416
0.99999 0.00001
0.86952 0.13048
0.98519 0.01481
0.31567 0.68433
0.96054 0.03946
0.97680 0.02320
0.73097 0.26903
0.56395 0.43605
0.99323 0.00677
0.99977 0.00023
0.46143 0.53857
0.99982 0.00018
0.08955 0.91045
0.33924 0.66076
0.99823 0.00177
1.00000 0.00000
1.00000 0.00000
0.99661 0.00339
0.99825 0.00175
0.99983 0.00017
0.93263 0.06737
0.05616 0.94384
0.29297 0.70703
0.07985 0.92015
0.98552 0.01448
0.05962 0.94038
0.99985 0.00015
0.99992 0.00008
0.17810 0.82190
0.29336 0.70664
0.99908 0.00092
0.99944 0.00056
0.99968 0.00032
0.96397 0.03603
0.99147 0.00853
0.11805 0.88195
0.11454 0.88546
0.99932 0.00068
0.42058 0.57942
0.96269 0.03731
0.11964 0.88036
0.40757 0.59243
0.99276 0.00724
0.21867 0.78133
0.26541 0.73459
0.57424 0.42576
0.63279 0.36721
0.86127 0.13873
0.54958 0.45042
0.88526 0.11474
0.99865 0.00135
0.97784 0.02216
0.99467 0.00533
0.99923 0.00077
0.99612 0.00388
