0.59259 0.40741
0.66541 0.33459
0.64047 0.35953
0.64478 0.35522
0.66221 0.33779
0.60639 0.39361
0.61122 0.38878
0.62871 0.37129
0.62481 0.37519
0.59349 0.40651
0.57077 0.42923
0.62566 0.37434
0.60513 0.39487
0.60900 0.39100
0.64358 0.35642
0.59447 0.40553
0.61928 0.38072
0.61112 0.38888
0.59503 0.40497
0.62985 0.37015
0.63698 0.36302
0.63486 0.36514
0.63364 0.36636
0.60816 0.39184
0.61585 0.38415
0.63504 0.36496
0.64195 0.35805
0.63840 0.36160
0.63693 0.36307
0.62832 0.37168
0.63547 0.36453
0.62907 0.37093
0.65419 0.34581
0.66486 0.33514
0.68376 0.31624
0.68376 0.31624
0.68376 0.31624
0.67261 0.32739
0.69436 0.30564
0.69328 0.30672
0.69328 0.30672
0.69328 0.30672
0.67261 0.32739
0.69436 0.30564
0.69328 0.30672
0.69328 0.30672
0.69328 0.30672
0.64296 0.35704
0.65318 0.34682
0.64296 0.35704
0.65832 0.34168
0.67283 0.32717
0.65832 0.34168
0.67283 0.32717
0.70395 0.29605
0.67881 0.32119
0.59821 0.40179
0.59100 0.40900
0.64371 0.35629
0.65294 0.34706
0.63492 0.36508
0.58926 0.41074
0.58803 0.41197
0.66256 0.33744
0.64730 0.35270
0.64730 0.35270
0.64232 0.35768
0.65627 0.34373
0.63104 0.36896
0.62435 0.37565
0.62435 0.37565
0.61865 0.38135
0.62564 0.37436
0.65479 0.34521
0.62046 0.37954
0.63180 0.36820
0.62349 0.37651
0.59720 0.40280
0.60619 0.39381
0.60516 0.39484
0.64189 0.35811
0.62934 0.37066
0.60133 0.39867
0.65221 0.34779
0.65845 0.34155
0.65221 0.34779
0.64469 0.35531
0.63107 0.36893
0.60234 0.39766
0.67335 0.32665
0.63863 0.36137
0.57924 0.42076
0.58898 0.41102
0.57924 0.42076
0.58898 0.41102
0.59242 0.40758
0.62899 0.37101
0.64277 0.35723
0.64333 0.35667
0.63905 0.36095
0.59736 0.40264
0.60428 0.39572
0.59005 0.40995
0.60744 0.39256
0.59664 0.40336
0.59859 0.40141
0.60288 0.39712
0.63922 0.36078
0.64082 0.35918
0.64102 0.35898
0.65208 0.34792
0.58369 0.41631
0.61562 0.38438
0.59460 0.40540
0.67548 0.32452
0.67579 0.32421
0.64549 0.35451
0.64921 0.35079
0.64342 0.35658
0.67573 0.32427
0.70754 0.29246
0.71026 0.28974
0.60353 0.39648
0.61908 0.38092
0.73348 0.26652
0.65746 0.34254
0.64641 0.35359
0.60324 0.39676
0.64896 0.35104
0.62598 0.37402
0.58633 0.41367
0.61052 0.38948
0.65289 0.34711
0.65289 0.34711
0.65208 0.34792
0.65208 0.34792
0.59809 0.40191
0.60646 0.39354
0.65701 0.34299
0.65701 0.34299
0.59981 0.40019
0.60453 0.39547
0.63097 0.36903
0.62496 0.37504
0.65163 0.34837
0.63177 0.36823
0.62941 0.37059
0.63943 0.36057
0.62260 0.37740
0.62242 0.37758
0.61444 0.38556
0.59057 0.40943
0.57687 0.42313
0.59088 0.40912
0.60868 0.39132
0.62002 0.37998
0.60489 0.39511
0.59881 0.40119
0.59518 0.40482
0.59613 0.40387
0.59877 0.40123
0.59613 0.40387
0.59877 0.40123
0.63674 0.36326
0.63732 0.36268
0.62193 0.37807
0.68141 0.31859
0.64080 0.35920
0.62083 0.37917
0.64044 0.35956
0.64077 0.35923
0.62083 0.37917
0.62083 0.37917
0.62083 0.37917
0.60087 0.39913
0.63097 0.36903
0.62660 0.37340
0.62315 0.37685
0.61759 0.38241
0.60473 0.39527
0.67950 0.32050
0.65498 0.34502
0.65566 0.34434
0.59961 0.40039
0.61829 0.38172
0.61535 0.38465
0.62914 0.37086
0.64292 0.35708
0.63078 0.36922
0.65690 0.34310
0.67020 0.32980
0.65952 0.34048
0.62444 0.37556
0.61766 0.38234
0.58579 0.41421
0.67869 0.32131
0.71524 0.28476
0.64426 0.35574
0.62186 0.37814
0.68152 0.31848
0.68836 0.31164
0.65191 0.34809
0.64460 0.35540
0.64981 0.35019
0.64981 0.35019
0.65216 0.34784
0.65216 0.34784
0.65217 0.34783
0.65217 0.34783
0.63870 0.36130
0.63948 0.36052
0.65818 0.34182
0.65218 0.34782
0.66158 0.33842
0.65577 0.34423
0.65141 0.34859
0.68122 0.31878
0.62600 0.37400
0.62600 0.37400
0.63504 0.36496
0.63504 0.36496
0.62818 0.37182
0.61375 0.38625
0.62580 0.37420
0.62217 0.37783
0.61969 0.38031
0.60684 0.39316
0.61766 0.38234
0.65036 0.34964
0.63966 0.36034
0.63834 0.36166
0.62601 0.37399
0.59825 0.40175
0.68149 0.31851
0.68887 0.31113
0.68074 0.31926
0.64393 0.35607
0.60990 0.39010
0.59935 0.40065
0.58914 0.41086
0.59935 0.40065
0.59935 0.40065
0.58914 0.41086
0.59935 0.40065
0.62643 0.37357
0.57525 0.42475
0.61487 0.38513
0.60235 0.39765
0.60235 0.39765
0.63798 0.36202
0.64174 0.35826
0.64916 0.35084
0.64605 0.35395
0.65431 0.34569
0.62773 0.37227
0.65090 0.34910
0.64424 0.35576
0.65244 0.34756
0.63735 0.36265
0.65563 0.34437
0.64572 0.35428
0.61631 0.38369
0.73101 0.26899
0.63865 0.36135
0.64943 0.35057
0.63149 0.36851
0.62811 0.37189
0.66354 0.33646
0.59776 0.40224
0.59804 0.40196
0.64297 0.35703
0.62005 0.37995
0.64390 0.35610
0.65058 0.34942
0.68553 0.31447
0.66951 0.33049
0.67177 0.32823
0.68198 0.31802
0.66602 0.33398
0.66839 0.33161
0.61343 0.38657
0.65044 0.34956
0.64974 0.35026
0.67215 0.32785
0.66762 0.33238
0.65310 0.34690
0.65233 0.34767
0.66917 0.33083
0.66471 0.33529
0.63443 0.36557
0.61252 0.38748
0.61033 0.38967
0.61936 0.38064
0.62112 0.37888
0.66814 0.33186
0.66658 0.33342
0.64243 0.35757
0.60260 0.39740
0.61103 0.38897
0.60260 0.39740
0.61103 0.38897
0.60402 0.39598
0.60953 0.39047
0.65665 0.34335
0.60676 0.39324
0.64159 0.35841
0.64313 0.35687
0.62367 0.37633
0.67089 0.32911
0.64600 0.35400
0.63021 0.36979
0.67460 0.32540
0.63491 0.36509
0.61402 0.38598
0.64721 0.35279
0.66627 0.33373
0.64996 0.35004
0.66457 0.33543
0.65314 0.34686
0.61203 0.38797
0.62399 0.37601
0.63144 0.36856
0.69302 0.30698
0.68121 0.31879
0.63227 0.36773
0.61021 0.38979
0.63833 0.36167
0.61027 0.38973
0.63227 0.36773
0.61021 0.38979
0.63833 0.36167
0.61027 0.38973
0.67217 0.32783
0.66504 0.33496
0.65143 0.34857
0.62665 0.37335
0.64390 0.35610
0.65135 0.34865
0.66480 0.33520
0.66012 0.33988
0.66981 0.33019
0.65000 0.35000
0.65000 0.35000
0.64949 0.35051
0.69977 0.30023
0.69456 0.30544
0.65301 0.34699
0.64854 0.35146
0.61783 0.38217
0.61077 0.38923
0.66964 0.33036
0.66328 0.33672
0.66964 0.33036
0.66328 0.33672
0.66487 0.33513
0.66602 0.33398
0.66487 0.33513
0.66602 0.33398
0.59771 0.40229
0.59354 0.40646
0.65054 0.34946
0.66310 0.33690
0.67185 0.32815
0.64149 0.35851
0.61312 0.38688
0.65078 0.34922
0.67961 0.32039
0.64676 0.35324
0.64207 0.35793
0.63055 0.36945
0.61828 0.38172
0.63073 0.36927
0.61742 0.38258
0.65073 0.34927
0.65073 0.34927
0.64490 0.35510
0.64490 0.35510
0.65811 0.34189
0.65811 0.34189
0.64414 0.35586
0.63959 0.36041
0.64426 0.35574
0.64083 0.35917
0.62965 0.37035
0.62965 0.37035
0.62965 0.37035
0.64282 0.35718
0.64282 0.35718
0.64282 0.35718
0.62965 0.37035
0.62965 0.37035
0.62965 0.37035
0.62965 0.37035
0.62965 0.37035
0.62965 0.37035
0.59726 0.40274
0.62328 0.37672
0.62931 0.37069
0.60432 0.39568
0.63556 0.36444
0.62807 0.37193
0.68840 0.31160
0.65793 0.34207
0.62943 0.37057
0.68734 0.31266
0.69095 0.30905
0.69095 0.30905
0.67346 0.32654
0.67346 0.32654
0.63389 0.36611
0.63005 0.36995
0.66128 0.33872
0.65258 0.34742
0.66289 0.33711
0.64985 0.35015
0.64985 0.35015
0.65454 0.34546
0.63332 0.36668
0.63721 0.36279
0.64878 0.35122
0.64358 0.35642
0.64814 0.35186
0.63824 0.36176
0.62817 0.37183
0.64197 0.35803
0.61350 0.38650
0.62112 0.37888
0.64535 0.35465
0.61688 0.38312
0.62447 0.37553
0.63097 0.36903
0.61409 0.38591
0.61635 0.38365
0.63193 0.36807
0.61017 0.38983
0.61726 0.38274
0.59620 0.40380
0.60991 0.39009
0.62080 0.37920
0.63918 0.36082
0.69725 0.30275
0.62160 0.37840
0.63753 0.36247
0.62007 0.37993
0.61654 0.38346
0.67874 0.32126
0.67371 0.32629
0.68579 0.31421
0.69398 0.30602
0.67949 0.32051
0.69012 0.30988
0.60921 0.39079
0.61073 0.38927
0.60605 0.39395
0.60751 0.39249
0.59548 0.40452
0.60687 0.39313
0.60783 0.39217
0.61031 0.38969
0.59777 0.40223
0.59777 0.40223
0.65065 0.34935
0.64391 0.35609
0.65319 0.34681
0.64301 0.35699
0.65046 0.34954
0.64372 0.35628
0.65300 0.34700
0.64282 0.35718
0.65960 0.34040
0.65536 0.34464
0.65498 0.34502
0.65636 0.34364
0.65459 0.34541
0.65494 0.34506
0.65536 0.34464
0.65498 0.34502
0.65636 0.34364
0.65459 0.34541
0.65494 0.34506
0.64271 0.35729
0.63631 0.36369
0.68886 0.31114
0.68503 0.31497
0.59502 0.40498
0.73037 0.26963
0.73110 0.26890
0.69791 0.30209
0.69544 0.30456
0.62960 0.37040
0.69622 0.30378
0.67500 0.32500
0.68064 0.31936
0.67215 0.32785
0.61190 0.38810
0.61190 0.38810
0.61190 0.38810
0.62271 0.37729
0.62390 0.37610
0.64234 0.35766
0.63353 0.36647
0.63049 0.36951
0.64881 0.35119
0.63485 0.36515
0.63559 0.36441
0.61258 0.38742
0.62134 0.37866
0.62765 0.37235
0.62860 0.37140
0.60055 0.39945
0.56236 0.43764
0.64828 0.35172
0.61538 0.38462
0.57240 0.42760
0.59662 0.40338
0.60389 0.39611
0.57482 0.42518
0.57167 0.42833
0.62598 0.37402
0.63925 0.36075
0.63263 0.36737
0.64579 0.35421
0.63054 0.36946
0.63054 0.36946
0.62177 0.37823
0.63776 0.36224
0.63170 0.36830
0.63765 0.36235
0.63743 0.36257
0.63787 0.36213
0.63787 0.36213
0.64121 0.35879
0.62935 0.37065
0.63922 0.36078
0.61735 0.38265
0.62025 0.37975
0.63236 0.36764
0.63414 0.36586
0.61805 0.38195
0.63981 0.36019
0.62763 0.37237
0.64089 0.35911
0.61874 0.38126
0.62153 0.37847
0.61735 0.38265
0.62025 0.37975
0.63236 0.36764
0.63414 0.36586
0.63233 0.36767
0.65409 0.34591
0.68052 0.31948
0.64342 0.35658
0.63149 0.36851
0.69352 0.30648
0.67829 0.32171
0.70128 0.29872
0.68672 0.31328
0.70349 0.29651
0.68911 0.31089
0.69289 0.30711
0.67765 0.32235
0.66912 0.33088
0.66912 0.33088
0.66912 0.33088
0.66912 0.33088
0.66886 0.33114
0.68058 0.31942
0.60114 0.39886
0.60588 0.39412
0.60520 0.39480
0.62844 0.37156
0.63796 0.36204
0.63010 0.36990
0.64650 0.35350
0.58364 0.41636
0.64218 0.35782
0.62266 0.37734
0.60579 0.39421
0.64634 0.35366
0.63869 0.36131
0.63515 0.36485
0.62539 0.37461
0.62146 0.37854
0.62165 0.37835
0.63232 0.36768
0.61419 0.38581
0.62294 0.37706
0.61419 0.38581
0.62294 0.37706
0.68289 0.31711
0.65901 0.34099
0.67359 0.32641
0.67826 0.32174
0.66269 0.33731
0.66269 0.33731
0.66336 0.33664
0.66584 0.33416
0.64577 0.35423
0.64577 0.35423
0.65366 0.34634
0.65612 0.34388
0.65183 0.34817
0.65183 0.34817
0.65966 0.34034
0.66997 0.33003
0.65641 0.34359
0.65641 0.34359
0.65731 0.34269
0.65977 0.34023
0.71012 0.28988
0.64963 0.35037
0.62951 0.37049
0.62951 0.37049
0.63904 0.36096
0.64306 0.35694
0.64562 0.35438
0.65158 0.34842
0.65554 0.34446
0.66143 0.33857
0.68188 0.31812
0.67546 0.32454
0.69723 0.30277
0.64949 0.35051
0.65222 0.34778
0.65774 0.34226
0.63913 0.36087
0.63270 0.36730
0.63270 0.36730
0.64108 0.35892
0.64108 0.35892
0.65153 0.34847
0.65153 0.34847
0.64287 0.35713
0.64287 0.35713
0.63992 0.36008
0.62882 0.37118
0.63970 0.36030
0.61906 0.38094
0.63925 0.36075
0.62394 0.37606
0.64166 0.35834
0.62122 0.37878
0.63925 0.36075
0.62394 0.37606
0.64138 0.35862
0.62090 0.37910
0.63925 0.36075
0.62394 0.37606
0.62886 0.37114
0.63390 0.36610
0.66146 0.33854
0.66146 0.33854
0.65490 0.34510
0.65490 0.34510
0.66741 0.33259
0.66741 0.33259
0.58974 0.41026
0.62850 0.37150
0.62212 0.37788
0.66166 0.33834
0.66166 0.33834
0.59370 0.40630
0.59609 0.40391
0.61685 0.38315
0.62004 0.37996
0.63281 0.36719
0.65927 0.34073
0.66810 0.33190
0.66675 0.33325
0.64177 0.35823
0.63863 0.36137
0.64873 0.35127
0.62176 0.37824
0.62982 0.37018
0.65705 0.34295
0.55917 0.44083
0.61145 0.38855
0.60383 0.39617
0.64619 0.35381
0.58291 0.41709
0.59141 0.40859
0.60737 0.39263
0.59790 0.40210
0.68091 0.31909
0.59244 0.40756
0.57925 0.42075
0.65749 0.34251
0.64428 0.35572
0.64097 0.35903
0.66099 0.33901
0.69130 0.30870
0.68354 0.31646
0.66490 0.33510
0.66377 0.33623
0.68354 0.31646
0.68433 0.31567
0.68354 0.31646
0.64700 0.35300
0.65298 0.34702
0.65018 0.34982
0.66008 0.33992
0.63168 0.36832
0.62739 0.37261
0.65310 0.34690
0.68178 0.31822
0.63341 0.36659
0.62511 0.37489
0.63584 0.36416
0.65403 0.34597
0.63241 0.36759
0.64029 0.35971
0.62902 0.37098
0.62113 0.37887
0.66014 0.33986
0.57068 0.42932
0.56163 0.43837
0.56642 0.43358
0.56059 0.43941
0.60923 0.39077
0.61265 0.38735
0.64747 0.35253
0.64527 0.35473
0.64747 0.35253
0.62324 0.37676
0.62415 0.37585
0.62777 0.37223
0.62886 0.37114
0.63156 0.36844
0.61155 0.38845
0.61465 0.38535
0.60006 0.39994
0.59833 0.40167
0.64743 0.35257
0.63883 0.36117
0.67299 0.32701
0.60426 0.39574
0.60106 0.39894
0.60775 0.39225
0.59991 0.40009
0.62323 0.37677
0.62659 0.37341
0.62627 0.37373
0.62681 0.37319
0.63966 0.36034
0.62169 0.37831
0.65252 0.34748
0.65726 0.34274
0.67868 0.32132
0.67101 0.32899
0.66474 0.33526
0.66474 0.33526
0.67291 0.32709
0.65741 0.34259
0.65741 0.34259
0.65790 0.34210
0.65790 0.34210
0.65666 0.34334
0.65666 0.34334
0.66713 0.33287
0.66713 0.33287
0.65274 0.34726
0.65274 0.34726
0.62770 0.37230
0.61248 0.38752
0.63213 0.36787
0.62153 0.37847
0.58496 0.41504
0.61390 0.38610
0.61326 0.38674
0.60630 0.39370
0.62330 0.37670
0.62611 0.37389
0.62317 0.37683
0.58035 0.41965
0.66281 0.33719
0.62709 0.37291
0.61290 0.38710
0.61985 0.38015
0.60973 0.39027
0.61708 0.38292
0.64303 0.35697
0.67137 0.32863
0.66168 0.33832
0.66831 0.33169
0.64160 0.35840
0.65787 0.34213
0.65793 0.34207
0.67853 0.32147
0.67290 0.32710
0.67290 0.32710
0.67290 0.32710
0.66130 0.33870
0.66286 0.33714
0.67290 0.32710
0.62414 0.37586
0.62820 0.37180
0.62906 0.37094
0.61886 0.38114
0.62246 0.37754
0.62011 0.37989
0.61049 0.38951
0.61477 0.38523
0.58780 0.41220
0.58949 0.41051
0.67071 0.32929
0.66075 0.33925
0.62396 0.37604
0.61194 0.38806
0.63809 0.36191
0.62640 0.37360
0.64971 0.35029
0.63831 0.36169
0.63471 0.36529
0.62976 0.37024
0.65297 0.34703
0.64176 0.35824
0.62950 0.37050
0.59558 0.40442
0.59593 0.40407
0.69063 0.30937
0.69621 0.30379
0.66735 0.33265
0.64203 0.35797
0.63595 0.36405
0.62312 0.37688
0.64077 0.35923
0.66189 0.33811
0.62835 0.37165
0.56111 0.43889
0.56951 0.43049
0.61015 0.38985
0.62585 0.37415
0.61481 0.38519
0.63188 0.36812
0.61216 0.38784
0.62568 0.37432
0.63311 0.36689
0.56675 0.43325
0.60647 0.39353
0.59171 0.40829
0.61983 0.38017
0.59733 0.40267
0.62076 0.37924
0.58931 0.41069
0.60746 0.39254
0.62793 0.37207
0.60511 0.39489
0.62527 0.37473
0.61922 0.38078
0.60527 0.39473
0.63211 0.36789
0.60460 0.39540
0.62350 0.37650
0.62485 0.37515
0.64176 0.35824
0.63882 0.36118
0.64176 0.35824
0.64814 0.35186
0.63148 0.36852
0.66108 0.33892
0.66108 0.33892
0.63867 0.36133
0.61986 0.38014
0.63982 0.36018
0.64168 0.35832
0.65397 0.34603
0.63846 0.36154
0.68636 0.31364
0.64025 0.35975
0.61418 0.38582
0.61574 0.38426
0.57695 0.42305
0.57811 0.42189
0.61127 0.38873
0.61281 0.38719
0.65113 0.34887
0.65006 0.34994
0.65634 0.34366
0.66330 0.33670
0.64416 0.35584
0.63385 0.36615
0.63336 0.36664
0.63385 0.36615
0.63336 0.36664
0.65101 0.34899
0.65063 0.34937
0.66774 0.33226
0.59200 0.40800
0.59750 0.40250
0.56579 0.43421
0.56579 0.43421
0.59388 0.40612
0.60023 0.39977
0.60023 0.39977
0.59256 0.40744
0.59889 0.40111
0.59889 0.40111
0.57794 0.42206
0.57729 0.42271
0.59885 0.40115
0.59811 0.40189
0.62692 0.37308
0.61810 0.38190
0.63526 0.36474
0.63118 0.36882
0.63118 0.36882
0.63401 0.36599
0.64576 0.35424
0.64911 0.35089
0.64911 0.35089
0.67004 0.32996
0.64576 0.35424
0.62445 0.37555
0.61254 0.38746
0.65606 0.34394
0.66269 0.33731
0.70306 0.29694
0.68935 0.31065
0.64856 0.35144
0.66341 0.33659
0.63289 0.36711
0.64252 0.35748
0.63902 0.36098
0.66714 0.33286
0.64357 0.35643
0.66016 0.33984
0.59234 0.40766
0.58057 0.41943
0.61528 0.38472
0.63044 0.36956
0.66744 0.33256
0.65556 0.34444
0.63309 0.36691
0.67341 0.32659
0.66411 0.33589
0.64909 0.35091
0.67341 0.32659
0.66411 0.33589
0.64909 0.35091
0.67969 0.32031
0.66989 0.33011
0.65549 0.34451
0.60427 0.39573
0.60206 0.39794
0.61561 0.38439
0.61561 0.38439
0.63010 0.36990
0.63010 0.36990
0.61561 0.38439
0.61561 0.38439
0.60224 0.39776
0.59586 0.40414
0.66897 0.33103
0.63138 0.36862
0.61420 0.38580
0.60713 0.39287
0.61998 0.38002
0.65195 0.34805
0.62885 0.37115
0.63879 0.36121
0.63719 0.36281
0.63472 0.36528
0.63548 0.36452
0.61334 0.38666
0.62404 0.37596
0.61738 0.38262
0.62033 0.37967
0.64152 0.35848
0.63279 0.36721
0.64747 0.35253
0.61593 0.38407
0.62011 0.37989
0.61920 0.38079
0.61920 0.38079
0.61920 0.38079
0.64201 0.35799
0.64057 0.35943
0.64057 0.35943
0.59473 0.40527
0.60578 0.39422
0.66471 0.33529
0.62905 0.37095
0.63554 0.36446
0.58343 0.41657
0.63802 0.36198
0.67015 0.32985
0.67281 0.32719
0.65130 0.34870
0.57006 0.42994
0.58812 0.41188
0.63884 0.36116
0.58131 0.41869
0.58472 0.41528
0.58729 0.41271
0.56013 0.43987
0.57593 0.42407
0.62073 0.37927
0.65794 0.34206
0.67927 0.32073
0.65794 0.34206
0.65794 0.34206
0.65816 0.34184
0.65228 0.34772
0.65219 0.34781
0.65219 0.34781
0.53770 0.46230
0.58400 0.41600
0.60624 0.39376
0.64910 0.35090
0.60163 0.39837
0.58567 0.41433
0.58990 0.41010
0.58374 0.41626
0.66480 0.33520
0.66218 0.33782
0.63992 0.36008
0.63365 0.36635
0.62969 0.37031
0.62382 0.37618
0.58763 0.41237
0.61504 0.38496
0.60901 0.39099
0.65205 0.34795
0.61008 0.38992
0.66609 0.33391
0.66609 0.33391
0.58760 0.41240
0.58760 0.41240
0.64720 0.35280
0.64917 0.35083
0.64452 0.35548
0.64452 0.35548
0.65944 0.34056
0.62685 0.37315
0.62849 0.37151
0.67987 0.32013
0.66098 0.33902
0.64522 0.35478
0.64522 0.35478
0.69551 0.30449
0.67565 0.32435
0.67565 0.32435
0.69551 0.30449
0.69551 0.30449
0.67565 0.32435
0.57991 0.42009
0.60827 0.39173
0.61058 0.38942
0.63861 0.36139
0.63504 0.36496
0.58605 0.41395
0.63191 0.36809
0.66948 0.33052
0.63191 0.36809
0.66948 0.33052
0.66887 0.33113
0.66887 0.33113
0.67187 0.32813
0.67129 0.32871
0.71781 0.28219
0.62316 0.37684
0.70519 0.29481
0.61410 0.38590
0.65777 0.34223
0.58294 0.41706
0.63520 0.36480
0.62407 0.37593
0.62407 0.37593
0.62648 0.37352
0.62648 0.37352
0.62948 0.37052
0.62948 0.37052
0.63389 0.36611
0.63147 0.36853
0.63240 0.36760
0.60762 0.39238
0.60906 0.39094
0.60762 0.39238
0.60906 0.39094
0.59081 0.40919
0.64576 0.35424
0.66228 0.33772
0.64979 0.35021
0.63428 0.36572
0.62878 0.37122
0.64347 0.35653
0.55976 0.44024
0.64619 0.35381
0.59237 0.40763
0.65896 0.34104
0.65483 0.34517
0.64969 0.35031
0.65804 0.34196
0.66063 0.33937
0.66405 0.33595
0.66662 0.33338
0.66226 0.33774
0.65132 0.34868
0.65483 0.34517
0.64969 0.35031
0.61741 0.38259
0.61649 0.38351
0.62450 0.37550
0.60840 0.39160
0.60840 0.39160
0.61710 0.38290
0.61710 0.38290
0.62843 0.37157
0.62843 0.37157
0.59606 0.40394
0.61012 0.38988
0.59583 0.40417
0.65385 0.34615
0.67287 0.32713
0.68209 0.31791
0.64351 0.35649
0.67241 0.32759
0.59617 0.40383
0.62956 0.37044
0.61612 0.38388
0.68018 0.31982
0.67580 0.32420
0.66106 0.33894
0.67854 0.32146
0.72592 0.27408
0.68263 0.31737
0.63736 0.36264
0.61331 0.38669
0.58981 0.41019
0.58924 0.41076
0.59174 0.40826
0.62249 0.37751
0.61904 0.38096
0.63432 0.36568
0.62971 0.37029
0.61555 0.38445
0.63076 0.36924
0.62606 0.37394
0.64232 0.35768
0.63609 0.36391
0.64433 0.35567
0.64007 0.35993
0.65228 0.34772
0.65690 0.34310
0.66228 0.33772
0.66228 0.33772
0.66246 0.33754
0.66228 0.33772
0.72743 0.27257
0.72958 0.27042
0.65429 0.34571
0.65357 0.34643
0.66729 0.33271
0.64512 0.35488
0.64691 0.35309
0.66986 0.33014
0.68168 0.31832
0.67201 0.32799
0.68168 0.31832
0.64503 0.35497
0.64037 0.35963
0.64230 0.35770
0.59674 0.40326
0.70354 0.29646
0.70354 0.29646
0.65417 0.34583
0.65417 0.34583
0.67369 0.32631
0.67369 0.32631
0.67899 0.32101
0.67899 0.32101
0.66089 0.33911
0.66089 0.33911
0.68135 0.31865
0.68135 0.31865
0.65080 0.34920
0.65080 0.34920
0.66847 0.33153
0.66847 0.33153
0.66318 0.33682
0.66318 0.33682
0.65750 0.34250
0.65750 0.34250
0.66333 0.33667
0.66917 0.33083
0.70771 0.29229
0.70771 0.29229
0.64658 0.35342
0.65631 0.34369
0.62722 0.37278
0.62722 0.37278
0.67195 0.32805
0.66758 0.33242
0.67028 0.32972
0.70434 0.29566
0.69709 0.30291
0.59548 0.40452
0.60843 0.39157
0.63371 0.36629
0.65265 0.34735
0.63308 0.36692
0.61975 0.38025
0.63037 0.36963
0.66208 0.33792
0.64187 0.35813
0.65300 0.34700
0.61669 0.38331
0.65353 0.34647
0.69658 0.30342
0.63462 0.36538
0.62918 0.37082
0.66467 0.33533
0.64706 0.35294
0.64196 0.35804
0.62848 0.37152
0.71619 0.28381
0.72140 0.27860
0.71325 0.28675
0.67309 0.32691
0.67705 0.32295
0.67025 0.32975
0.67109 0.32891
0.67509 0.32491
0.66828 0.33172
0.71619 0.28381
0.72140 0.27860
0.71325 0.28675
0.63616 0.36384
0.63819 0.36181
0.59586 0.40414
0.59760 0.40240
0.59649 0.40351
0.59788 0.40212
0.59966 0.40034
0.59846 0.40154
0.66119 0.33881
0.65095 0.34905
0.65438 0.34562
0.67278 0.32722
0.67987 0.32013
0.66905 0.33095
0.63004 0.36996
0.63609 0.36391
0.61861 0.38139
0.62691 0.37309
0.59188 0.40812
0.59065 0.40935
0.56154 0.43846
0.67093 0.32907
0.62677 0.37323
0.67733 0.32267
0.63369 0.36631
0.67726 0.32274
0.63738 0.36262
0.67004 0.32996
0.62954 0.37046
0.67026 0.32974
0.62607 0.37393
0.56999 0.43001
0.59493 0.40507
0.64532 0.35468
0.63835 0.36165
0.62343 0.37657
0.62783 0.37217
0.65216 0.34784
0.64546 0.35454
0.62533 0.37467
0.63473 0.36527
0.69530 0.30470
0.68212 0.31788
0.66629 0.33371
0.65372 0.34628
0.66834 0.33166
0.66834 0.33166
0.65609 0.34391
0.65609 0.34391
0.68008 0.31992
0.66950 0.33050
0.68150 0.31850
0.67456 0.32544
0.68517 0.31483
0.66431 0.33569
0.65849 0.34151
0.65262 0.34738
0.60219 0.39781
0.66498 0.33502
0.66842 0.33158
0.63745 0.36255
0.64684 0.35316
0.65468 0.34532
0.66321 0.33679
0.65217 0.34783
0.65280 0.34720
0.61846 0.38154
0.73974 0.26026
0.63482 0.36518
0.57023 0.42977
0.66315 0.33685
0.67546 0.32454
0.64894 0.35106
0.59256 0.40744
0.61937 0.38063
0.63634 0.36366
0.62193 0.37807
0.61276 0.38724
0.64495 0.35505
0.63984 0.36016
0.62415 0.37585
0.65740 0.34260
0.60204 0.39796
0.63867 0.36133
0.62902 0.37098
0.63762 0.36238
0.64359 0.35641
0.63350 0.36650
0.64359 0.35641
0.63350 0.36650
0.62626 0.37374
0.62626 0.37374
0.63496 0.36504
0.63234 0.36766
0.62137 0.37863
0.66681 0.33319
0.65265 0.34735
0.61816 0.38184
0.61614 0.38386
0.61666 0.38334
0.60916 0.39084
0.61667 0.38333
0.61180 0.38820
0.61180 0.38820
0.61667 0.38333
0.61180 0.38820
0.65533 0.34467
0.65352 0.34648
0.63738 0.36262
0.66051 0.33949
0.66401 0.33599
0.64305 0.35695
0.63307 0.36693
0.61239 0.38761
0.63402 0.36598
0.62445 0.37555
0.60399 0.39601
0.61100 0.38900
0.61674 0.38326
0.63428 0.36572
0.64961 0.35039
0.61707 0.38293
0.61756 0.38244
0.62409 0.37591
0.61551 0.38449
0.61975 0.38025
0.62010 0.37990
0.63467 0.36533
0.67454 0.32546
0.67782 0.32218
0.67164 0.32836
0.67862 0.32138
0.64020 0.35980
0.63859 0.36141
0.60551 0.39449
0.59894 0.40106
0.64504 0.35496
0.64504 0.35496
0.65279 0.34721
0.65279 0.34721
0.64618 0.35382
0.64618 0.35382
0.63846 0.36154
0.63116 0.36884
0.63846 0.36154
0.63226 0.36774
0.63116 0.36884
0.58762 0.41238
0.58762 0.41238
0.59344 0.40656
0.59876 0.40124
0.60435 0.39565
0.59961 0.40039
0.66422 0.33578
0.65893 0.34107
0.62276 0.37724
0.62526 0.37474
0.63751 0.36249
0.65275 0.34725
0.61178 0.38822
0.59515 0.40485
0.65129 0.34871
0.65474 0.34526
0.65326 0.34674
0.66494 0.33506
0.65326 0.34674
0.66494 0.33506
0.72323 0.27677
0.66962 0.33037
0.65269 0.34731
0.65070 0.34930
0.63816 0.36184
0.63556 0.36444
0.71244 0.28756
0.67574 0.32426
0.66529 0.33471
0.66486 0.33514
0.60912 0.39088
0.61399 0.38601
0.60634 0.39366
0.60905 0.39095
0.64027 0.35973
0.66416 0.33584
0.68049 0.31951
0.66263 0.33737
0.58112 0.41888
0.66926 0.33074
0.67912 0.32088
0.62499 0.37501
0.60940 0.39060
0.67716 0.32284
0.65183 0.34817
0.64158 0.35842
0.63780 0.36220
0.65663 0.34337
0.63788 0.36212
0.63183 0.36817
0.68912 0.31088
0.68775 0.31225
0.67683 0.32317
0.67618 0.32382
0.59776 0.40224
0.62115 0.37885
0.62878 0.37122
0.62684 0.37316
0.61393 0.38607
0.64926 0.35074
0.63599 0.36401
0.61955 0.38045
0.60393 0.39607
0.67910 0.32090
0.63048 0.36952
0.62728 0.37272
0.59769 0.40231
0.58811 0.41189
0.61007 0.38993
0.60140 0.39860
0.61593 0.38407
0.63284 0.36716
0.61826 0.38174
0.67191 0.32809
0.67396 0.32604
0.65605 0.34395
0.67819 0.32181
0.59569 0.40431
0.61398 0.38602
0.62576 0.37424
0.63330 0.36670
0.64944 0.35056
0.65549 0.34451
0.65183 0.34817
0.63674 0.36326
0.67279 0.32721
0.68888 0.31112
0.67279 0.32721
0.68888 0.31112
0.67332 0.32668
0.65794 0.34206
0.63244 0.36756
0.63244 0.36756
0.56955 0.43045
0.55988 0.44012
0.56253 0.43747
0.54440 0.45560
0.54662 0.45338
0.64024 0.35976
0.65850 0.34150
0.66859 0.33141
0.65873 0.34127
0.62171 0.37829
0.65565 0.34435
0.64452 0.35548
0.58649 0.41351
0.59015 0.40985
0.59998 0.40002
0.63459 0.36541
0.64932 0.35068
0.61940 0.38060
0.63989 0.36011
0.64246 0.35753
0.65169 0.34831
0.64633 0.35367
0.64700 0.35300
0.63960 0.36040
0.62878 0.37122
0.62188 0.37812
0.58645 0.41355
0.65313 0.34687
0.65021 0.34979
0.60900 0.39100
0.67224 0.32776
0.75831 0.24169
0.56229 0.43771
0.63188 0.36812
0.64584 0.35416
0.61964 0.38036
0.60711 0.39289
0.65402 0.34598
0.72815 0.27185
0.71104 0.28896
0.71762 0.28238
0.67710 0.32290
0.72094 0.27906
0.70364 0.29636
0.71998 0.28002
0.67760 0.32240
0.71838 0.28162
0.70098 0.29902
0.70605 0.29395
0.66616 0.33384
0.67783 0.32217
0.68457 0.31543
0.69677 0.30323
0.66744 0.33256
0.62125 0.37875
0.63920 0.36080
0.61879 0.38121
0.60595 0.39405
0.61555 0.38445
0.61263 0.38737
0.60662 0.39338
0.66088 0.33912
0.59459 0.40541
0.60212 0.39788
0.64464 0.35536
0.68014 0.31986
0.67376 0.32624
0.58965 0.41035
0.61435 0.38565
0.61313 0.38687
0.65515 0.34485
0.57946 0.42054
0.56816 0.43184
0.65241 0.34759
0.62430 0.37570
0.64714 0.35286
0.64911 0.35089
0.59069 0.40931
0.66141 0.33859
0.66181 0.33819
0.66141 0.33859
0.66141 0.33859
0.69079 0.30921
0.57605 0.42395
0.59413 0.40587
0.58071 0.41929
0.64888 0.35112
0.66611 0.33389
0.64888 0.35112
0.66611 0.33389
0.62219 0.37781
0.63657 0.36343
0.62162 0.37838
0.62939 0.37061
0.60758 0.39242
0.63417 0.36583
0.61048 0.38952
0.63478 0.36522
0.61279 0.38721
0.68755 0.31245
0.65801 0.34199
0.64364 0.35636
0.64570 0.35430
0.64364 0.35636
0.65899 0.34101
0.63131 0.36869
0.62477 0.37523
0.64365 0.35635
0.63713 0.36287
0.63667 0.36333
0.62985 0.37015
0.67537 0.32463
0.65685 0.34315
0.66101 0.33899
0.64389 0.35611
0.66695 0.33305
0.64230 0.35770
0.65717 0.34283
0.67629 0.32371
0.65550 0.34450
0.68433 0.31567
0.67226 0.32774
0.69298 0.30702
0.56366 0.43634
0.60658 0.39342
0.64364 0.35636
0.60981 0.39019
0.63545 0.36455
0.66538 0.33462
0.65597 0.34403
0.63690 0.36310
0.67727 0.32273
0.65594 0.34406
0.63692 0.36308
0.67333 0.32667
0.65603 0.34397
0.66845 0.33155
0.65734 0.34266
0.72612 0.27388
0.70310 0.29690
0.64019 0.35981
0.67270 0.32730
0.65331 0.34669
0.68572 0.31428
0.63704 0.36296
0.65592 0.34408
0.63936 0.36064
0.63520 0.36480
0.63936 0.36064
0.63520 0.36480
0.63330 0.36670
0.62799 0.37201
0.60563 0.39437
0.62748 0.37252
0.61638 0.38362
0.63823 0.36177
0.61638 0.38362
0.63823 0.36177
0.60745 0.39255
0.62450 0.37550
0.68392 0.31608
0.65424 0.34576
0.65654 0.34346
0.69079 0.30921
0.59551 0.40449
0.60582 0.39418
0.67974 0.32026
0.65077 0.34923
0.62800 0.37200
0.63887 0.36113
0.62202 0.37798
0.62559 0.37441
0.64850 0.35150
0.61997 0.38003
0.63609 0.36391
0.65501 0.34499
0.64485 0.35515
0.64851 0.35149
0.66610 0.33390
0.66183 0.33817
0.66008 0.33992
0.65111 0.34889
0.62320 0.37680
0.64642 0.35358
0.60627 0.39373
0.65137 0.34863
0.62946 0.37054
0.66401 0.33599
0.62946 0.37054
0.66401 0.33599
0.64886 0.35114
0.58619 0.41381
0.64742 0.35258
0.56630 0.43370
0.69025 0.30975
0.65968 0.34032
0.66641 0.33359
0.65643 0.34357
0.65069 0.34931
0.64459 0.35541
0.63635 0.36365
0.65344 0.34656
0.65705 0.34295
0.63889 0.36111
0.64283 0.35717
0.65643 0.34357
0.65069 0.34931
0.64459 0.35541
0.63635 0.36365
0.65433 0.34567
0.65638 0.34362
0.63889 0.36111
0.64283 0.35717
0.63930 0.36070
0.65793 0.34207
0.65703 0.34297
0.62353 0.37647
0.59536 0.40464
0.61057 0.38943
0.69188 0.30812
0.67183 0.32817
0.67183 0.32817
0.58772 0.41228
0.60217 0.39783
0.63978 0.36022
0.61516 0.38484
0.64174 0.35826
0.62813 0.37187
0.64035 0.35965
0.65895 0.34105
0.57576 0.42424
0.62462 0.37538
0.64301 0.35699
0.62856 0.37144
0.63821 0.36179
0.65014 0.34986
0.64991 0.35009
0.61291 0.38709
0.62619 0.37381
0.61228 0.38772
0.62728 0.37272
0.63567 0.36433
0.64199 0.35801
0.63097 0.36903
0.64070 0.35930
0.63256 0.36744
0.64145 0.35855
0.62951 0.37048
0.64573 0.35427
0.65163 0.34837
0.65163 0.34837
0.65409 0.34591
0.65163 0.34837
0.64536 0.35464
0.65146 0.34854
0.65146 0.34854
0.65385 0.34615
0.65146 0.34854
0.64583 0.35417
0.65173 0.34827
0.65173 0.34827
0.65488 0.34512
0.65173 0.34827
0.65080 0.34920
0.65080 0.34920
0.65499 0.34501
0.66189 0.33811
0.65182 0.34818
0.66401 0.33599
0.64583 0.35417
0.63402 0.36598
0.63587 0.36413
0.63980 0.36020
0.63972 0.36028
0.63864 0.36136
0.67658 0.32342
0.63410 0.36590
0.63760 0.36240
0.64347 0.35653
0.63160 0.36840
0.62998 0.37002
0.62998 0.37002
0.62998 0.37002
0.62998 0.37002
0.64228 0.35772
0.64228 0.35772
0.63795 0.36205
0.64228 0.35772
0.64228 0.35772
0.63795 0.36205
0.62491 0.37509
0.61610 0.38390
0.61943 0.38057
0.62491 0.37509
0.61610 0.38390
0.61943 0.38057
0.60526 0.39474
0.55341 0.44659
0.62883 0.37117
0.63015 0.36985
0.63574 0.36426
0.63182 0.36818
0.63524 0.36476
0.58131 0.41869
0.63034 0.36966
0.63034 0.36966
0.67220 0.32780
0.66117 0.33883
0.70366 0.29634
0.69249 0.30751
0.59778 0.40222
0.60551 0.39449
0.59411 0.40589
0.60551 0.39449
0.64626 0.35374
0.64455 0.35545
0.64689 0.35311
0.65666 0.34334
0.59391 0.40609
0.59925 0.40075
0.61661 0.38339
0.62245 0.37755
0.63357 0.36643
0.62734 0.37266
0.65256 0.34744
0.64552 0.35448
0.63461 0.36539
0.62758 0.37242
0.66858 0.33142
0.69828 0.30172
0.64445 0.35555
0.63842 0.36158
0.65207 0.34793
0.64957 0.35043
0.62012 0.37988
0.62758 0.37242
0.62162 0.37838
0.60400 0.39600
0.61888 0.38112
0.61739 0.38261
0.62533 0.37467
0.61898 0.38102
0.59798 0.40202
0.61258 0.38742
0.66462 0.33538
0.66200 0.33800
0.62888 0.37112
0.60000 0.40000
0.65025 0.34975
0.65025 0.34975
0.63539 0.36461
0.63539 0.36461
0.68402 0.31598
0.68472 0.31528
0.60636 0.39364
0.59729 0.40271
0.57538 0.42462
0.64800 0.35200
0.61784 0.38216
0.67364 0.32636
0.63692 0.36308
0.67210 0.32790
0.67303 0.32697
0.66907 0.33093
0.57900 0.42100
0.56142 0.43858
0.58099 0.41901
0.56902 0.43098
0.62042 0.37958
0.60899 0.39101
0.61944 0.38056
0.60945 0.39055
0.59936 0.40064
0.62161 0.37839
0.66040 0.33960
0.66040 0.33960
0.65145 0.34855
0.65219 0.34781
0.68884 0.31116
0.68950 0.31050
0.68605 0.31395
0.67549 0.32451
0.67395 0.32605
0.67127 0.32873
0.68216 0.31784
0.63434 0.36566
0.57303 0.42697
0.59757 0.40243
0.57608 0.42392
0.61416 0.38584
0.61416 0.38584
0.63575 0.36425
0.63575 0.36425
0.59581 0.40419
0.67177 0.32823
0.61612 0.38388
0.61110 0.38890
0.61515 0.38485
0.66074 0.33926
0.66074 0.33926
0.60556 0.39444
0.61855 0.38145
0.61856 0.38144
0.65901 0.34099
0.68090 0.31910
0.63732 0.36268
0.59564 0.40436
0.60763 0.39237
0.64007 0.35993
0.62354 0.37646
0.64007 0.35993
0.62354 0.37646
0.67685 0.32315
0.67700 0.32300
0.65773 0.34227
0.65773 0.34227
0.67641 0.32359
0.65773 0.34227
0.67548 0.32452
0.65667 0.34333
0.63773 0.36227
0.62210 0.37790
0.59388 0.40612
0.61658 0.38342
0.59565 0.40435
0.57807 0.42193
0.66276 0.33724
0.64853 0.35147
0.62883 0.37117
0.58008 0.41992
0.60516 0.39484
0.62603 0.37397
0.62690 0.37310
0.69412 0.30588
0.67878 0.32122
0.68885 0.31115
0.67410 0.32590
0.63414 0.36586
0.63449 0.36551
0.64519 0.35481
0.63414 0.36586
0.62756 0.37244
0.63741 0.36259
0.64154 0.35846
0.64154 0.35846
0.67168 0.32832
0.60894 0.39106
0.64840 0.35160
0.67080 0.32920
0.65168 0.34832
0.69112 0.30888
0.58718 0.41282
0.62136 0.37864
0.61641 0.38359
0.60257 0.39743
0.61479 0.38521
0.67839 0.32161
0.65364 0.34636
0.65346 0.34654
0.65239 0.34761
0.65217 0.34783
0.70061 0.29939
0.72494 0.27506
0.71200 0.28800
0.70396 0.29604
0.60104 0.39896
0.58847 0.41153
0.60145 0.39855
0.59047 0.40953
0.58696 0.41304
0.66354 0.33646
0.64119 0.35881
0.63059 0.36941
0.64586 0.35414
0.62390 0.37610
0.61816 0.38184
0.65069 0.34931
0.63292 0.36708
0.62320 0.37680
0.67076 0.32924
0.65321 0.34679
0.64701 0.35299
0.64642 0.35358
0.61050 0.38950
0.61705 0.38295
0.65494 0.34506
0.68793 0.31207
0.64478 0.35522
0.64860 0.35140
0.64152 0.35848
0.64369 0.35631
0.62641 0.37359
0.65475 0.34525
0.65294 0.34706
0.65990 0.34010
0.66002 0.33998
0.60918 0.39082
0.61514 0.38486
0.61285 0.38715
0.66094 0.33906
0.65823 0.34177
0.62001 0.37999
0.65141 0.34859
0.65141 0.34859
0.65141 0.34859
0.60678 0.39322
0.63001 0.36999
0.62384 0.37616
0.59823 0.40177
0.62066 0.37934
0.58502 0.41498
0.65119 0.34881
0.65355 0.34645
0.67592 0.32408
0.64668 0.35332
0.63613 0.36387
0.64158 0.35842
0.65851 0.34149
0.67506 0.32494
0.67975 0.32025
0.69659 0.30341
0.64575 0.35425
0.65121 0.34879
0.65289 0.34711
0.63693 0.36307
0.63895 0.36105
0.64110 0.35890
0.64110 0.35890
0.64110 0.35890
0.64010 0.35990
0.65424 0.34576
0.66068 0.33932
0.63122 0.36878
0.65850 0.34150
0.64075 0.35925
0.61938 0.38062
0.63889 0.36111
0.62231 0.37769
0.63825 0.36175
0.63212 0.36788
0.61399 0.38601
0.63543 0.36457
0.63531 0.36469
0.65609 0.34391
0.62941 0.37059
0.61777 0.38223
0.63301 0.36699
0.62001 0.37999
0.62620 0.37380
0.63966 0.36034
0.66065 0.33935
0.66340 0.33660
0.60064 0.39936
0.65468 0.34532
0.63848 0.36152
0.67215 0.32785
0.67085 0.32915
0.62199 0.37801
0.63259 0.36741
0.62732 0.37268
0.65654 0.34346
0.63635 0.36365
0.63522 0.36478
0.67953 0.32047
0.68562 0.31438
0.69418 0.30582
0.67821 0.32179
0.66952 0.33048
0.67559 0.32441
0.68171 0.31829
0.69033 0.30967
0.67426 0.32574
0.66564 0.33436
0.70974 0.29026
0.65111 0.34889
0.71356 0.28644
0.65482 0.34518
0.57478 0.42522
0.57201 0.42799
0.62252 0.37748
0.64597 0.35403
0.63267 0.36733
0.61474 0.38526
0.62386 0.37614
0.63307 0.36693
0.62444 0.37556
0.61303 0.38697
0.61394 0.38606
0.65492 0.34508
0.66699 0.33301
0.74712 0.25288
0.74396 0.25604
0.73093 0.26907
0.77172 0.22828
0.76187 0.23813
0.74214 0.25786
0.66891 0.33109
0.66412 0.33588
0.66389 0.33611
0.68532 0.31468
0.66746 0.33254
0.68045 0.31955
0.66245 0.33755
0.68019 0.31981
0.66218 0.33782
0.68077 0.31923
0.64089 0.35911
0.66379 0.33621
0.63675 0.36325
0.69112 0.30888
0.63651 0.36349
0.66379 0.33621
0.63675 0.36325
0.69112 0.30888
0.63651 0.36349
0.68077 0.31923
0.64089 0.35911
0.63449 0.36551
0.65232 0.34768
0.63132 0.36868
0.60378 0.39622
0.59910 0.40090
0.60653 0.39347
0.60903 0.39097
0.71193 0.28807
0.64362 0.35638
0.64068 0.35932
0.68518 0.31482
0.62987 0.37013
0.65347 0.34653
0.64897 0.35103
0.65645 0.34355
0.65864 0.34136
0.63998 0.36002
0.64597 0.35403
0.63759 0.36241
0.64597 0.35403
0.64246 0.35754
0.67708 0.32292
0.69768 0.30232
0.72370 0.27630
0.66555 0.33445
0.64554 0.35446
0.64554 0.35446
0.61968 0.38032
0.61255 0.38745
0.59324 0.40676
0.63127 0.36873
0.64497 0.35503
0.62295 0.37705
0.63646 0.36354
0.64573 0.35427
0.64573 0.35427
0.63787 0.36213
0.63787 0.36213
0.65006 0.34994
0.64879 0.35121
0.64151 0.35849
0.63984 0.36016
0.68397 0.31603
0.68363 0.31637
0.67883 0.32117
0.61900 0.38100
0.60052 0.39948
0.62318 0.37682
0.62096 0.37904
0.66173 0.33827
0.63615 0.36385
0.63262 0.36738
0.64562 0.35438
0.66586 0.33414
0.66191 0.33809
0.67705 0.32295
0.67763 0.32237
0.64666 0.35334
0.61870 0.38130
0.61290 0.38710
0.62510 0.37490
0.61954 0.38046
0.59732 0.40268
0.66484 0.33516
0.64037 0.35963
0.59763 0.40237
0.60222 0.39778
0.61532 0.38468
0.62672 0.37328
0.62289 0.37711
0.67579 0.32421
0.63625 0.36375
0.64101 0.35899
0.66651 0.33349
0.61996 0.38004
0.63419 0.36581
0.63989 0.36011
0.66573 0.33427
0.67681 0.32319
0.63170 0.36830
0.65544 0.34456
0.67479 0.32521
0.64480 0.35520
0.67076 0.32924
0.67995 0.32005
0.60341 0.39659
0.62341 0.37659
0.64036 0.35964
0.61425 0.38575
0.63652 0.36348
0.64487 0.35513
0.61078 0.38922
0.63307 0.36693
0.64337 0.35663
0.61949 0.38051
0.64373 0.35627
0.65519 0.34481
0.61279 0.38721
0.63501 0.36499
0.65168 0.34832
0.62250 0.37750
0.64658 0.35342
0.65648 0.34352
0.63190 0.36810
0.62155 0.37845
0.64031 0.35969
0.65491 0.34509
0.63197 0.36803
0.64123 0.35877
0.65808 0.34192
0.62663 0.37337
0.60766 0.39234
0.63069 0.36931
0.64219 0.35781
0.60991 0.39009
0.56521 0.43479
0.59693 0.40307
0.59241 0.40759
0.62871 0.37129
0.63031 0.36969
0.61329 0.38671
0.62998 0.37002
0.63110 0.36890
0.62107 0.37893
0.59513 0.40487
0.63964 0.36036
0.63326 0.36674
0.64159 0.35841
0.66229 0.33771
0.66229 0.33771
0.66030 0.33970
0.66030 0.33970
0.65056 0.34944
0.65056 0.34944
0.65355 0.34645
0.67134 0.32866
0.65750 0.34250
0.63293 0.36707
0.67397 0.32603
0.67377 0.32623
0.68001 0.31999
0.68924 0.31076
0.65829 0.34171
0.65758 0.34242
0.63597 0.36403
0.69141 0.30859
0.64043 0.35957
0.64035 0.35965
0.64035 0.35965
0.63473 0.36527
0.62426 0.37574
0.67238 0.32762
0.68763 0.31237
0.69275 0.30725
0.65227 0.34773
0.67969 0.32031
0.66013 0.33987
0.62430 0.37570
0.58806 0.41194
0.61406 0.38594
0.61557 0.38443
0.60008 0.39992
0.62982 0.37018
0.62526 0.37474
0.63192 0.36808
0.65039 0.34961
0.63480 0.36520
0.65101 0.34899
0.63274 0.36726
0.63274 0.36726
0.69543 0.30457
0.66024 0.33976
0.64861 0.35139
0.63875 0.36125
0.64422 0.35578
0.68589 0.31411
0.69177 0.30823
0.68589 0.31411
0.68589 0.31411
0.63716 0.36284
0.63303 0.36697
0.63853 0.36147
0.57904 0.42096
0.60430 0.39570
0.63840 0.36160
0.62176 0.37824
0.66287 0.33713
0.66540 0.33460
0.66043 0.33957
0.59238 0.40762
0.61030 0.38970
0.57780 0.42220
0.61089 0.38911
0.62740 0.37260
0.68694 0.31306
0.65486 0.34514
0.62130 0.37870
0.62375 0.37625
0.64312 0.35688
0.63584 0.36416
0.65856 0.34144
0.63058 0.36942
0.62927 0.37073
0.67770 0.32230
0.66947 0.33053
0.68147 0.31853
0.68359 0.31641
0.58269 0.41731
0.58287 0.41713
0.58795 0.41205
0.68369 0.31631
0.63394 0.36606
0.65994 0.34006
0.63627 0.36373
0.63627 0.36373
0.62290 0.37710
0.62107 0.37893
0.66048 0.33952
0.62245 0.37755
0.61972 0.38028
0.68577 0.31423
0.68386 0.31614
0.67532 0.32468
0.61310 0.38690
0.61041 0.38959
0.61561 0.38439
0.61752 0.38248
0.62951 0.37049
0.59981 0.40019
0.61120 0.38880
0.74976 0.25024
0.73756 0.26244
0.64724 0.35276
0.64724 0.35276
0.58494 0.41506
0.59699 0.40301
0.61002 0.38998
0.62371 0.37629
0.59520 0.40480
0.62017 0.37983
0.66077 0.33923
0.66250 0.33750
0.65675 0.34325
0.64229 0.35771
0.62055 0.37945
0.62163 0.37837
0.59021 0.40979
0.57278 0.42722
0.66104 0.33896
0.62790 0.37210
0.58636 0.41364
0.61115 0.38885
0.65611 0.34389
0.64335 0.35665
0.64005 0.35995
0.64388 0.35612
0.64789 0.35211
0.64345 0.35655
0.66390 0.33610
0.65332 0.34668
0.64842 0.35158
0.65244 0.34756
0.65659 0.34341
0.65342 0.34658
0.65797 0.34203
0.64999 0.35001
0.64522 0.35478
0.64645 0.35355
0.65343 0.34657
0.65012 0.34988
0.65732 0.34268
0.65793 0.34207
0.65498 0.34502
0.65531 0.34469
0.65732 0.34268
0.64107 0.35893
0.62840 0.37160
0.62432 0.37568
0.63079 0.36921
0.63138 0.36862
0.62848 0.37152
0.64499 0.35501
0.64316 0.35684
0.64791 0.35209
0.62304 0.37696
0.63822 0.36178
0.63023 0.36977
0.63023 0.36977
0.63023 0.36977
0.63023 0.36977
0.62225 0.37775
0.61694 0.38306
0.61438 0.38562
0.62808 0.37192
0.61429 0.38571
0.61429 0.38571
0.64343 0.35657
0.62204 0.37796
0.62204 0.37796
0.61445 0.38555
0.61445 0.38555
0.68634 0.31366
0.61446 0.38554
0.60280 0.39720
0.60957 0.39043
0.63483 0.36517
0.63893 0.36107
0.63629 0.36371
0.62091 0.37909
0.62480 0.37520
0.62229 0.37771
0.63077 0.36923
0.68022 0.31978
0.59015 0.40985
0.60840 0.39160
0.59186 0.40814
0.60840 0.39160
0.61910 0.38090
0.63356 0.36644
0.62289 0.37711
0.65423 0.34577
0.65582 0.34418
0.65378 0.34622
0.65540 0.34460
0.62989 0.37011
0.63128 0.36872
0.62989 0.37011
0.63128 0.36872
0.68780 0.31220
0.66145 0.33855
0.66101 0.33899
0.62982 0.37018
0.61168 0.38832
0.62982 0.37018
0.62114 0.37886
0.65460 0.34540
0.65299 0.34701
0.65299 0.34701
0.65970 0.34030
0.64128 0.35872
0.64297 0.35703
0.63237 0.36763
0.63092 0.36908
0.65093 0.34907
0.64676 0.35324
0.64102 0.35898
0.62374 0.37626
0.62241 0.37759
0.66788 0.33212
0.66485 0.33515
0.69759 0.30241
0.69448 0.30552
0.68778 0.31222
0.68480 0.31520
0.66600 0.33400
0.66600 0.33400
0.64925 0.35075
0.64925 0.35075
0.67510 0.32490
0.67510 0.32490
0.65346 0.34654
0.65346 0.34654
0.61807 0.38193
0.63554 0.36446
0.63581 0.36419
0.59721 0.40279
0.65099 0.34901
0.63263 0.36737
0.62784 0.37216
0.68443 0.31557
0.68589 0.31411
0.59876 0.40124
0.61266 0.38734
0.61964 0.38036
0.63355 0.36645
0.60201 0.39799
0.60062 0.39938
0.58935 0.41065
0.62113 0.37887
0.65639 0.34361
0.62053 0.37947
0.61845 0.38155
0.62720 0.37280
0.63359 0.36641
0.64852 0.35148
0.63033 0.36967
0.60761 0.39239
0.61234 0.38766
0.61802 0.38198
0.61802 0.38198
0.63639 0.36361
0.60259 0.39741
0.58074 0.41926
0.62168 0.37832
0.63081 0.36919
0.65818 0.34182
0.66237 0.33763
0.65219 0.34781
0.62739 0.37261
0.69758 0.30242
0.69402 0.30598
0.67936 0.32064
0.66133 0.33867
0.64663 0.35337
0.61195 0.38805
0.63676 0.36324
0.62034 0.37966
0.58368 0.41632
0.60725 0.39275
0.60193 0.39807
0.62886 0.37114
0.60472 0.39528
0.59508 0.40492
0.59950 0.40050
0.58871 0.41129
0.61851 0.38149
0.61236 0.38764
0.62456 0.37544
0.61298 0.38702
0.60535 0.39465
0.67052 0.32948
0.67052 0.32948
0.61967 0.38033
0.59647 0.40353
0.59161 0.40839
0.64161 0.35839
0.63183 0.36817
0.61277 0.38723
0.65095 0.34905
0.65018 0.34982
0.62795 0.37205
0.65202 0.34798
0.61893 0.38107
0.66820 0.33180
0.66130 0.33870
0.66130 0.33870
0.65154 0.34846
0.64093 0.35907
0.63046 0.36954
0.64316 0.35684
0.66157 0.33843
0.68019 0.31981
0.63113 0.36887
0.68689 0.31311
0.66717 0.33283
0.63770 0.36230
0.63777 0.36223
0.65719 0.34281
0.65731 0.34269
0.64282 0.35718
0.64292 0.35708
0.63714 0.36286
0.63186 0.36814
0.62410 0.37590
0.62462 0.37538
0.65741 0.34259
0.65646 0.34354
0.59906 0.40094
0.64659 0.35341
0.64659 0.35341
0.64714 0.35286
0.64714 0.35286
0.66921 0.33079
0.66983 0.33017
0.67992 0.32008
0.67206 0.32794
0.61406 0.38594
0.64240 0.35760
0.60631 0.39369
0.64372 0.35628
0.65268 0.34732
0.64681 0.35319
0.64122 0.35878
0.63600 0.36400
0.66857 0.33143
0.59622 0.40378
0.69504 0.30496
0.66187 0.33813
0.67276 0.32724
0.58919 0.41081
0.57420 0.42580
0.58919 0.41081
0.57420 0.42580
0.61169 0.38831
0.62269 0.37731
0.61169 0.38831
0.63311 0.36689
0.66578 0.33422
0.63311 0.36689
0.62734 0.37266
0.61184 0.38816
0.60884 0.39116
0.63971 0.36029
0.57840 0.42160
0.59568 0.40432
0.58938 0.41062
0.59206 0.40794
0.59206 0.40794
0.58753 0.41247
0.58811 0.41189
0.61448 0.38552
0.60549 0.39451
0.61273 0.38727
0.61273 0.38727
0.63328 0.36672
0.61173 0.38827
0.62038 0.37962
0.61538 0.38462
0.67747 0.32253
0.66909 0.33091
0.61459 0.38541
0.62191 0.37809
0.66799 0.33201
0.65103 0.34897
0.67794 0.32206
0.66023 0.33977
0.64509 0.35491
0.67053 0.32947
0.67805 0.32195
0.70186 0.29814
0.62486 0.37514
0.66938 0.33062
0.66859 0.33141
0.66080 0.33920
0.66080 0.33920
0.66231 0.33769
0.63022 0.36978
0.58420 0.41580
0.58509 0.41491
0.65547 0.34453
0.66781 0.33219
0.65704 0.34296
0.63051 0.36949
0.63048 0.36952
0.62279 0.37721
0.68126 0.31874
0.65118 0.34882
0.66369 0.33631
0.64389 0.35611
0.62258 0.37742
0.64643 0.35357
0.63245 0.36755
0.57888 0.42112
0.57888 0.42112
0.63710 0.36290
0.63668 0.36332
0.63681 0.36319
0.63670 0.36330
0.61129 0.38871
0.62536 0.37464
0.61170 0.38830
0.63228 0.36772
0.63554 0.36446
0.69578 0.30422
0.66288 0.33712
0.65863 0.34137
0.69725 0.30275
0.66440 0.33560
0.66011 0.33989
0.59801 0.40199
0.59801 0.40199
0.62180 0.37819
0.61219 0.38781
0.62053 0.37947
0.61089 0.38911
0.63360 0.36640
0.64265 0.35735
0.61120 0.38880
0.61124 0.38876
0.59234 0.40766
0.58444 0.41556
0.66088 0.33912
0.66861 0.33139
0.64222 0.35778
0.63193 0.36807
0.58675 0.41325
0.68599 0.31401
0.66390 0.33610
0.61998 0.38002
0.62074 0.37926
0.63011 0.36989
0.63011 0.36989
0.63011 0.36989
0.63011 0.36989
0.62587 0.37413
0.59704 0.40296
0.62502 0.37498
0.61563 0.38437
0.62881 0.37119
0.61932 0.38068
0.63928 0.36071
0.66353 0.33647
0.63814 0.36186
0.61510 0.38490
0.60516 0.39484
0.61710 0.38290
0.62137 0.37863
0.62862 0.37138
0.64071 0.35929
0.65443 0.34557
0.64725 0.35275
0.63483 0.36517
0.64675 0.35325
0.63547 0.36453
0.63547 0.36453
0.64675 0.35325
0.63547 0.36453
0.60777 0.39223
0.65572 0.34428
0.65572 0.34428
0.62110 0.37890
0.60281 0.39719
0.61579 0.38421
0.61007 0.38993
0.65670 0.34330
0.62066 0.37934
0.64991 0.35009
0.62972 0.37028
0.63846 0.36154
0.63156 0.36844
0.62790 0.37210
0.65189 0.34811
0.63449 0.36551
0.66270 0.33730
0.65633 0.34367
0.64873 0.35127
0.66654 0.33346
0.65477 0.34523
0.64522 0.35478
0.64830 0.35170
0.64830 0.35170
0.67461 0.32539
0.64830 0.35170
0.67487 0.32513
0.67497 0.32503
0.62684 0.37316
0.60550 0.39450
0.60456 0.39544
0.60550 0.39450
0.60456 0.39544
0.60766 0.39234
0.64051 0.35949
0.61859 0.38141
0.62729 0.37271
0.61833 0.38167
0.62698 0.37302
0.63817 0.36183
0.64001 0.35999
0.67807 0.32193
0.63351 0.36649
0.66017 0.33983
0.63340 0.36660
0.64906 0.35094
0.69592 0.30408
0.70942 0.29058
0.70942 0.29058
0.69584 0.30416
0.70795 0.29205
0.70898 0.29102
0.70898 0.29102
0.70793 0.29207
0.68140 0.31860
0.71255 0.28745
0.71255 0.28745
0.68125 0.31875
0.67674 0.32326
0.70720 0.29280
0.70720 0.29280
0.67658 0.32342
0.63131 0.36869
0.62080 0.37920
0.62667 0.37333
0.62340 0.37660
0.62558 0.37442
0.59618 0.40382
0.59883 0.40117
0.59823 0.40177
0.60175 0.39825
0.59484 0.40516
0.62970 0.37030
0.62000 0.38000
0.64239 0.35761
0.62000 0.38000
0.62371 0.37629
0.62572 0.37428
0.58447 0.41553
0.58853 0.41147
0.59109 0.40891
0.67578 0.32422
0.67578 0.32422
0.65128 0.34872
0.65128 0.34872
0.63761 0.36239
0.63761 0.36239
0.64165 0.35835
0.64165 0.35835
0.64091 0.35909
0.64091 0.35909
0.63761 0.36239
0.63761 0.36239
0.62214 0.37786
0.64089 0.35911
0.63765 0.36235
0.66331 0.33669
0.62214 0.37786
0.64089 0.35911
0.62214 0.37786
0.64089 0.35911
0.62535 0.37465
0.64393 0.35607
0.63236 0.36764
0.65123 0.34877
0.61516 0.38484
0.62798 0.37202
0.62844 0.37156
0.62913 0.37087
0.61287 0.38713
0.71292 0.28708
0.71720 0.28280
0.67323 0.32677
0.63545 0.36455
0.58721 0.41279
0.64417 0.35583
0.61435 0.38565
0.64165 0.35835
0.66053 0.33947
0.62772 0.37228
0.60803 0.39197
0.71147 0.28853
0.59927 0.40073
0.66357 0.33643
0.66007 0.33993
0.62715 0.37285
0.65919 0.34081
0.66624 0.33376
0.58057 0.41943
0.58689 0.41311
0.66097 0.33903
0.66097 0.33903
0.61664 0.38336
0.61529 0.38471
0.61394 0.38606
0.63253 0.36747
0.66982 0.33017
0.66982 0.33017
0.59591 0.40409
0.63478 0.36522
0.59882 0.40118
0.63584 0.36416
0.58956 0.41044
0.61280 0.38720
0.60372 0.39628
0.64218 0.35782
0.63182 0.36818
0.55776 0.44224
0.68231 0.31769
0.65052 0.34948
0.68231 0.31769
0.65052 0.34948
0.58890 0.41110
0.65853 0.34147
0.65178 0.34822
0.65107 0.34893
0.61733 0.38267
0.59266 0.40734
0.61219 0.38781
0.65493 0.34507
0.64319 0.35681
0.62038 0.37962
0.63579 0.36421
0.59994 0.40006
0.60416 0.39584
0.66347 0.33653
0.67930 0.32070
0.66788 0.33212
0.61930 0.38070
0.62216 0.37784
0.57485 0.42515
0.60736 0.39264
0.60309 0.39691
0.59366 0.40634
0.63257 0.36743
0.62605 0.37395
0.56100 0.43900
0.62143 0.37857
0.61446 0.38554
0.58536 0.41464
0.62683 0.37317
0.62849 0.37151
0.62316 0.37684
0.62662 0.37338
0.56907 0.43093
0.56643 0.43357
0.66783 0.33217
0.67353 0.32647
0.64934 0.35066
0.66713 0.33287
0.68304 0.31696
0.66783 0.33217
0.67353 0.32647
0.64934 0.35066
0.66713 0.33287
0.68304 0.31696
0.58595 0.41405
0.62192 0.37808
0.58279 0.41721
0.61881 0.38119
0.60057 0.39943
0.60680 0.39320
0.65498 0.34502
0.63594 0.36406
0.63135 0.36865
0.68870 0.31130
0.70734 0.29266
0.69998 0.30002
0.71566 0.28434
0.70281 0.29719
0.71837 0.28163
0.69245 0.30755
0.72191 0.27809
0.68615 0.31385
0.71416 0.28584
0.63475 0.36525
0.64574 0.35426
0.60236 0.39764
0.60663 0.39337
0.58693 0.41307
0.57831 0.42169
0.65811 0.34189
0.64241 0.35759
0.68793 0.31207
0.71736 0.28264
0.68167 0.31833
0.71248 0.28752
0.65919 0.34081
0.71806 0.28194
0.68738 0.31262
0.61630 0.38370
0.62346 0.37654
0.62801 0.37199
0.60660 0.39340
0.62010 0.37990
0.61848 0.38152
0.62707 0.37293
0.64569 0.35431
0.66535 0.33465
0.64117 0.35883
0.65657 0.34343
0.66609 0.33391
0.68154 0.31846
0.67447 0.32553
0.64815 0.35185
0.66456 0.33544
0.63448 0.36552
0.63448 0.36552
0.65467 0.34533
0.62918 0.37082
0.62918 0.37082
0.65160 0.34840
0.62337 0.37663
0.62337 0.37663
0.64597 0.35403
0.61782 0.38218
0.61818 0.38182
0.64988 0.35012
0.63448 0.36552
0.63448 0.36552
0.65467 0.34533
0.62337 0.37663
0.62337 0.37663
0.64597 0.35403
0.63448 0.36552
0.63448 0.36552
0.65467 0.34533
0.64894 0.35106
0.64894 0.35106
0.64086 0.35914
0.64086 0.35914
0.67005 0.32995
0.67181 0.32819
0.66100 0.33900
0.67084 0.32916
0.62262 0.37738
0.62885 0.37115
0.62887 0.37113
0.66174 0.33826
0.65336 0.34664
0.65352 0.34648
0.62977 0.37023
0.64442 0.35558
0.64459 0.35541
0.64909 0.35091
0.65154 0.34846
0.65170 0.34830
0.71379 0.28621
0.71918 0.28082
0.63988 0.36012
0.66320 0.33680
0.66473 0.33527
0.71708 0.28292
0.71563 0.28437
0.67970 0.32030
0.69009 0.30991
0.68690 0.31310
0.67532 0.32468
0.61098 0.38902
0.60122 0.39878
0.62698 0.37302
0.64427 0.35573
0.61644 0.38356
0.63427 0.36573
0.61221 0.38779
0.63677 0.36323
0.62994 0.37006
0.62793 0.37207
0.63658 0.36342
0.65640 0.34360
0.65181 0.34819
0.65773 0.34227
0.66569 0.33431
0.66740 0.33260
0.67358 0.32642
0.66215 0.33785
0.67159 0.32841
0.67773 0.32227
0.63097 0.36903
0.70172 0.29828
0.72061 0.27939
0.68973 0.31027
0.62477 0.37523
0.75719 0.24281
0.75754 0.24246
0.75651 0.24349
0.72333 0.27667
0.71846 0.28154
0.66361 0.33639
0.67730 0.32270
0.65686 0.34314
0.69896 0.30104
0.71197 0.28803
0.70325 0.29675
0.64801 0.35199
0.65677 0.34323
0.63953 0.36047
0.61542 0.38458
0.66563 0.33437
0.67556 0.32444
0.66012 0.33988
0.58452 0.41548
0.59065 0.40935
0.58768 0.41232
0.67431 0.32569
0.67431 0.32569
0.66463 0.33537
0.63110 0.36890
0.63704 0.36296
0.63313 0.36687
0.63273 0.36727
0.65987 0.34013
0.64384 0.35616
0.64632 0.35368
0.61972 0.38028
0.63632 0.36368
0.62074 0.37926
0.61997 0.38003
0.61929 0.38071
0.61925 0.38075
0.62208 0.37792
0.62661 0.37339
0.63391 0.36609
0.62619 0.37381
0.63163 0.36837
0.63432 0.36568
0.63751 0.36249
0.63266 0.36734
0.63163 0.36837
0.63432 0.36568
0.65092 0.34908
0.67102 0.32898
0.65130 0.34870
0.63813 0.36187
0.64270 0.35730
0.62206 0.37794
0.61653 0.38347
0.60899 0.39101
0.62741 0.37259
0.62935 0.37065
0.61857 0.38143
0.62112 0.37888
0.61650 0.38350
0.61823 0.38177
0.58128 0.41872
0.57545 0.42455
0.58128 0.41872
0.57545 0.42455
0.65521 0.34479
0.64071 0.35929
0.65105 0.34895
0.63848 0.36152
0.62854 0.37146
0.68327 0.31673
0.66631 0.33369
0.66605 0.33395
0.65127 0.34873
0.64854 0.35146
0.67265 0.32735
0.67265 0.32735
0.65566 0.34434
0.65820 0.34180
0.65820 0.34180
0.65261 0.34739
0.67536 0.32464
0.67536 0.32464
0.62304 0.37696
0.61030 0.38970
0.61840 0.38160
0.62304 0.37696
0.61030 0.38970
0.61840 0.38160
0.62304 0.37696
0.61030 0.38970
0.61840 0.38160
0.62852 0.37148
0.61025 0.38975
0.63488 0.36512
0.61646 0.38354
0.62234 0.37766
0.62492 0.37508
0.62918 0.37082
0.63189 0.36811
0.62606 0.37394
0.62619 0.37381
0.62440 0.37560
0.62727 0.37273
0.62287 0.37713
0.61909 0.38091
0.66101 0.33899
0.66399 0.33601
0.63396 0.36604
0.63253 0.36747
0.68717 0.31283
0.68948 0.31052
0.66866 0.33134
0.66878 0.33122
0.65044 0.34956
0.66878 0.33122
0.65077 0.34923
0.73495 0.26505
0.60497 0.39503
0.60413 0.39587
0.60497 0.39503
0.64103 0.35897
0.61946 0.38054
0.62745 0.37255
0.65308 0.34692
0.66412 0.33588
0.66489 0.33511
0.67002 0.32998
0.65308 0.34692
0.66412 0.33588
0.68129 0.31871
0.67528 0.32472
0.60846 0.39154
0.64158 0.35842
0.62588 0.37412
0.60883 0.39117
0.64608 0.35392
0.63542 0.36458
0.66574 0.33426
0.66662 0.33338
0.65381 0.34619
0.71044 0.28956
0.71144 0.28856
0.68213 0.31787
0.69765 0.30235
0.65609 0.34391
0.70118 0.29882
0.68964 0.31036
0.66978 0.33022
0.69357 0.30643
0.65306 0.34694
0.63973 0.36027
0.67104 0.32896
0.70098 0.29902
0.66187 0.33813
0.64364 0.35636
0.67785 0.32215
0.68771 0.31229
0.66389 0.33611
0.65595 0.34405
0.70834 0.29166
0.66603 0.33397
0.65133 0.34867
0.67915 0.32085
0.66779 0.33221
0.67281 0.32719
0.67319 0.32681
0.67367 0.32633
0.66725 0.33275
0.66764 0.33236
0.66218 0.33782
0.61322 0.38678
0.61061 0.38939
0.62736 0.37264
0.60957 0.39043
0.61765 0.38235
0.59622 0.40378
0.62054 0.37946
0.60266 0.39734
0.59309 0.40691
0.60137 0.39863
0.63532 0.36468
0.62189 0.37811
0.65330 0.34670
0.65628 0.34372
0.62426 0.37574
0.62680 0.37320
0.68804 0.31196
0.62072 0.37928
0.63258 0.36742
0.60277 0.39723
0.60138 0.39862
0.59592 0.40408
0.59473 0.40527
0.65517 0.34483
0.67125 0.32875
0.64958 0.35042
0.65779 0.34221
0.69114 0.30886
0.65535 0.34465
0.68604 0.31396
0.60300 0.39700
0.65236 0.34764
0.62913 0.37087
0.63212 0.36788
0.62651 0.37349
0.53801 0.46199
0.59592 0.40408
0.59786 0.40214
0.62119 0.37881
0.59954 0.40046
0.60164 0.39836
0.62126 0.37874
0.66896 0.33104
0.70222 0.29778
0.56935 0.43065
0.57473 0.42527
0.57704 0.42296
0.58764 0.41236
0.62017 0.37983
0.59467 0.40533
0.65654 0.34346
0.65459 0.34541
0.63031 0.36969
0.58606 0.41394
0.63730 0.36270
0.64501 0.35499
0.64865 0.35135
0.68027 0.31973
0.64242 0.35758
0.65639 0.34361
0.65680 0.34320
0.64368 0.35632
0.67575 0.32425
0.66017 0.33983
0.68889 0.31111
0.66701 0.33299
0.67575 0.32425
0.66017 0.33983
0.63499 0.36501
0.63289 0.36711
0.63259 0.36741
0.59087 0.40913
0.64385 0.35615
0.62230 0.37770
0.64512 0.35488
0.63377 0.36623
0.63342 0.36658
0.62631 0.37369
0.62530 0.37470
0.61927 0.38073
0.62322 0.37678
0.61895 0.38105
0.62290 0.37710
0.61895 0.38105
0.62291 0.37709
0.65878 0.34122
0.73263 0.26737
0.69333 0.30667
0.68270 0.31730
0.67596 0.32404
0.61904 0.38096
0.66580 0.33420
0.64595 0.35405
0.64481 0.35519
0.64593 0.35407
0.62595 0.37405
0.61965 0.38035
0.62084 0.37916
0.61813 0.38187
0.61477 0.38523
0.57465 0.42535
0.67757 0.32243
0.58717 0.41283
0.61171 0.38829
0.63681 0.36319
0.64748 0.35252
0.64748 0.35252
0.62295 0.37705
0.63263 0.36737
0.63195 0.36805
0.63655 0.36345
0.62836 0.37164
0.64033 0.35967
0.63655 0.36345
0.59772 0.40228
0.60231 0.39769
0.61231 0.38769
0.60910 0.39090
0.62735 0.37265
0.63241 0.36759
0.63852 0.36148
0.64875 0.35125
0.64875 0.35125
0.63732 0.36268
0.63732 0.36268
0.64933 0.35067
0.64933 0.35067
0.64272 0.35728
0.64272 0.35728
0.63844 0.36156
0.64410 0.35590
0.59804 0.40196
0.60759 0.39241
0.60229 0.39771
0.64162 0.35838
0.65397 0.34603
0.64720 0.35280
0.62581 0.37419
0.62581 0.37419
0.68607 0.31393
0.63111 0.36889
0.60271 0.39729
0.59489 0.40511
0.58968 0.41032
0.60622 0.39378
0.56173 0.43827
0.62170 0.37830
0.58989 0.41011
0.58989 0.41011
0.60941 0.39059
0.60941 0.39059
0.59508 0.40492
0.59508 0.40492
0.59954 0.40046
0.61422 0.38578
0.65049 0.34951
0.67408 0.32592
0.67408 0.32592
0.62703 0.37297
0.64019 0.35981
0.62349 0.37651
0.61974 0.38026
0.61741 0.38259
0.61874 0.38126
0.61088 0.38912
0.65218 0.34782
0.65906 0.34094
0.66109 0.33891
0.66036 0.33964
0.66731 0.33269
0.66951 0.33049
0.64681 0.35319
0.65382 0.34618
0.58676 0.41324
0.67225 0.32775
0.67954 0.32046
0.68192 0.31808
0.61514 0.38486
0.61738 0.38262
0.64819 0.35181
0.65026 0.34974
0.66647 0.33353
0.65444 0.34556
0.65444 0.34556
0.65444 0.34556
0.65444 0.34556
0.64837 0.35163
0.65001 0.34999
0.64837 0.35163
0.65001 0.34999
0.55675 0.44325
0.63975 0.36025
0.67024 0.32976
0.61917 0.38083
0.64547 0.35453
0.64416 0.35584
0.58756 0.41244
0.60507 0.39493
0.60402 0.39598
0.60507 0.39493
0.66398 0.33602
0.64614 0.35386
0.64614 0.35386
0.64742 0.35258
0.64742 0.35258
0.63104 0.36896
0.62983 0.37017
0.63104 0.36896
0.62983 0.37017
0.60150 0.39850
0.67230 0.32770
0.65408 0.34592
0.60846 0.39154
0.61283 0.38717
0.60693 0.39307
0.62300 0.37700
0.61671 0.38329
0.63381 0.36619
0.62933 0.37067
0.63448 0.36552
0.64689 0.35311
0.62189 0.37811
0.64261 0.35739
0.66282 0.33718
0.66358 0.33642
0.56879 0.43121
0.61711 0.38289
0.60329 0.39671
0.62566 0.37434
0.61102 0.38898
0.61029 0.38971
0.62998 0.37002
0.68048 0.31952
0.68048 0.31952
0.68137 0.31863
0.68137 0.31863
0.61909 0.38091
0.68975 0.31025
0.69767 0.30233
0.66724 0.33276
0.65700 0.34300
0.64888 0.35112
0.65375 0.34625
0.64567 0.35433
0.65375 0.34625
0.59369 0.40631
0.58861 0.41139
0.66814 0.33186
0.65997 0.34003
0.64010 0.35990
0.61990 0.38010
0.63204 0.36796
0.63173 0.36827
0.63428 0.36572
0.64624 0.35376
0.64578 0.35422
0.63736 0.36264
0.64913 0.35087
0.65112 0.34888
0.66981 0.33019
0.66009 0.33991
0.61083 0.38917
0.61700 0.38300
0.62395 0.37605
0.67103 0.32897
0.67490 0.32510
0.68711 0.31289
0.62526 0.37474
0.68031 0.31969
0.66841 0.33159
0.58649 0.41351
0.70214 0.29786
0.70214 0.29786
0.63147 0.36853
0.63864 0.36136
0.64504 0.35496
0.63147 0.36853
0.64504 0.35496
0.64319 0.35681
0.65699 0.34301
0.64646 0.35354
0.64319 0.35681
0.64646 0.35354
0.64443 0.35557
0.69093 0.30907
0.69857 0.30143
0.69128 0.30872
0.69625 0.30375
0.69039 0.30961
0.65951 0.34049
0.66358 0.33642
0.65787 0.34213
0.66759 0.33241
0.67864 0.32136
0.60293 0.39707
0.59888 0.40112
0.62547 0.37453
0.62547 0.37453
0.62382 0.37618
0.66085 0.33915
0.66282 0.33718
0.58023 0.41977
0.59616 0.40384
0.59141 0.40859
0.60656 0.39344
0.69126 0.30874
0.66179 0.33821
0.66976 0.33024
0.71150 0.28850
0.60950 0.39050
0.61758 0.38242
0.60462 0.39538
0.61502 0.38498
0.65642 0.34358
0.63295 0.36705
0.64233 0.35767
0.66999 0.33001
0.62072 0.37927
0.66865 0.33135
0.66999 0.33001
0.62072 0.37927
0.66865 0.33135
0.66824 0.33176
0.61003 0.38997
0.66689 0.33311
0.66824 0.33176
0.61003 0.38997
0.66689 0.33311
0.60654 0.39346
0.59324 0.40676
0.62739 0.37261
0.62834 0.37166
0.59622 0.40378
0.62941 0.37059
0.62377 0.37623
0.62484 0.37516
0.62875 0.37125
0.64389 0.35611
0.64117 0.35883
0.63137 0.36863
0.63638 0.36362
0.67567 0.32433
0.67213 0.32787
0.65907 0.34093
0.65907 0.34093
0.63178 0.36822
0.63096 0.36904
0.64170 0.35830
0.66948 0.33052
0.63497 0.36503
0.66217 0.33783
0.63580 0.36420
0.63688 0.36312
0.63655 0.36345
0.61610 0.38390
0.61947 0.38053
0.61998 0.38002
0.54457 0.45543
0.59036 0.40964
0.61063 0.38937
0.65457 0.34543
0.68025 0.31975
0.65722 0.34278
0.65676 0.34324
0.66326 0.33674
0.66326 0.33674
0.65164 0.34836
0.65417 0.34583
0.72338 0.27662
0.72350 0.27650
0.64593 0.35407
0.63951 0.36049
0.60905 0.39095
0.60313 0.39687
0.59521 0.40479
0.63608 0.36392
0.64150 0.35850
0.62835 0.37165
0.64523 0.35478
0.64462 0.35538
0.62261 0.37739
0.66200 0.33800
0.66283 0.33717
0.63323 0.36677
0.63323 0.36677
0.63394 0.36606
0.63394 0.36606
0.63666 0.36334
0.63666 0.36334
0.63594 0.36406
0.72801 0.27199
0.69733 0.30267
0.72044 0.27956
0.69071 0.30929
0.72044 0.27956
0.67199 0.32801
0.67286 0.32714
0.67286 0.32714
0.59990 0.40010
0.60069 0.39931
0.60629 0.39371
0.57462 0.42538
0.66413 0.33587
0.65740 0.34260
0.62906 0.37094
0.60613 0.39387
0.61056 0.38944
0.61330 0.38670
0.65966 0.34034
0.61366 0.38634
0.60667 0.39333
0.65660 0.34340
0.65080 0.34920
0.68432 0.31568
0.67035 0.32965
0.54358 0.45642
0.56429 0.43571
0.54128 0.45872
0.56259 0.43741
0.61365 0.38635
0.58592 0.41408
0.61635 0.38365
0.61993 0.38007
0.58459 0.41541
0.61905 0.38095
0.62089 0.37911
0.62413 0.37587
0.62897 0.37103
0.62484 0.37516
0.63329 0.36671
0.62918 0.37082
0.66610 0.33390
0.60948 0.39052
0.61865 0.38135
0.61865 0.38135
0.61865 0.38135
0.61432 0.38568
0.61432 0.38568
0.61432 0.38568
0.62885 0.37115
0.61278 0.38722
0.67324 0.32676
0.62306 0.37694
0.65771 0.34229
0.62173 0.37827
0.64699 0.35301
0.61602 0.38398
0.65771 0.34229
0.62173 0.37827
0.60971 0.39029
0.56842 0.43158
0.55970 0.44030
0.61951 0.38049
0.63112 0.36888
0.61605 0.38395
0.63311 0.36689
0.60357 0.39643
0.61897 0.38103
0.60713 0.39287
0.62353 0.37647
0.60636 0.39364
0.59939 0.40061
0.60612 0.39388
0.60758 0.39242
0.61269 0.38731
0.61269 0.38731
0.62045 0.37955
0.62045 0.37955
0.60196 0.39804
0.66762 0.33238
0.64514 0.35486
0.62858 0.37142
0.69011 0.30989
0.69221 0.30779
0.58307 0.41693
0.63164 0.36836
0.70561 0.29439
0.69506 0.30494
0.64822 0.35178
0.62694 0.37306
0.62694 0.37306
0.62694 0.37306
0.61732 0.38268
0.61732 0.38268
0.61732 0.38268
0.62694 0.37306
0.62694 0.37306
0.62694 0.37306
0.62694 0.37306
0.62694 0.37306
0.62694 0.37306
0.66172 0.33828
0.65501 0.34499
0.64658 0.35342
0.67184 0.32816
0.67664 0.32336
0.65580 0.34420
0.65644 0.34356
0.62063 0.37937
0.61393 0.38607
0.67686 0.32314
0.65035 0.34965
0.67686 0.32314
0.62540 0.37460
0.64360 0.35640
0.63119 0.36881
0.63870 0.36130
0.63882 0.36118
0.63872 0.36128
0.60454 0.39546
0.59020 0.40980
0.64075 0.35925
0.63207 0.36793
0.61266 0.38734
0.54851 0.45149
0.63599 0.36401
0.64940 0.35060
0.62905 0.37095
0.63006 0.36994
0.68306 0.31694
0.67378 0.32622
0.63931 0.36069
0.63081 0.36919
0.66941 0.33059
0.67350 0.32650
0.65261 0.34739
0.63408 0.36592
0.60438 0.39562
0.63038 0.36962
0.63038 0.36962
0.63495 0.36505
0.64111 0.35889
0.59888 0.40112
0.65653 0.34347
0.65653 0.34347
0.64991 0.35009
0.62964 0.37036
0.62638 0.37362
0.69502 0.30498
0.69519 0.30481
0.67264 0.32736
0.67281 0.32719
0.64853 0.35147
0.64853 0.35147
0.56477 0.43523
0.62630 0.37370
0.66463 0.33537
0.58426 0.41574
0.58110 0.41890
0.60897 0.39103
0.60787 0.39213
0.60897 0.39103
0.60787 0.39213
0.59075 0.40925
0.63632 0.36368
0.58879 0.41121
0.61496 0.38504
0.65141 0.34859
0.64844 0.35156
0.61639 0.38361
0.61639 0.38361
0.60780 0.39220
0.60825 0.39175
0.67151 0.32849
0.61704 0.38296
0.60325 0.39675
0.67634 0.32366
0.65906 0.34094
0.65906 0.34094
0.67614 0.32386
0.65887 0.34113
0.65887 0.34113
0.62934 0.37066
0.64364 0.35636
0.64127 0.35873
0.60779 0.39221
0.68293 0.31707
0.66900 0.33100
0.66900 0.33100
0.61152 0.38848
0.62548 0.37452
0.63116 0.36884
0.63454 0.36546
0.59719 0.40281
0.60821 0.39179
0.56194 0.43806
0.64523 0.35477
0.58064 0.41936
0.58065 0.41935
0.65294 0.34706
0.61098 0.38902
0.63551 0.36449
0.66486 0.33514
0.68574 0.31426
0.66308 0.33692
0.64480 0.35520
0.63129 0.36871
0.57190 0.42810
0.62686 0.37314
0.60064 0.39936
0.61694 0.38306
0.60762 0.39238
0.68583 0.31417
0.67614 0.32386
0.67614 0.32386
0.57478 0.42522
0.61270 0.38730
0.64068 0.35932
0.63382 0.36618
0.74201 0.25799
0.70939 0.29061
0.71591 0.28409
0.74373 0.25627
0.74129 0.25871
0.74530 0.25470
0.68398 0.31602
0.69987 0.30013
0.68223 0.31777
0.69808 0.30192
0.67944 0.32056
0.69524 0.30476
0.68610 0.31390
0.70204 0.29796
0.68594 0.31406
0.69104 0.30896
0.63552 0.36448
0.63290 0.36710
0.61718 0.38281
0.62232 0.37768
0.66042 0.33958
0.65743 0.34257
0.65727 0.34273
0.65970 0.34030
0.66260 0.33740
0.65954 0.34046
0.72244 0.27756
0.72016 0.27984
0.72016 0.27984
0.66765 0.33235
0.66562 0.33438
0.66562 0.33438
0.60131 0.39869
0.65706 0.34294
0.63944 0.36056
0.62521 0.37479
0.58009 0.41991
0.61324 0.38676
0.61064 0.38936
0.62446 0.37554
0.60381 0.39619
0.59837 0.40163
0.61161 0.38839
0.61391 0.38609
0.62413 0.37587
0.61767 0.38233
0.60027 0.39973
0.60953 0.39047
0.60379 0.39621
0.60027 0.39973
0.60953 0.39047
0.60379 0.39621
0.64097 0.35903
0.62306 0.37694
0.62487 0.37513
0.62061 0.37939
0.66986 0.33014
0.67629 0.32371
0.65886 0.34114
0.68389 0.31611
0.65394 0.34606
0.66876 0.33124
0.65967 0.34033
0.67609 0.32391
0.65680 0.34320
0.68184 0.31816
0.61490 0.38510
0.60719 0.39281
0.66771 0.33229
0.64803 0.35197
0.64985 0.35015
0.64544 0.35456
0.66771 0.33229
0.64583 0.35417
0.65263 0.34737
0.64583 0.35417
0.65366 0.34634
0.67792 0.32208
0.63251 0.36749
0.63901 0.36099
0.63251 0.36749
0.63959 0.36041
0.65854 0.34146
0.63063 0.36937
0.63711 0.36289
0.63063 0.36937
0.63768 0.36232
0.65672 0.34328
0.64583 0.35417
0.65263 0.34737
0.64583 0.35417
0.65366 0.34634
0.67792 0.32208
0.62797 0.37203
0.63441 0.36559
0.62797 0.37203
0.63499 0.36501
0.65414 0.34586
0.69875 0.30125
0.67204 0.32796
0.68698 0.31302
0.65426 0.34574
0.65697 0.34303
0.64814 0.35186
0.63241 0.36759
0.64072 0.35928
0.64072 0.35928
0.63241 0.36759
0.64827 0.35173
0.63256 0.36744
0.64087 0.35913
0.64087 0.35913
0.63256 0.36744
0.64589 0.35411
0.63040 0.36960
0.63863 0.36137
0.63863 0.36137
0.63040 0.36960
0.63129 0.36871
0.63196 0.36804
0.62303 0.37697
0.62303 0.37697
0.63196 0.36804
0.65057 0.34943
0.62403 0.37597
0.63077 0.36923
0.63077 0.36923
0.62403 0.37597
0.65384 0.34616
0.62726 0.37274
0.62660 0.37340
0.62660 0.37340
0.62726 0.37274
0.65384 0.34616
0.62726 0.37274
0.62660 0.37340
0.62660 0.37340
0.62726 0.37274
0.65434 0.34566
0.58043 0.41957
0.58258 0.41742
0.61703 0.38297
0.61466 0.38534
0.58480 0.41520
0.58252 0.41748
0.65238 0.34762
0.64932 0.35068
0.65332 0.34668
0.65842 0.34158
0.63246 0.36754
0.63833 0.36167
0.62643 0.37357
0.63158 0.36842
0.62383 0.37617
0.60722 0.39278
0.61463 0.38537
0.61011 0.38989
0.61065 0.38935
0.61725 0.38275
0.68643 0.31357
0.70683 0.29317
0.67979 0.32021
0.70026 0.29974
0.68643 0.31357
0.70683 0.29317
0.67979 0.32021
0.70026 0.29974
0.65777 0.34223
0.67823 0.32177
0.65777 0.34223
0.67823 0.32177
0.65187 0.34813
0.67225 0.32775
0.65697 0.34303
0.67823 0.32177
0.68830 0.31170
0.67935 0.32065
0.68830 0.31170
0.67935 0.32065
0.68203 0.31797
0.67318 0.32682
0.63891 0.36109
0.64643 0.35357
0.65716 0.34284
0.63891 0.36109
0.64643 0.35357
0.65716 0.34284
0.63358 0.36642
0.64115 0.35885
0.65178 0.34822
0.67809 0.32191
0.66940 0.33060
0.64192 0.35808
0.64035 0.35965
0.63160 0.36840
0.64776 0.35224
0.64127 0.35873
0.67742 0.32258
0.67770 0.32230
0.66843 0.33157
0.64754 0.35246
0.61372 0.38628
0.64454 0.35546
0.61772 0.38228
0.65140 0.34860
0.66427 0.33573
0.66751 0.33249
0.68482 0.31518
0.66799 0.33201
0.66621 0.33379
0.68030 0.31970
0.66570 0.33430
0.66387 0.33613
0.66940 0.33060
0.65624 0.34376
0.65458 0.34542
0.73686 0.26314
0.73686 0.26314
0.73686 0.26314
0.65331 0.34669
0.65169 0.34831
0.65331 0.34669
0.65169 0.34831
0.65331 0.34669
0.65169 0.34831
0.65331 0.34669
0.65169 0.34831
0.66265 0.33735
0.66084 0.33916
0.66265 0.33735
0.66084 0.33916
0.65331 0.34669
0.65169 0.34831
0.65331 0.34669
0.65169 0.34831
0.63090 0.36910
0.63600 0.36400
0.63090 0.36910
0.61289 0.38711
0.59286 0.40714
0.61308 0.38692
0.61887 0.38113
0.58846 0.41154
0.70111 0.29889
0.62597 0.37403
0.60516 0.39484
0.61720 0.38280
0.64709 0.35291
0.61824 0.38176
0.66290 0.33710
0.71072 0.28928
0.68043 0.31957
0.66476 0.33524
0.63193 0.36807
0.66476 0.33524
0.63193 0.36807
0.62970 0.37030
0.60845 0.39155
0.64002 0.35998
0.62660 0.37340
0.60155 0.39845
0.63534 0.36466
0.62186 0.37814
0.64117 0.35883
0.62186 0.37814
0.62114 0.37886
0.62114 0.37886
0.62114 0.37886
0.62114 0.37886
0.61868 0.38132
0.61167 0.38833
0.62098 0.37902
0.61271 0.38729
0.60496 0.39504
0.59603 0.40397
0.64153 0.35847
0.62811 0.37189
0.61889 0.38111
0.63024 0.36976
0.62011 0.37989
0.59770 0.40230
0.58795 0.41205
0.58546 0.41454
0.60409 0.39591
0.62335 0.37665
0.60771 0.39229
0.61617 0.38382
0.68289 0.31711
0.66779 0.33221
0.61322 0.38678
0.60800 0.39200
0.55377 0.44623
0.58152 0.41848
0.55726 0.44274
0.58271 0.41729
0.59595 0.40405
0.56724 0.43276
0.65369 0.34631
0.66812 0.33188
0.63171 0.36829
0.58179 0.41821
0.58469 0.41531
0.57301 0.42699
0.58758 0.41242
0.62849 0.37151
0.61434 0.38566
0.62849 0.37151
0.61434 0.38566
0.61979 0.38021
0.64180 0.35820
0.61353 0.38647
0.60238 0.39762
0.63758 0.36242
0.64331 0.35669
0.63162 0.36838
0.58449 0.41551
0.61040 0.38960
0.60060 0.39940
0.61040 0.38960
0.60060 0.39940
0.71576 0.28424
0.70507 0.29493
0.71613 0.28387
0.61831 0.38169
0.61857 0.38143
0.62594 0.37406
0.62566 0.37434
0.62594 0.37406
0.62566 0.37434
0.62594 0.37406
0.62594 0.37406
0.64926 0.35074
0.64959 0.35041
0.62708 0.37292
0.64199 0.35801
0.62278 0.37722
0.61249 0.38751
0.61021 0.38979
0.61363 0.38637
0.63770 0.36230
0.61038 0.38962
0.61068 0.38932
0.57155 0.42845
0.57035 0.42965
0.60384 0.39616
0.58232 0.41768
0.58173 0.41827
0.59099 0.40901
0.60034 0.39966
0.60562 0.39438
0.62721 0.37279
0.60968 0.39032
0.60943 0.39057
0.62766 0.37234
0.62766 0.37234
0.62766 0.37234
0.62279 0.37721
0.62279 0.37721
0.62279 0.37721
0.64125 0.35875
0.64125 0.35875
0.64125 0.35875
0.63258 0.36742
0.68907 0.31093
0.66162 0.33838
0.65435 0.34565
0.63989 0.36011
0.67300 0.32700
0.65295 0.34705
0.66776 0.33224
0.65268 0.34732
0.65470 0.34530
0.65517 0.34483
0.68581 0.31419
0.69147 0.30853
0.66466 0.33534
0.68911 0.31089
0.68888 0.31112
0.70466 0.29534
0.63296 0.36704
0.62758 0.37242
0.59574 0.40426
0.64033 0.35967
0.60920 0.39080
0.62820 0.37180
0.63227 0.36773
0.67816 0.32184
0.61913 0.38087
0.57170 0.42830
0.58763 0.41237
0.64949 0.35051
0.65616 0.34384
0.65573 0.34427
0.63777 0.36223
0.62247 0.37753
0.61444 0.38556
0.60537 0.39463
0.60436 0.39564
0.63828 0.36172
0.62235 0.37765
0.61814 0.38186
0.65684 0.34316
0.65659 0.34341
0.65615 0.34385
0.65153 0.34847
0.65109 0.34891
0.65153 0.34847
0.65109 0.34891
0.63825 0.36175
0.67156 0.32844
0.65904 0.34096
0.67071 0.32930
0.63678 0.36322
0.64487 0.35513
0.64487 0.35513
0.64656 0.35344
0.62884 0.37116
0.58517 0.41483
0.56562 0.43438
0.61299 0.38701
0.62962 0.37038
0.61909 0.38091
0.61880 0.38120
0.59864 0.40136
0.61558 0.38442
0.60786 0.39214
0.63427 0.36573
0.65778 0.34222
0.61528 0.38472
0.61214 0.38786
0.66986 0.33014
0.65392 0.34608
0.58775 0.41225
0.62855 0.37145
0.58775 0.41225
0.62813 0.37187
0.58598 0.41402
0.60339 0.39661
0.63031 0.36969
0.60339 0.39661
0.60339 0.39661
0.62946 0.37054
0.60339 0.39661
0.58166 0.41834
0.59495 0.40505
0.63187 0.36813
0.61229 0.38771
0.63096 0.36904
0.63561 0.36439
0.63187 0.36813
0.61229 0.38771
0.63096 0.36904
0.63561 0.36439
0.65245 0.34755
0.66599 0.33401
0.66572 0.33428
0.62708 0.37292
0.63965 0.36035
0.63005 0.36995
0.64289 0.35711
0.64289 0.35711
0.65029 0.34971
0.65072 0.34928
0.63042 0.36958
0.63245 0.36755
0.59679 0.40321
0.62148 0.37852
0.63172 0.36828
0.65774 0.34226
0.67028 0.32972
0.67028 0.32972
0.69482 0.30518
0.68631 0.31369
0.68631 0.31369
0.65817 0.34183
0.67172 0.32828
0.67014 0.32986
0.66170 0.33830
0.66114 0.33886
0.66114 0.33886
0.65087 0.34913
0.65032 0.34968
0.65032 0.34968
0.67069 0.32931
0.65380 0.34620
0.65380 0.34620
0.65026 0.34974
0.63758 0.36242
0.64321 0.35679
0.67369 0.32631
0.61523 0.38477
0.62239 0.37761
0.57433 0.42567
0.57204 0.42796
0.61285 0.38715
0.62496 0.37504
0.67924 0.32076
0.65490 0.34510
0.69236 0.30764
0.62731 0.37269
0.62965 0.37035
0.66662 0.33338
0.61642 0.38358
0.63640 0.36360
0.65042 0.34958
0.65393 0.34607
0.60928 0.39072
0.62980 0.37020
0.60627 0.39373
0.59539 0.40461
0.65101 0.34899
0.60398 0.39602
0.65052 0.34948
0.64171 0.35829
0.65052 0.34948
0.63766 0.36234
0.63766 0.36234
0.63766 0.36234
0.63214 0.36786
0.67141 0.32859
0.68849 0.31151
0.68849 0.31151
0.58530 0.41470
0.59555 0.40445
0.56665 0.43335
0.55414 0.44586
0.60929 0.39071
0.60424 0.39576
0.59204 0.40796
0.61785 0.38215
0.63870 0.36130
0.63870 0.36130
0.64766 0.35234
0.63222 0.36778
0.61703 0.38297
0.62714 0.37286
0.66394 0.33606
0.62617 0.37383
0.61631 0.38369
0.65723 0.34277
0.63748 0.36252
0.66975 0.33025
0.65522 0.34478
0.68150 0.31850
0.71266 0.28734
0.65492 0.34508
0.64702 0.35298
0.61244 0.38756
0.60829 0.39171
0.64305 0.35695
0.67019 0.32981
0.64305 0.35695
0.67019 0.32981
0.68961 0.31039
0.65541 0.34459
0.64402 0.35598
0.65821 0.34179
0.65837 0.34163
0.61283 0.38717
0.62079 0.37921
0.62435 0.37565
0.60367 0.39633
0.61189 0.38811
0.61529 0.38471
0.61039 0.38961
0.59648 0.40352
0.64914 0.35086
0.67899 0.32101
0.63456 0.36544
0.61891 0.38109
0.60504 0.39496
0.61891 0.38109
0.60504 0.39496
0.61708 0.38292
0.60418 0.39582
0.60876 0.39124
0.65813 0.34187
0.64701 0.35299
0.61655 0.38345
0.65813 0.34187
0.64701 0.35299
0.61655 0.38345
0.62986 0.37014
0.60108 0.39892
0.59982 0.40018
0.62935 0.37065
0.59982 0.40018
0.62935 0.37065
0.63545 0.36455
0.63422 0.36578
0.65524 0.34476
0.66638 0.33362
0.64539 0.35461
0.57481 0.42519
0.67936 0.32064
0.67718 0.32282
0.65269 0.34731
0.63725 0.36275
0.66174 0.33826
0.66514 0.33486
0.63855 0.36145
0.59603 0.40397
0.64446 0.35554
0.63803 0.36197
0.62381 0.37619
0.64991 0.35009
0.65429 0.34571
0.64232 0.35768
0.65028 0.34972
0.65529 0.34471
0.65028 0.34972
0.65028 0.34972
0.64021 0.35979
0.65585 0.34415
0.66709 0.33291
0.65585 0.34415
0.65506 0.34494
0.65289 0.34711
0.65326 0.34674
0.61603 0.38397
0.61514 0.38486
0.57643 0.42357
0.62977 0.37023
0.69365 0.30635
0.64133 0.35867
0.61742 0.38258
0.63704 0.36296
0.62642 0.37358
0.64408 0.35592
0.65191 0.34809
0.67435 0.32565
0.64386 0.35614
0.65668 0.34332
0.63232 0.36768
0.65279 0.34721
0.63232 0.36768
0.65279 0.34721
0.73550 0.26450
0.63612 0.36388
0.66874 0.33126
0.66031 0.33969
0.66243 0.33757
0.68491 0.31509
0.69670 0.30330
0.66066 0.33934
0.68848 0.31152
0.67544 0.32456
0.63963 0.36037
0.64019 0.35981
0.64339 0.35661
0.65959 0.34041
0.63886 0.36114
0.64276 0.35724
0.65459 0.34541
0.63941 0.36059
0.61950 0.38050
0.60945 0.39055
0.65032 0.34968
0.65236 0.34764
0.60991 0.39009
0.64232 0.35768
0.64106 0.35894
0.63172 0.36828
0.62468 0.37532
0.61277 0.38723
0.62685 0.37315
0.62467 0.37533
0.66263 0.33737
0.68086 0.31914
0.67394 0.32606
0.67956 0.32044
0.67259 0.32741
0.66992 0.33008
0.67961 0.32039
0.67795 0.32205
0.67484 0.32516
0.70685 0.29315
0.69766 0.30234
0.71405 0.28595
0.69766 0.30234
0.71405 0.28595
0.70686 0.29314
0.62567 0.37433
0.62983 0.37017
0.65310 0.34690
0.64159 0.35841
0.64151 0.35849
0.62769 0.37231
0.63706 0.36294
0.63512 0.36488
0.64500 0.35500
0.64435 0.35565
0.65911 0.34089
0.62628 0.37372
0.64981 0.35019
0.65864 0.34136
0.65470 0.34530
0.64970 0.35030
0.66447 0.33553
0.64970 0.35030
0.64106 0.35894
0.60994 0.39006
0.55025 0.44975
0.54841 0.45159
0.62036 0.37964
0.65051 0.34949
0.58959 0.41041
0.58744 0.41256
0.63377 0.36623
0.62295 0.37705
0.63551 0.36449
0.67525 0.32475
0.67536 0.32464
0.60756 0.39244
0.60452 0.39548
0.60891 0.39109
0.61348 0.38652
0.64886 0.35114
0.63067 0.36933
0.60697 0.39303
0.65008 0.34992
0.62265 0.37735
0.65715 0.34285
0.62628 0.37372
0.66382 0.33618
0.69242 0.30758
0.67574 0.32426
0.68442 0.31558
0.67310 0.32690
0.61967 0.38033
0.58760 0.41240
0.63616 0.36384
0.62767 0.37233
0.61157 0.38843
0.64759 0.35241
0.65490 0.34510
0.64880 0.35120
0.67698 0.32302
0.67087 0.32913
0.71600 0.28400
0.65953 0.34047
0.61917 0.38083
0.54906 0.45094
0.61527 0.38473
0.61381 0.38619
0.61527 0.38473
0.61381 0.38619
0.65734 0.34266
0.65734 0.34266
0.68817 0.31183
0.67873 0.32127
0.66691 0.33309
0.65734 0.34266
0.65734 0.34266
0.65734 0.34266
0.68817 0.31183
0.67873 0.32127
0.66691 0.33309
0.65734 0.34266
0.64706 0.35294
0.65752 0.34248
0.65790 0.34210
0.64706 0.35294
0.64706 0.35294
0.65752 0.34248
0.65790 0.34210
0.64706 0.35294
0.63920 0.36080
0.62679 0.37321
0.63360 0.36640
0.63938 0.36062
0.64011 0.35989
0.60887 0.39113
0.62157 0.37843
0.57188 0.42812
0.63500 0.36500
0.67214 0.32786
0.67365 0.32635
0.67112 0.32888
0.66127 0.33873
0.65106 0.34894
0.65165 0.34835
0.68593 0.31407
0.65165 0.34835
0.65069 0.34931
0.68593 0.31407
0.64869 0.35131
0.64869 0.35131
0.68507 0.31493
0.64619 0.35381
0.65480 0.34520
0.62244 0.37756
0.61054 0.38946
0.61235 0.38765
0.63455 0.36545
0.53056 0.46944
0.56536 0.43464
0.60126 0.39874
0.58033 0.41967
0.57217 0.42783
0.63987 0.36013
0.64196 0.35804
0.66527 0.33473
0.64607 0.35393
0.64977 0.35023
0.66702 0.33298
0.63783 0.36217
0.64881 0.35119
0.65526 0.34474
0.63954 0.36046
0.63817 0.36183
0.62267 0.37733
0.66157 0.33843
0.66157 0.33843
0.64369 0.35631
0.64369 0.35631
0.65582 0.34418
0.63869 0.36131
0.64655 0.35345
0.64830 0.35170
0.63169 0.36831
0.65374 0.34626
0.65773 0.34227
0.61878 0.38122
0.62149 0.37851
0.61825 0.38175
0.60707 0.39293
0.61847 0.38153
0.58464 0.41536
0.64045 0.35955
0.62956 0.37044
0.65048 0.34952
0.60677 0.39323
0.57916 0.42084
0.58457 0.41543
0.59489 0.40511
0.59555 0.40445
0.61573 0.38427
0.61058 0.38942
0.60785 0.39215
0.62819 0.37181
0.58402 0.41598
0.68607 0.31393
0.68158 0.31842
0.70144 0.29856
0.65743 0.34257
0.68479 0.31521
0.60704 0.39296
0.63898 0.36102
0.61919 0.38081
0.63678 0.36322
0.68175 0.31825
0.67791 0.32209
0.65721 0.34279
0.66687 0.33313
0.66989 0.33011
0.57503 0.42497
0.58884 0.41116
0.63880 0.36120
0.67804 0.32196
0.70549 0.29451
0.70184 0.29816
0.61321 0.38679
0.63411 0.36589
0.63680 0.36320
0.60029 0.39971
0.60367 0.39633
0.62258 0.37742
0.63354 0.36646
0.60950 0.39050
0.66557 0.33443
0.67616 0.32384
0.63778 0.36222
0.64790 0.35210
0.65515 0.34485
0.66489 0.33511
0.71375 0.28625
0.62078 0.37922
0.64312 0.35688
0.62130 0.37870
0.57431 0.42569
0.68846 0.31154
0.65954 0.34046
0.64100 0.35900
0.57044 0.42956
0.57546 0.42454
0.66709 0.33291
0.61908 0.38092
0.62634 0.37366
0.65361 0.34639
0.55964 0.44036
0.55780 0.44220
0.57915 0.42085
0.58052 0.41948
0.64196 0.35804
0.63523 0.36477
0.64688 0.35312
0.67085 0.32915
0.65306 0.34694
