0.56182 0.43818
0.63971 0.36029
0.68290 0.31710
0.61757 0.38243
0.63213 0.36787
0.64852 0.35148
0.58232 0.41768
0.59643 0.40357
0.65350 0.34650
0.53727 0.46273
0.51408 0.48592
0.58715 0.41285
0.56451 0.43549
0.57651 0.42349
0.60869 0.39131
0.56079 0.43921
0.59653 0.40347
0.58147 0.41853
0.56718 0.43282
0.66603 0.33397
0.68041 0.31959
0.67033 0.32967
0.58233 0.41767
0.54130 0.45870
0.59024 0.40976
0.60882 0.39118
0.67676 0.32324
0.66814 0.33186
0.66286 0.33714
0.58723 0.41277
0.63821 0.36179
0.59313 0.40687
0.63356 0.36644
0.64659 0.35341
0.91606 0.08394
0.91606 0.08394
0.91606 0.08394
0.77001 0.22999
0.92536 0.07464
0.92034 0.07966
0.92034 0.07966
0.92034 0.07966
0.77001 0.22999
0.92536 0.07464
0.92034 0.07966
0.92034 0.07966
0.92034 0.07966
0.74792 0.25208
0.75752 0.24248
0.74792 0.25208
0.68087 0.31913
0.80149 0.19851
0.68087 0.31913
0.80149 0.19851
0.78566 0.21434
0.65738 0.34262
0.55331 0.44669
0.53422 0.46578
0.70243 0.29757
0.69331 0.30669
0.59974 0.40026
0.58831 0.41169
0.54779 0.45221
0.78384 0.21616
0.62011 0.37989
0.62011 0.37989
0.75679 0.24321
0.93037 0.06963
0.65844 0.34156
0.58750 0.41250
0.58750 0.41250
0.57735 0.42265
0.58145 0.41855
0.74541 0.25459
0.58895 0.41105
0.59648 0.40352
0.63617 0.36383
0.56616 0.43384
0.58550 0.41450
0.56403 0.43597
0.72084 0.27916
0.59456 0.40544
0.58974 0.41026
0.63144 0.36856
0.63901 0.36099
0.63144 0.36856
0.62062 0.37938
0.61152 0.38848
0.58426 0.41574
0.65966 0.34034
0.62675 0.37325
0.54245 0.45755
0.54592 0.45408
0.54245 0.45755
0.54592 0.45408
0.59575 0.40425
0.60404 0.39596
0.77412 0.22588
0.61930 0.38070
0.61439 0.38561
0.66635 0.33365
0.56848 0.43152
0.55698 0.44302
0.55180 0.44820
0.55145 0.44855
0.54800 0.45200
0.55974 0.44026
0.60967 0.39033
0.60978 0.39022
0.60965 0.39035
0.62472 0.37528
0.53166 0.46834
0.60434 0.39566
0.54810 0.45190
0.94301 0.05699
0.94401 0.05599
0.77070 0.22930
0.77350 0.22650
0.61184 0.38816
0.94404 0.05596
0.95507 0.04493
0.95625 0.04375
0.56008 0.43992
0.90117 0.09883
0.94366 0.05634
0.62086 0.37914
0.61376 0.38624
0.55547 0.44453
0.62433 0.37567
0.58433 0.41567
0.53933 0.46067
0.57218 0.42782
0.61683 0.38317
0.61683 0.38317
0.61643 0.38357
0.61643 0.38357
0.56127 0.43873
0.57122 0.42878
0.63049 0.36951
0.63049 0.36951
0.54608 0.45392
0.56898 0.43102
0.58824 0.41176
0.59405 0.40595
0.61661 0.38339
0.59649 0.40351
0.59367 0.40633
0.60540 0.39460
0.59358 0.40642
0.59345 0.40655
0.57621 0.42379
0.54002 0.45998
0.53124 0.46876
0.56269 0.43731
0.60064 0.39936
0.61742 0.38258
0.57594 0.42406
0.56305 0.43695
0.55444 0.44556
0.56625 0.43375
0.56851 0.43149
0.56625 0.43375
0.56851 0.43149
0.81455 0.18545
0.69932 0.30068
0.67084 0.32916
0.65711 0.34289
0.61503 0.38497
0.69669 0.30331
0.61439 0.38561
0.61478 0.38522
0.69669 0.30331
0.69669 0.30331
0.69669 0.30331
0.56273 0.43727
0.63943 0.36057
0.59139 0.40861
0.59572 0.40428
0.62975 0.37025
0.57055 0.42945
0.77106 0.22894
0.62663 0.37337
0.77497 0.22503
0.54797 0.45203
0.60262 0.39738
0.57614 0.42386
0.74642 0.25358
0.66719 0.33281
0.59627 0.40373
0.84631 0.15369
0.85367 0.14633
0.63969 0.36031
0.59694 0.40306
0.67446 0.32554
0.57363 0.42637
0.65198 0.34802
0.90879 0.09121
0.59936 0.40064
0.58325 0.41675
0.65402 0.34598
0.65899 0.34101
0.61729 0.38271
0.60774 0.39226
0.67065 0.32935
0.67065 0.32935
0.70287 0.29713
0.70287 0.29713
0.62314 0.37686
0.62314 0.37686
0.61078 0.38922
0.69020 0.30980
0.69131 0.30869
0.67141 0.32859
0.63568 0.36432
0.62121 0.37879
0.62430 0.37570
0.83005 0.16995
0.67265 0.32735
0.67265 0.32735
0.60931 0.39069
0.60931 0.39069
0.62531 0.37469
0.60100 0.39900
0.58005 0.41995
0.59393 0.40607
0.59094 0.40905
0.57490 0.42510
0.58772 0.41228
0.63067 0.36933
0.60051 0.39949
0.59903 0.40097
0.58312 0.41688
0.57068 0.42932
0.83816 0.16184
0.84618 0.15382
0.81869 0.18131
0.81967 0.18033
0.75281 0.24719
0.59254 0.40746
0.55855 0.44145
0.59254 0.40746
0.59254 0.40746
0.55855 0.44145
0.59254 0.40746
0.66204 0.33796
0.54379 0.45621
0.62660 0.37340
0.56764 0.43236
0.56764 0.43236
0.79392 0.20608
0.65332 0.34668
0.67008 0.32992
0.67273 0.32727
0.63348 0.36652
0.60953 0.39047
0.71233 0.28767
0.60094 0.39906
0.71300 0.28700
0.59441 0.40559
0.73488 0.26512
0.61164 0.38836
0.61606 0.38394
0.89876 0.10124
0.65512 0.34488
0.61252 0.38748
0.69365 0.30635
0.58372 0.41628
0.83028 0.16972
0.55287 0.44713
0.54615 0.45385
0.61387 0.38613
0.59819 0.40181
0.75143 0.24857
0.62816 0.37184
0.80914 0.19086
0.64294 0.35706
0.64306 0.35694
0.80471 0.19529
0.63719 0.36281
0.63742 0.36258
0.64744 0.35256
0.69967 0.30033
0.69803 0.30197
0.85214 0.14786
0.84907 0.15093
0.82979 0.17021
0.82793 0.17207
0.84881 0.15119
0.84580 0.15420
0.64725 0.35275
0.70933 0.29067
0.62780 0.37220
0.57986 0.42014
0.58237 0.41763
0.73256 0.26744
0.72980 0.27020
0.60865 0.39135
0.56815 0.43185
0.67073 0.32927
0.56815 0.43185
0.67073 0.32927
0.57024 0.42976
0.60892 0.39108
0.94809 0.05191
0.57323 0.42677
0.61138 0.38862
0.61190 0.38810
0.59626 0.40374
0.81217 0.18783
0.70876 0.29124
0.59859 0.40141
0.72318 0.27682
0.66328 0.33672
0.63869 0.36131
0.68319 0.31681
0.69908 0.30092
0.69418 0.30582
0.82951 0.17049
0.70261 0.29739
0.58437 0.41563
0.67610 0.32390
0.82027 0.17973
0.80854 0.19146
0.79252 0.20748
0.73777 0.26223
0.68263 0.31737
0.74235 0.25765
0.57833 0.42167
0.73777 0.26223
0.68263 0.31737
0.74235 0.25765
0.57833 0.42167
0.79847 0.20153
0.79331 0.20669
0.77964 0.22036
0.70341 0.29659
0.76811 0.23189
0.84304 0.15696
0.63912 0.36088
0.63656 0.36344
0.64434 0.35566
0.72844 0.27156
0.72844 0.27156
0.73115 0.26885
0.79495 0.20505
0.78849 0.21151
0.70520 0.29480
0.69882 0.30118
0.63140 0.36860
0.58000 0.42000
0.64899 0.35101
0.64102 0.35898
0.64899 0.35101
0.64102 0.35898
0.64184 0.35816
0.79083 0.20917
0.64184 0.35816
0.79083 0.20917
0.56572 0.43428
0.55843 0.44157
0.64521 0.35479
0.62473 0.37527
0.67177 0.32823
0.60389 0.39611
0.57778 0.42222
0.63996 0.36004
0.65228 0.34772
0.61713 0.38287
0.60385 0.39615
0.59360 0.40640
0.58445 0.41555
0.59447 0.40553
0.58395 0.41605
0.65839 0.34161
0.65839 0.34161
0.61181 0.38819
0.61181 0.38819
0.64001 0.35999
0.64001 0.35999
0.62557 0.37443
0.75756 0.24244
0.62563 0.37437
0.76217 0.23783
0.63940 0.36060
0.63940 0.36060
0.63940 0.36060
0.71183 0.28817
0.71183 0.28817
0.71183 0.28817
0.63940 0.36060
0.63940 0.36060
0.63940 0.36060
0.63940 0.36060
0.63940 0.36060
0.63940 0.36060
0.56447 0.43553
0.65235 0.34765
0.66532 0.33468
0.57046 0.42954
0.78106 0.21894
0.59129 0.40871
0.85395 0.14605
0.62388 0.37612
0.59553 0.40447
0.74031 0.25969
0.76291 0.23709
0.76291 0.23709
0.64349 0.35651
0.64349 0.35651
0.71186 0.28814
0.59116 0.40884
0.70009 0.29991
0.61710 0.38290
0.67340 0.32660
0.62997 0.37003
0.62997 0.37003
0.63311 0.36689
0.61082 0.38918
0.61326 0.38674
0.73064 0.26936
0.61600 0.38400
0.61885 0.38115
0.66919 0.33081
0.67979 0.32021
0.81814 0.18186
0.63856 0.36144
0.65220 0.34780
0.82014 0.17986
0.64123 0.35877
0.65483 0.34517
0.59534 0.40466
0.64305 0.35695
0.57854 0.42146
0.59555 0.40445
0.57187 0.42813
0.57885 0.42115
0.61291 0.38709
0.64407 0.35593
0.64893 0.35107
0.69045 0.30955
0.85816 0.14184
0.63776 0.36224
0.65362 0.34638
0.58891 0.41109
0.58507 0.41493
0.66132 0.33868
0.65191 0.34809
0.83073 0.16927
0.94542 0.05458
0.80212 0.19788
0.94102 0.05898
0.57766 0.42234
0.57960 0.42040
0.57444 0.42556
0.57631 0.42369
0.55439 0.44561
0.56935 0.43065
0.57637 0.42363
0.57956 0.42044
0.56480 0.43520
0.56480 0.43520
0.63062 0.36938
0.62101 0.37899
0.63252 0.36748
0.62032 0.37968
0.62966 0.37034
0.62009 0.37991
0.63159 0.36841
0.61936 0.38064
0.72007 0.27993
0.69871 0.30129
0.69979 0.30021
0.70163 0.29837
0.70129 0.29871
0.69800 0.30200
0.69871 0.30129
0.69979 0.30021
0.70163 0.29837
0.70129 0.29871
0.69800 0.30200
0.63244 0.36756
0.62485 0.37515
0.83322 0.16678
0.82641 0.17359
0.55975 0.44025
0.94959 0.05041
0.94982 0.05018
0.82160 0.17840
0.79606 0.20394
0.63197 0.36803
0.92084 0.07916
0.78571 0.21429
0.77993 0.22007
0.78744 0.21256
0.60784 0.39216
0.60784 0.39216
0.60784 0.39216
0.63543 0.36457
0.63493 0.36507
0.64602 0.35398
0.73962 0.26038
0.74295 0.25705
0.79223 0.20777
0.67240 0.32760
0.67503 0.32497
0.58076 0.41924
0.79598 0.20402
0.76802 0.23198
0.79950 0.20050
0.63064 0.36936
0.53434 0.46566
0.67805 0.32195
0.65808 0.34192
0.56819 0.43181
0.56768 0.43232
0.57399 0.42601
0.54285 0.45715
0.52220 0.47780
0.58895 0.41105
0.69459 0.30541
0.68189 0.31811
0.81674 0.18326
0.72488 0.27512
0.72488 0.27512
0.58544 0.41456
0.61143 0.38857
0.81863 0.18137
0.68804 0.31196
0.61118 0.38882
0.70042 0.29958
0.70042 0.29958
0.70462 0.29538
0.69429 0.30571
0.64955 0.35045
0.68524 0.31476
0.58579 0.41421
0.70253 0.29747
0.60128 0.39872
0.68458 0.31542
0.86225 0.13775
0.69488 0.30512
0.72923 0.27077
0.68561 0.31439
0.58609 0.41391
0.68524 0.31476
0.58579 0.41421
0.70253 0.29747
0.60128 0.39872
0.70038 0.29962
0.87247 0.12753
0.81152 0.18848
0.60720 0.39280
0.60020 0.39980
0.67888 0.32112
0.80619 0.19381
0.68823 0.31177
0.81234 0.18766
0.69039 0.30961
0.81411 0.18589
0.67818 0.32182
0.80405 0.19595
0.63978 0.36022
0.63978 0.36022
0.63978 0.36022
0.63978 0.36022
0.82046 0.17954
0.66341 0.33659
0.56050 0.43950
0.63992 0.36008
0.58001 0.41999
0.60109 0.39891
0.76246 0.23754
0.60424 0.39576
0.88725 0.11275
0.54319 0.45681
0.60994 0.39006
0.59250 0.40750
0.57853 0.42147
0.62194 0.37806
0.60687 0.39313
0.60198 0.39802
0.59848 0.40152
0.59272 0.40728
0.59289 0.40711
0.59869 0.40131
0.58166 0.41834
0.58704 0.41296
0.58166 0.41834
0.58704 0.41296
0.89556 0.10444
0.73824 0.26176
0.75095 0.24905
0.75999 0.24001
0.91410 0.08590
0.91410 0.08590
0.75979 0.24021
0.76529 0.23471
0.73572 0.26428
0.73572 0.26428
0.74863 0.25137
0.75423 0.24577
0.74120 0.25880
0.74120 0.25880
0.75393 0.24607
0.92093 0.07907
0.91039 0.08961
0.91039 0.08961
0.75237 0.24763
0.75794 0.24206
0.94126 0.05874
0.91047 0.08953
0.62348 0.37652
0.62348 0.37652
0.74034 0.25966
0.66995 0.33005
0.67569 0.32431
0.71587 0.28413
0.73285 0.26715
0.63647 0.36353
0.81078 0.18922
0.65033 0.34967
0.80071 0.19929
0.61495 0.38505
0.74946 0.25054
0.74267 0.25733
0.61860 0.38140
0.58707 0.41293
0.58707 0.41293
0.66704 0.33296
0.66704 0.33296
0.84075 0.15925
0.84075 0.15925
0.66937 0.33063
0.66937 0.33063
0.67027 0.32973
0.74407 0.25593
0.66771 0.33229
0.57611 0.42389
0.66583 0.33417
0.63594 0.36406
0.67627 0.32373
0.58293 0.41707
0.66583 0.33417
0.63594 0.36406
0.67582 0.32418
0.58239 0.41761
0.66583 0.33417
0.63594 0.36406
0.59819 0.40181
0.74796 0.25204
0.63044 0.36956
0.63044 0.36956
0.62644 0.37356
0.62644 0.37356
0.79409 0.20591
0.79409 0.20591
0.58245 0.41755
0.71235 0.28765
0.71586 0.28414
0.75929 0.24071
0.75929 0.24071
0.56207 0.43793
0.56839 0.43161
0.58704 0.41296
0.59521 0.40479
0.69598 0.30402
0.71385 0.28615
0.74862 0.25138
0.74321 0.25679
0.74418 0.25582
0.73432 0.26568
0.65084 0.34916
0.62407 0.37593
0.74330 0.25670
0.74578 0.25422
0.50145 0.49855
0.61284 0.38716
0.57295 0.42705
0.89925 0.10075
0.55091 0.44909
0.55741 0.44259
0.59929 0.40071
0.56486 0.43514
0.89795 0.10205
0.63650 0.36350
0.64185 0.35815
0.74507 0.25493
0.73994 0.26006
0.73714 0.26286
0.70614 0.29386
0.73384 0.26616
0.72383 0.27617
0.71197 0.28803
0.70362 0.29638
0.72383 0.27617
0.73121 0.26879
0.72383 0.27617
0.68327 0.31673
0.69713 0.30287
0.70034 0.29966
0.73455 0.26545
0.72300 0.27700
0.61793 0.38207
0.70873 0.29127
0.79880 0.20120
0.64394 0.35606
0.62758 0.37242
0.65865 0.34135
0.68335 0.31665
0.75690 0.24310
0.60073 0.39927
0.71089 0.28911
0.69763 0.30237
0.74588 0.25412
0.52936 0.47064
0.51901 0.48099
0.51973 0.48027
0.52116 0.47884
0.56017 0.43983
0.70102 0.29898
0.65644 0.34356
0.60581 0.39419
0.65644 0.34356
0.72877 0.27123
0.58327 0.41673
0.72074 0.27926
0.59117 0.40883
0.70411 0.29589
0.57985 0.42015
0.58535 0.41465
0.60024 0.39976
0.58777 0.41223
0.76997 0.23003
0.59748 0.40252
0.65537 0.34463
0.55689 0.44311
0.56238 0.43762
0.56810 0.43190
0.55564 0.44436
0.59546 0.40454
0.58762 0.41238
0.59055 0.40945
0.65059 0.34941
0.77365 0.22635
0.58900 0.41100
0.63675 0.36325
0.77776 0.22224
0.93333 0.06667
0.80201 0.19799
0.88219 0.11781
0.88219 0.11781
0.75642 0.24358
0.69495 0.30505
0.69495 0.30505
0.86073 0.13927
0.86073 0.13927
0.85991 0.14009
0.85991 0.14009
0.86813 0.13187
0.86813 0.13187
0.85735 0.14265
0.85735 0.14265
0.82266 0.17734
0.57970 0.42030
0.82569 0.17431
0.66421 0.33579
0.53728 0.46272
0.58238 0.41762
0.57869 0.42131
0.57187 0.42813
0.58702 0.41298
0.59027 0.40973
0.59176 0.40824
0.54646 0.45354
0.71741 0.28259
0.59645 0.40355
0.57894 0.42106
0.66735 0.33265
0.57373 0.42627
0.57625 0.42375
0.70255 0.29745
0.85269 0.14731
0.70382 0.29618
0.85240 0.14760
0.61578 0.38422
0.82563 0.17437
0.74616 0.25384
0.87858 0.12142
0.87553 0.12447
0.87553 0.12447
0.87553 0.12447
0.74756 0.25244
0.74461 0.25539
0.87553 0.12447
0.66778 0.33222
0.76707 0.23293
0.64895 0.35105
0.58151 0.41849
0.68291 0.31709
0.67653 0.32347
0.57455 0.42545
0.67217 0.32783
0.55523 0.44477
0.55294 0.44706
0.85565 0.14435
0.63901 0.36099
0.74336 0.25664
0.57671 0.42329
0.65383 0.34617
0.59291 0.40709
0.62153 0.37847
0.64621 0.35379
0.60504 0.39496
0.59531 0.40469
0.62388 0.37612
0.64876 0.35124
0.59945 0.40055
0.61590 0.38410
0.61662 0.38338
0.90388 0.09612
0.81927 0.18073
0.91606 0.08394
0.60407 0.39593
0.72533 0.27467
0.57718 0.42282
0.68292 0.31708
0.81777 0.18223
0.58764 0.41236
0.51860 0.48140
0.53557 0.46443
0.58112 0.41888
0.73613 0.26387
0.59457 0.40543
0.69126 0.30874
0.58957 0.41043
0.60134 0.39866
0.74819 0.25181
0.53949 0.46051
0.70396 0.29604
0.56580 0.43420
0.72651 0.27349
0.55790 0.44210
0.67909 0.32091
0.54518 0.45482
0.56351 0.43649
0.59220 0.40780
0.57894 0.42106
0.59115 0.40885
0.58620 0.41380
0.57502 0.42498
0.67047 0.32953
0.57372 0.42628
0.67496 0.32504
0.59024 0.40976
0.71563 0.28437
0.60066 0.39934
0.71563 0.28437
0.61410 0.38590
0.68817 0.31183
0.83810 0.16190
0.83810 0.16190
0.60864 0.39136
0.65787 0.34213
0.59562 0.40438
0.59595 0.40405
0.64109 0.35891
0.62064 0.37936
0.95957 0.04043
0.62099 0.37901
0.58355 0.41645
0.58379 0.41621
0.54464 0.45536
0.54480 0.45520
0.57826 0.42174
0.57846 0.42154
0.69875 0.30125
0.78124 0.21876
0.79139 0.20861
0.73415 0.26585
0.74559 0.25441
0.68177 0.31823
0.67959 0.32041
0.68177 0.31823
0.67959 0.32041
0.61868 0.38132
0.62097 0.37903
0.77493 0.22507
0.54961 0.45039
0.55230 0.44770
0.52648 0.47352
0.52648 0.47352
0.59353 0.40647
0.59777 0.40223
0.59777 0.40223
0.59119 0.40881
0.59543 0.40457
0.59543 0.40457
0.52814 0.47186
0.52720 0.47280
0.54646 0.45354
0.54532 0.45468
0.59466 0.40534
0.62178 0.37822
0.64607 0.35393
0.60694 0.39306
0.60694 0.39306
0.61047 0.38953
0.64652 0.35348
0.65071 0.34929
0.65071 0.34929
0.67021 0.32979
0.64652 0.35348
0.60178 0.39822
0.58629 0.41371
0.62226 0.37774
0.85786 0.14214
0.90694 0.09306
0.94927 0.05073
0.77051 0.22949
0.82021 0.17979
0.76193 0.23807
0.64545 0.35455
0.59772 0.40228
0.79127 0.20873
0.60970 0.39030
0.75928 0.24072
0.55185 0.44815
0.54161 0.45839
0.57679 0.42321
0.59192 0.40808
0.75900 0.24100
0.72256 0.27744
0.59676 0.40324
0.64576 0.35424
0.63401 0.36599
0.61313 0.38687
0.64576 0.35424
0.63401 0.36599
0.61313 0.38687
0.75651 0.24349
0.74139 0.25861
0.73290 0.26710
0.62991 0.37009
0.56204 0.43796
0.57477 0.42523
0.57477 0.42523
0.58866 0.41134
0.58866 0.41134
0.57477 0.42523
0.57477 0.42523
0.60718 0.39282
0.58730 0.41270
0.84970 0.15030
0.79388 0.20612
0.57864 0.42136
0.64302 0.35698
0.64330 0.35670
0.67984 0.32016
0.62210 0.37790
0.60608 0.39392
0.65690 0.34310
0.62312 0.37688
0.66184 0.33816
0.60551 0.39449
0.59081 0.40919
0.60380 0.39620
0.61002 0.38998
0.60182 0.39818
0.76686 0.23314
0.75092 0.24908
0.56520 0.43480
0.57064 0.42936
0.57814 0.42186
0.57814 0.42186
0.57814 0.42186
0.58837 0.41163
0.60890 0.39110
0.60890 0.39110
0.55903 0.44097
0.57466 0.42534
0.75383 0.24617
0.62889 0.37111
0.68680 0.31320
0.57986 0.42014
0.60526 0.39474
0.64089 0.35911
0.64376 0.35624
0.76231 0.23769
0.52586 0.47414
0.54960 0.45040
0.59927 0.40073
0.54991 0.45009
0.55461 0.44539
0.55547 0.44453
0.51040 0.48960
0.53183 0.46817
0.58492 0.41508
0.63495 0.36505
0.78629 0.21371
0.63495 0.36505
0.63495 0.36505
0.63684 0.36316
0.62378 0.37622
0.62324 0.37676
0.62324 0.37676
0.50068 0.49932
0.55346 0.44654
0.58054 0.41946
0.91205 0.08795
0.57174 0.42826
0.55133 0.44867
0.64928 0.35072
0.62451 0.37549
0.78118 0.21882
0.89486 0.10514
0.75201 0.24799
0.60676 0.39324
0.73011 0.26989
0.58545 0.41455
0.55914 0.44086
0.60333 0.39667
0.59512 0.40488
0.73916 0.26084
0.69121 0.30879
0.87158 0.12842
0.87158 0.12842
0.54927 0.45073
0.54927 0.45073
0.81418 0.18582
0.81442 0.18558
0.69223 0.30777
0.69223 0.30777
0.72205 0.27795
0.64798 0.35202
0.59547 0.40453
0.84383 0.15617
0.81943 0.18057
0.73694 0.26306
0.73694 0.26306
0.84556 0.15444
0.81833 0.18167
0.81833 0.18167
0.84556 0.15444
0.84556 0.15444
0.81833 0.18167
0.54214 0.45786
0.62356 0.37644
0.63159 0.36841
0.68790 0.31210
0.68517 0.31483
0.54509 0.45491
0.59797 0.40203
0.94642 0.05358
0.59797 0.40203
0.94642 0.05358
0.92255 0.07745
0.92255 0.07745
0.78922 0.21078
0.79922 0.20078
0.96948 0.03052
0.59583 0.40417
0.95182 0.04818
0.54536 0.45464
0.62490 0.37510
0.55487 0.44513
0.59744 0.40256
0.58764 0.41236
0.58764 0.41236
0.58886 0.41114
0.58886 0.41114
0.59181 0.40819
0.59181 0.40819
0.59474 0.40526
0.59470 0.40530
0.59572 0.40428
0.57396 0.42604
0.57492 0.42508
0.57396 0.42604
0.57492 0.42508
0.55182 0.44818
0.61323 0.38677
0.68133 0.31867
0.61588 0.38412
0.60359 0.39641
0.59919 0.40081
0.65480 0.34520
0.51861 0.48139
0.63848 0.36152
0.56139 0.43861
0.83756 0.16244
0.76196 0.23804
0.63010 0.36990
0.63609 0.36391
0.63902 0.36098
0.64226 0.35774
0.64516 0.35484
0.88970 0.11030
0.63056 0.36944
0.76196 0.23804
0.63010 0.36990
0.58044 0.41956
0.62859 0.37141
0.72445 0.27555
0.55787 0.44213
0.55787 0.44213
0.58371 0.41629
0.58371 0.41629
0.59387 0.40613
0.59387 0.40613
0.55565 0.44435
0.57699 0.42301
0.59305 0.40695
0.63105 0.36895
0.65077 0.34923
0.65608 0.34392
0.61663 0.38337
0.83359 0.16641
0.59062 0.40938
0.75029 0.24972
0.57891 0.42109
0.83112 0.16888
0.82811 0.17189
0.80064 0.19936
0.94803 0.05197
0.98488 0.01512
0.85074 0.14926
0.63093 0.36907
0.58849 0.41151
0.56138 0.43862
0.54017 0.45983
0.54137 0.45863
0.74940 0.25060
0.59068 0.40932
0.60800 0.39200
0.60498 0.39502
0.58947 0.41053
0.60676 0.39324
0.60371 0.39629
0.64485 0.35515
0.63029 0.36971
0.64169 0.35831
0.63791 0.36209
0.71445 0.28555
0.71306 0.28694
0.70233 0.29767
0.70233 0.29767
0.70235 0.29765
0.70233 0.29767
0.73046 0.26954
0.73223 0.26777
0.77169 0.22831
0.77157 0.22843
0.92069 0.07931
0.62319 0.37681
0.62459 0.37541
0.65750 0.34250
0.76320 0.23680
0.65920 0.34080
0.76320 0.23680
0.61862 0.38138
0.61585 0.38415
0.61737 0.38263
0.61520 0.38480
0.96210 0.03790
0.96210 0.03790
0.63164 0.36836
0.63164 0.36836
0.84606 0.15394
0.84606 0.15394
0.84965 0.15035
0.84965 0.15035
0.63771 0.36229
0.63771 0.36229
0.81889 0.18111
0.81889 0.18111
0.61205 0.38795
0.61205 0.38795
0.70637 0.29363
0.70637 0.29363
0.70087 0.29913
0.70087 0.29913
0.61803 0.38197
0.61803 0.38197
0.67544 0.32456
0.68344 0.31656
0.81512 0.18488
0.81512 0.18488
0.63309 0.36691
0.64297 0.35703
0.60124 0.39876
0.60124 0.39876
0.72702 0.27298
0.64517 0.35483
0.64954 0.35046
0.95003 0.04997
0.79445 0.20555
0.62094 0.37906
0.63581 0.36419
0.76679 0.23321
0.78346 0.21654
0.60797 0.39203
0.59284 0.40716
0.60471 0.39529
0.81844 0.18156
0.67655 0.32345
0.69509 0.30491
0.71661 0.28339
0.63847 0.36153
0.93738 0.06262
0.60354 0.39646
0.66602 0.33398
0.82945 0.17055
0.68477 0.31523
0.85292 0.14708
0.82464 0.17536
0.93361 0.06639
0.93978 0.06022
0.93327 0.06673
0.64531 0.35469
0.65203 0.34797
0.64269 0.35731
0.64491 0.35509
0.65165 0.34835
0.64230 0.35770
0.93361 0.06639
0.93978 0.06022
0.93327 0.06673
0.64877 0.35123
0.65022 0.34978
0.55972 0.44028
0.56092 0.43908
0.56042 0.43958
0.56308 0.43692
0.56447 0.43553
0.56339 0.43661
0.63149 0.36851
0.62286 0.37714
0.62512 0.37488
0.72790 0.27210
0.73200 0.26800
0.84917 0.15083
0.72977 0.27023
0.88696 0.11304
0.58417 0.41583
0.72459 0.27541
0.57563 0.42437
0.55694 0.44306
0.51562 0.48438
0.70620 0.29380
0.59988 0.40012
0.71701 0.28299
0.60829 0.39171
0.71544 0.28456
0.64832 0.35168
0.70682 0.29318
0.63847 0.36153
0.70498 0.29502
0.59859 0.40141
0.54317 0.45683
0.64594 0.35406
0.70780 0.29220
0.69382 0.30618
0.65840 0.34160
0.66643 0.33357
0.72579 0.27421
0.71177 0.28823
0.59536 0.40464
0.68353 0.31647
0.89654 0.10346
0.88841 0.11159
0.70542 0.29458
0.68977 0.31023
0.65848 0.34152
0.65848 0.34152
0.64237 0.35763
0.64237 0.35763
0.67148 0.32852
0.66471 0.33529
0.76936 0.23064
0.74915 0.25085
0.86604 0.13396
0.74307 0.25693
0.64858 0.35142
0.63860 0.36140
0.63913 0.36087
0.70507 0.29493
0.70927 0.29073
0.61233 0.38767
0.60425 0.39575
0.72995 0.27005
0.74772 0.25228
0.72692 0.27308
0.63378 0.36622
0.61175 0.38825
0.84263 0.15737
0.58602 0.41398
0.54150 0.45850
0.84772 0.15228
0.85621 0.14379
0.83360 0.16640
0.56259 0.43741
0.79214 0.20786
0.61445 0.38555
0.67644 0.32356
0.65749 0.34251
0.61516 0.38484
0.61014 0.38986
0.73352 0.26648
0.88930 0.11070
0.59015 0.40985
0.74286 0.25714
0.58451 0.41549
0.82025 0.17975
0.61647 0.38353
0.60544 0.39456
0.61647 0.38353
0.60544 0.39456
0.59764 0.40236
0.59683 0.40317
0.86276 0.13724
0.60400 0.39600
0.59090 0.40910
0.76877 0.23123
0.62101 0.37899
0.66146 0.33854
0.65404 0.34596
0.65846 0.34154
0.57212 0.42788
0.62170 0.37830
0.56985 0.43015
0.56985 0.43015
0.62170 0.37830
0.56985 0.43015
0.63027 0.36973
0.62634 0.37366
0.72812 0.27188
0.75343 0.24657
0.76216 0.23784
0.61371 0.38629
0.61384 0.38616
0.59219 0.40781
0.60412 0.39588
0.60446 0.39554
0.58345 0.41655
0.57647 0.42353
0.58325 0.41675
0.61178 0.38822
0.62720 0.37280
0.58011 0.41989
0.57955 0.42045
0.58635 0.41365
0.57825 0.42175
0.64328 0.35672
0.58892 0.41108
0.66828 0.33172
0.76358 0.23642
0.78204 0.21796
0.65426 0.34574
0.66005 0.33995
0.59544 0.40456
0.71722 0.28278
0.57146 0.42854
0.60363 0.39637
0.76070 0.23930
0.76070 0.23930
0.76609 0.23391
0.76609 0.23391
0.76128 0.23872
0.76128 0.23872
0.75363 0.24637
0.74813 0.25187
0.75363 0.24637
0.74877 0.25123
0.74813 0.25187
0.55725 0.44275
0.55725 0.44275
0.56508 0.43492
0.58805 0.41195
0.59117 0.40883
0.58859 0.41141
0.76872 0.23128
0.76084 0.23916
0.58903 0.41097
0.58849 0.41151
0.69246 0.30754
0.85858 0.14142
0.57217 0.42783
0.55784 0.44216
0.73509 0.26491
0.76523 0.23477
0.62700 0.37300
0.76749 0.23251
0.62700 0.37300
0.76749 0.23251
0.93479 0.06521
0.64677 0.35323
0.61812 0.38188
0.61703 0.38297
0.61134 0.38866
0.61066 0.38934
0.93981 0.06019
0.78718 0.21282
0.75720 0.24280
0.64384 0.35616
0.57832 0.42168
0.58146 0.41854
0.57460 0.42540
0.59249 0.40751
0.60973 0.39027
0.84659 0.15341
0.81157 0.18843
0.80996 0.19004
0.53784 0.46216
0.65173 0.34827
0.65314 0.34686
0.62304 0.37696
0.58196 0.41804
0.79906 0.20094
0.62868 0.37132
0.61075 0.38925
0.60876 0.39124
0.73375 0.26625
0.60770 0.39230
0.60309 0.39691
0.85485 0.14515
0.85184 0.14816
0.79501 0.20499
0.79257 0.20743
0.56548 0.43452
0.58596 0.41404
0.64306 0.35694
0.60058 0.39942
0.59136 0.40864
0.62059 0.37941
0.61110 0.38890
0.58818 0.41182
0.61714 0.38286
0.65632 0.34368
0.71460 0.28540
0.59386 0.40614
0.56564 0.43436
0.55842 0.44158
0.57282 0.42718
0.56612 0.43388
0.58624 0.41376
0.65178 0.34822
0.58549 0.41451
0.75474 0.24526
0.76091 0.23909
0.63068 0.36932
0.66379 0.33621
0.55868 0.44132
0.59199 0.40801
0.59359 0.40641
0.66026 0.33974
0.73334 0.26666
0.74559 0.25441
0.63042 0.36958
0.68359 0.31641
0.69838 0.30162
0.80680 0.19320
0.69838 0.30162
0.80680 0.19320
0.77687 0.22313
0.63814 0.36186
0.72242 0.27758
0.72242 0.27758
0.53783 0.46217
0.52743 0.47257
0.52654 0.47346
0.51149 0.48851
0.51197 0.48803
0.61449 0.38551
0.71318 0.28682
0.72753 0.27247
0.72386 0.27614
0.65303 0.34697
0.70177 0.29823
0.68243 0.31757
0.58253 0.41747
0.56072 0.43928
0.59394 0.40606
0.69746 0.30254
0.93871 0.06129
0.59195 0.40805
0.59719 0.40281
0.64689 0.35311
0.61837 0.38163
0.61166 0.38834
0.61652 0.38348
0.68495 0.31505
0.65249 0.34751
0.64648 0.35352
0.54601 0.45399
0.63124 0.36876
0.70773 0.29227
0.56951 0.43049
0.72073 0.27927
0.89368 0.10632
0.53159 0.46841
0.59649 0.40351
0.71711 0.28289
0.59369 0.40631
0.57184 0.42816
0.67415 0.32585
0.96082 0.03918
0.95120 0.04880
0.95677 0.04323
0.66045 0.33955
0.95797 0.04203
0.94771 0.05229
0.95883 0.04117
0.65920 0.34080
0.95746 0.04254
0.94707 0.05293
0.95447 0.04553
0.64988 0.35012
0.66906 0.33094
0.94207 0.05793
0.84577 0.15423
0.65012 0.34988
0.59107 0.40893
0.65013 0.34987
0.58929 0.41071
0.57112 0.42888
0.57894 0.42106
0.56093 0.43907
0.80270 0.19730
0.62976 0.37024
0.56778 0.43222
0.56767 0.43233
0.69903 0.30097
0.76386 0.23614
0.65593 0.34407
0.55616 0.44384
0.59743 0.40257
0.59970 0.40030
0.83167 0.16833
0.53204 0.46796
0.52052 0.47948
0.70061 0.29939
0.57273 0.42727
0.61133 0.38867
0.61512 0.38488
0.54422 0.45578
0.63719 0.36281
0.63978 0.36022
0.63719 0.36281
0.63719 0.36281
0.67064 0.32936
0.53423 0.46577
0.54490 0.45510
0.63153 0.36847
0.74506 0.25494
0.77587 0.22413
0.74506 0.25494
0.77587 0.22413
0.59563 0.40437
0.61026 0.38974
0.73681 0.26319
0.59867 0.40133
0.57881 0.42119
0.67340 0.32660
0.56696 0.43304
0.75706 0.24294
0.57308 0.42692
0.75944 0.24056
0.61818 0.38182
0.61249 0.38751
0.61507 0.38493
0.61249 0.38751
0.62886 0.37114
0.59816 0.40184
0.61079 0.38921
0.61294 0.38706
0.62484 0.37516
0.60453 0.39547
0.61581 0.38419
0.84561 0.15439
0.69866 0.30134
0.70973 0.29027
0.61952 0.38048
0.84055 0.15945
0.61491 0.38509
0.63668 0.36332
0.75677 0.24323
0.63173 0.36827
0.90338 0.09662
0.74568 0.25432
0.90676 0.09324
0.50300 0.49700
0.58825 0.41175
0.76597 0.23403
0.57071 0.42929
0.70610 0.29390
0.88109 0.11891
0.73618 0.26382
0.60662 0.39338
0.89124 0.10876
0.62953 0.37047
0.60618 0.39382
0.88539 0.11461
0.62942 0.37058
0.67885 0.32115
0.62788 0.37212
0.80900 0.19100
0.68248 0.31752
0.80139 0.19861
0.96703 0.03297
0.81130 0.18870
0.96929 0.03071
0.60780 0.39220
0.62999 0.37001
0.66900 0.33100
0.68272 0.31728
0.66900 0.33100
0.68272 0.31728
0.66137 0.33863
0.66214 0.33786
0.61341 0.38659
0.73942 0.26058
0.62496 0.37504
0.74946 0.25054
0.62496 0.37504
0.74946 0.25054
0.57723 0.42277
0.59665 0.40335
0.91288 0.08712
0.90161 0.09839
0.61973 0.38027
0.66598 0.33403
0.55238 0.44762
0.60029 0.39971
0.86650 0.13350
0.62367 0.37633
0.57557 0.42443
0.69737 0.30263
0.58946 0.41054
0.57267 0.42733
0.70231 0.29769
0.57010 0.42990
0.62274 0.37726
0.66519 0.33481
0.64704 0.35296
0.65321 0.34679
0.67054 0.32946
0.72713 0.27287
0.66215 0.33785
0.79739 0.20261
0.58384 0.41616
0.61286 0.38714
0.56393 0.43607
0.62028 0.37972
0.59787 0.40213
0.81011 0.18989
0.59787 0.40213
0.81011 0.18989
0.61887 0.38113
0.54632 0.45368
0.62148 0.37852
0.52799 0.47201
0.94103 0.05897
0.64265 0.35735
0.64551 0.35449
0.75117 0.24883
0.63288 0.36712
0.88203 0.11797
0.61677 0.38323
0.63159 0.36841
0.63568 0.36432
0.61832 0.38168
0.61962 0.38038
0.75117 0.24883
0.63288 0.36712
0.88203 0.11797
0.61677 0.38323
0.63259 0.36741
0.63538 0.36462
0.61832 0.38168
0.61962 0.38038
0.60130 0.39870
0.63877 0.36123
0.85431 0.14569
0.60493 0.39507
0.62246 0.37754
0.60879 0.39121
0.81204 0.18796
0.78311 0.21689
0.78311 0.21689
0.54768 0.45232
0.56329 0.43671
0.79579 0.20421
0.58314 0.41686
0.61150 0.38850
0.59415 0.40585
0.61129 0.38871
0.63562 0.36438
0.53104 0.46896
0.58600 0.41400
0.67134 0.32866
0.59038 0.40962
0.60319 0.39681
0.61828 0.38172
0.69192 0.30808
0.57105 0.42895
0.69538 0.30462
0.57029 0.42971
0.59310 0.40690
0.68084 0.31916
0.68944 0.31056
0.59633 0.40367
0.68588 0.31412
0.67719 0.32281
0.68861 0.31139
0.59478 0.40522
0.62496 0.37504
0.63256 0.36744
0.63256 0.36744
0.81088 0.18912
0.63256 0.36744
0.62484 0.37516
0.63246 0.36754
0.63246 0.36754
0.80837 0.19163
0.63246 0.36754
0.62492 0.37508
0.63251 0.36749
0.63251 0.36749
0.81043 0.18957
0.63251 0.36749
0.62667 0.37333
0.62667 0.37333
0.70295 0.29705
0.63390 0.36610
0.62095 0.37905
0.80163 0.19837
0.61371 0.38629
0.59811 0.40189
0.60777 0.39223
0.81064 0.18936
0.61239 0.38761
0.66775 0.33225
0.78887 0.21113
0.64488 0.35512
0.65279 0.34721
0.65711 0.34289
0.72605 0.27395
0.64497 0.35503
0.64497 0.35503
0.64497 0.35503
0.64497 0.35503
0.69766 0.30234
0.69766 0.30234
0.67595 0.32405
0.69766 0.30234
0.69766 0.30234
0.67595 0.32405
0.59833 0.40167
0.58886 0.41114
0.58770 0.41230
0.59833 0.40167
0.58886 0.41114
0.58770 0.41230
0.63398 0.36602
0.50057 0.49943
0.60199 0.39801
0.67739 0.32261
0.69663 0.30337
0.69395 0.30605
0.59567 0.40433
0.53869 0.46131
0.59495 0.40505
0.59495 0.40505
0.65424 0.34576
0.64180 0.35820
0.75694 0.24306
0.74290 0.25710
0.56012 0.43988
0.56789 0.43211
0.55666 0.44334
0.56789 0.43211
0.60888 0.39112
0.65612 0.34388
0.69623 0.30377
0.62944 0.37056
0.55485 0.44515
0.55851 0.44149
0.58408 0.41592
0.58918 0.41082
0.60108 0.39892
0.59571 0.40429
0.62086 0.37914
0.61441 0.38559
0.67642 0.32358
0.67046 0.32954
0.80577 0.19423
0.94435 0.05565
0.60450 0.39550
0.59349 0.40651
0.63157 0.36843
0.64493 0.35507
0.65341 0.34659
0.66781 0.33219
0.66651 0.33349
0.57817 0.42183
0.64894 0.35106
0.73955 0.26045
0.75756 0.24244
0.75699 0.24301
0.57219 0.42781
0.64217 0.35783
0.94952 0.05048
0.94940 0.05060
0.64067 0.35933
0.55692 0.44308
0.74671 0.25329
0.74671 0.25329
0.59978 0.40022
0.59978 0.40022
0.76586 0.23414
0.76524 0.23476
0.62468 0.37532
0.55476 0.44524
0.53856 0.46144
0.65174 0.34826
0.60414 0.39586
0.64984 0.35016
0.61455 0.38545
0.75425 0.24575
0.65488 0.34512
0.64818 0.35182
0.53816 0.46184
0.52674 0.47326
0.53814 0.46186
0.52866 0.47134
0.60083 0.39917
0.59147 0.40853
0.63296 0.36704
0.57148 0.42852
0.59725 0.40275
0.62074 0.37926
0.90747 0.09253
0.90747 0.09253
0.75101 0.24899
0.75411 0.24589
0.80980 0.19020
0.77644 0.22356
0.76138 0.23862
0.77816 0.22184
0.77548 0.22452
0.80169 0.19831
0.92401 0.07599
0.66423 0.33577
0.51947 0.48053
0.59193 0.40807
0.55002 0.44998
0.57422 0.42578
0.57422 0.42578
0.61668 0.38332
0.61668 0.38332
0.55388 0.44612
0.63059 0.36941
0.58003 0.41997
0.59098 0.40902
0.64829 0.35171
0.64717 0.35283
0.64717 0.35283
0.55398 0.44602
0.58189 0.41811
0.62309 0.37691
0.63056 0.36944
0.65996 0.34004
0.60154 0.39846
0.60827 0.39173
0.63754 0.36246
0.72609 0.27391
0.68914 0.31086
0.72609 0.27391
0.68914 0.31086
0.74125 0.25875
0.74292 0.25708
0.70757 0.29243
0.70757 0.29243
0.74234 0.25766
0.70757 0.29243
0.80057 0.19943
0.77088 0.22912
0.73625 0.26375
0.70671 0.29329
0.55101 0.44899
0.59345 0.40655
0.57686 0.42314
0.53106 0.46894
0.77671 0.22329
0.61876 0.38124
0.74208 0.25792
0.54239 0.45761
0.57307 0.42693
0.67059 0.32941
0.59723 0.40277
0.92795 0.07205
0.66179 0.33821
0.92663 0.07337
0.65866 0.34134
0.62770 0.37230
0.63186 0.36814
0.66735 0.33265
0.60342 0.39658
0.59519 0.40481
0.60511 0.39489
0.61285 0.38715
0.61285 0.38715
0.71853 0.28147
0.55833 0.44167
0.61963 0.38037
0.90626 0.09374
0.61083 0.38917
0.85473 0.14527
0.54103 0.45897
0.59156 0.40844
0.64910 0.35090
0.57057 0.42943
0.58225 0.41775
0.65140 0.34860
0.62324 0.37676
0.62287 0.37713
0.62221 0.37779
0.62173 0.37827
0.68573 0.31427
0.93499 0.06501
0.81895 0.18105
0.81428 0.18572
0.56946 0.43054
0.55736 0.44264
0.57015 0.42985
0.58664 0.41336
0.54490 0.45510
0.78622 0.21378
0.66917 0.33083
0.64596 0.35404
0.66520 0.33480
0.60051 0.39949
0.63589 0.36411
0.67263 0.32737
0.65679 0.34321
0.64371 0.35629
0.74485 0.25515
0.72821 0.27179
0.75135 0.24865
0.62346 0.37654
0.56144 0.43856
0.56997 0.43003
0.63093 0.36907
0.84655 0.15345
0.62663 0.37337
0.62976 0.37024
0.61547 0.38453
0.75228 0.24772
0.60176 0.39824
0.62493 0.37507
0.62102 0.37898
0.62999 0.37001
0.62953 0.37047
0.56723 0.43277
0.57712 0.42288
0.57349 0.42651
0.62413 0.37587
0.62101 0.37899
0.58459 0.41541
0.61754 0.38246
0.61754 0.38246
0.61754 0.38246
0.56551 0.43449
0.60267 0.39733
0.59870 0.40130
0.56492 0.43508
0.61752 0.38248
0.54599 0.45401
0.67690 0.32310
0.74369 0.25631
0.78288 0.21712
0.61124 0.38876
0.59234 0.40766
0.61075 0.38925
0.63326 0.36674
0.65351 0.34649
0.66175 0.33825
0.68177 0.31823
0.62131 0.37869
0.62244 0.37756
0.61656 0.38344
0.59020 0.40980
0.63162 0.36838
0.60221 0.39779
0.60221 0.39779
0.60221 0.39779
0.60167 0.39833
0.77960 0.22040
0.76908 0.23092
0.74262 0.25738
0.76627 0.23373
0.61213 0.38787
0.72623 0.27377
0.60936 0.39064
0.58174 0.41826
0.62736 0.37264
0.69939 0.30061
0.60032 0.39968
0.64321 0.35679
0.60013 0.39987
0.62793 0.37207
0.60076 0.39924
0.57770 0.42230
0.60396 0.39604
0.58508 0.41492
0.59633 0.40367
0.66796 0.33204
0.63441 0.36559
0.77543 0.22457
0.56258 0.43742
0.63158 0.36842
0.61824 0.38176
0.78350 0.21650
0.78422 0.21578
0.59476 0.40524
0.71810 0.28190
0.60123 0.39877
0.73334 0.26666
0.70835 0.29165
0.70901 0.29099
0.86707 0.13293
0.87349 0.12651
0.88413 0.11587
0.86677 0.13323
0.76080 0.23920
0.86480 0.13520
0.87131 0.12869
0.88212 0.11788
0.86450 0.13550
0.75767 0.24233
0.95901 0.04099
0.63262 0.36738
0.95980 0.04020
0.63582 0.36418
0.53798 0.46202
0.53583 0.46417
0.63525 0.36475
0.61697 0.38303
0.60279 0.39721
0.58260 0.41740
0.59228 0.40772
0.60377 0.39623
0.59274 0.40726
0.58271 0.41729
0.58540 0.41460
0.63357 0.36643
0.64441 0.35559
0.85840 0.14160
0.78440 0.21560
0.70933 0.29067
0.96145 0.03855
0.87422 0.12578
0.72932 0.27068
0.64270 0.35730
0.63670 0.36330
0.63503 0.36497
0.66418 0.33582
0.64247 0.35753
0.65811 0.34189
0.63622 0.36378
0.65640 0.34360
0.63446 0.36554
0.77340 0.22660
0.60705 0.39295
0.63363 0.36637
0.60211 0.39789
0.91896 0.08104
0.60066 0.39934
0.63363 0.36637
0.60211 0.39789
0.91896 0.08104
0.60066 0.39934
0.77340 0.22660
0.60705 0.39295
0.62640 0.37360
0.64973 0.35027
0.62473 0.37527
0.59054 0.40946
0.58539 0.41461
0.57595 0.42405
0.57812 0.42188
0.96901 0.03099
0.89400 0.10600
0.68241 0.31759
0.79128 0.20872
0.60654 0.39346
0.92142 0.07858
0.78376 0.21624
0.79162 0.20838
0.80170 0.19830
0.64146 0.35854
0.72281 0.27719
0.65442 0.34558
0.72281 0.27719
0.65208 0.34792
0.72145 0.27855
0.68304 0.31696
0.85064 0.14936
0.64110 0.35890
0.70193 0.29807
0.70193 0.29807
0.58375 0.41625
0.57661 0.42339
0.55806 0.44194
0.59663 0.40337
0.67330 0.32670
0.58802 0.41198
0.66491 0.33509
0.78979 0.21021
0.78979 0.21021
0.78427 0.21573
0.78427 0.21573
0.62384 0.37616
0.72912 0.27088
0.61514 0.38486
0.72172 0.27828
0.65854 0.34146
0.74442 0.25558
0.73700 0.26300
0.63492 0.36508
0.56904 0.43096
0.63629 0.36371
0.63220 0.36780
0.78936 0.21064
0.67660 0.32340
0.67097 0.32903
0.61555 0.38445
0.75845 0.24155
0.75357 0.24643
0.83179 0.16821
0.74849 0.25151
0.62654 0.37346
0.66125 0.33875
0.57882 0.42118
0.70464 0.29536
0.58665 0.41335
0.60344 0.39656
0.81438 0.18562
0.61364 0.38636
0.72795 0.27205
0.73881 0.26119
0.60296 0.39704
0.73667 0.26333
0.62806 0.37194
0.69876 0.30124
0.64878 0.35122
0.61356 0.38644
0.80519 0.19481
0.58021 0.41979
0.60807 0.39193
0.73656 0.26344
0.77282 0.22718
0.79240 0.20760
0.61210 0.38790
0.63463 0.36537
0.78958 0.21042
0.76458 0.23542
0.80103 0.19897
0.79522 0.20478
0.57686 0.42314
0.59322 0.40678
0.70588 0.29412
0.67278 0.32722
0.71049 0.28951
0.71153 0.28847
0.65754 0.34246
0.69202 0.30798
0.71189 0.28811
0.66595 0.33405
0.70170 0.29830
0.71964 0.28036
0.59157 0.40843
0.61207 0.38793
0.71162 0.28838
0.67862 0.32138
0.71633 0.28367
0.71806 0.28194
0.63753 0.36247
0.59405 0.40595
0.68839 0.31161
0.74417 0.25583
0.60364 0.39636
0.69757 0.30243
0.72256 0.27744
0.59863 0.40137
0.61240 0.38760
0.64123 0.35877
0.66007 0.33993
0.57445 0.42555
0.53400 0.46600
0.56757 0.43243
0.56347 0.43653
0.68299 0.31701
0.68435 0.31565
0.69053 0.30947
0.72544 0.27456
0.72647 0.27353
0.58709 0.41291
0.56257 0.43743
0.68751 0.31249
0.68301 0.31699
0.68869 0.31131
0.77677 0.22323
0.77677 0.22323
0.79162 0.20838
0.79162 0.20838
0.62035 0.37965
0.62035 0.37965
0.79474 0.20526
0.79858 0.20142
0.62751 0.37249
0.60403 0.39597
0.76538 0.23462
0.76337 0.23663
0.76813 0.23187
0.66756 0.33244
0.67000 0.33000
0.78114 0.21886
0.59458 0.40542
0.96380 0.03620
0.60438 0.39562
0.60869 0.39131
0.60869 0.39131
0.64603 0.35397
0.58956 0.41044
0.82730 0.17270
0.94817 0.05183
0.95139 0.04861
0.62417 0.37583
0.94447 0.05553
0.63583 0.36417
0.60180 0.39820
0.55534 0.44466
0.58637 0.41363
0.59123 0.40877
0.57367 0.42633
0.63948 0.36052
0.60032 0.39968
0.60258 0.39742
0.62836 0.37164
0.66757 0.33243
0.62513 0.37487
0.59853 0.40147
0.59853 0.40147
0.94123 0.05877
0.63127 0.36873
0.78178 0.21822
0.60041 0.39959
0.60370 0.39630
0.80538 0.19462
0.90886 0.09114
0.80538 0.19462
0.80538 0.19462
0.69327 0.30673
0.60245 0.39755
0.60612 0.39388
0.53250 0.46750
0.56984 0.43016
0.70055 0.29945
0.66791 0.33209
0.67593 0.32407
0.74234 0.25766
0.89324 0.10676
0.54631 0.45369
0.59390 0.40610
0.54473 0.45527
0.57243 0.42757
0.61406 0.38594
0.82794 0.17206
0.62730 0.37270
0.58674 0.41326
0.59062 0.40938
0.77366 0.22634
0.60166 0.39834
0.73200 0.26800
0.68940 0.31060
0.58294 0.41706
0.81721 0.18279
0.63566 0.36434
0.81359 0.18641
0.82062 0.17938
0.54057 0.45943
0.54971 0.45029
0.54499 0.45501
0.93180 0.06820
0.58795 0.41205
0.73094 0.26906
0.69811 0.30189
0.69811 0.30189
0.66051 0.33949
0.66483 0.33517
0.63291 0.36709
0.59114 0.40886
0.58964 0.41036
0.66787 0.33213
0.65738 0.34262
0.65607 0.34393
0.58794 0.41206
0.58653 0.41347
0.58845 0.41155
0.57652 0.42348
0.59505 0.40495
0.56517 0.43483
0.57684 0.42316
0.96386 0.03614
0.89639 0.10361
0.76658 0.23342
0.76658 0.23342
0.55161 0.44839
0.56501 0.43499
0.60979 0.39021
0.59949 0.40051
0.58748 0.41252
0.58415 0.41585
0.64389 0.35611
0.64398 0.35602
0.78514 0.21486
0.92298 0.07702
0.72576 0.27424
0.59035 0.40965
0.60156 0.39844
0.52607 0.47393
0.83251 0.16749
0.60098 0.39902
0.54789 0.45211
0.58688 0.41312
0.69702 0.30298
0.60329 0.39671
0.60293 0.39707
0.68460 0.31540
0.60988 0.39012
0.60317 0.39683
0.71101 0.28899
0.62068 0.37932
0.61695 0.38305
0.69992 0.30008
0.62439 0.37561
0.62058 0.37942
0.67246 0.32754
0.61138 0.38862
0.60762 0.39238
0.66067 0.33933
0.61551 0.38449
0.61130 0.38870
0.62695 0.37305
0.62828 0.37172
0.62507 0.37493
0.62544 0.37456
0.62695 0.37305
0.72790 0.27210
0.59914 0.40086
0.59591 0.40409
0.71836 0.28164
0.60218 0.39782
0.59906 0.40094
0.61144 0.38856
0.61024 0.38976
0.71717 0.28283
0.69646 0.30354
0.60415 0.39585
0.59942 0.40058
0.59942 0.40058
0.59942 0.40058
0.59942 0.40058
0.58431 0.41569
0.63244 0.36756
0.57637 0.42363
0.63536 0.36464
0.59784 0.40216
0.59784 0.40216
0.67127 0.32873
0.61144 0.38856
0.61144 0.38856
0.60364 0.39636
0.60364 0.39636
0.80713 0.19287
0.73370 0.26630
0.62348 0.37652
0.63009 0.36991
0.59624 0.40376
0.60048 0.39952
0.59997 0.40003
0.57831 0.42169
0.58223 0.41777
0.58176 0.41824
0.64899 0.35101
0.65335 0.34665
0.55376 0.44624
0.57393 0.42607
0.55632 0.44368
0.57393 0.42607
0.58286 0.41714
0.64061 0.35939
0.59021 0.40979
0.70408 0.29592
0.70610 0.29390
0.69218 0.30782
0.69428 0.30572
0.59595 0.40405
0.59741 0.40259
0.59595 0.40405
0.59741 0.40259
0.85156 0.14844
0.64548 0.35452
0.64418 0.35582
0.63130 0.36870
0.61140 0.38860
0.63130 0.36870
0.68401 0.31599
0.63249 0.36751
0.62992 0.37008
0.62992 0.37008
0.64854 0.35146
0.60506 0.39494
0.60615 0.39385
0.60208 0.39792
0.59979 0.40021
0.71333 0.28667
0.71068 0.28932
0.67980 0.32020
0.59487 0.40513
0.65589 0.34411
0.64059 0.35941
0.63742 0.36258
0.80370 0.19630
0.80021 0.19979
0.79898 0.20102
0.79552 0.20448
0.76270 0.23730
0.76270 0.23730
0.61999 0.38001
0.61999 0.38001
0.76737 0.23263
0.76737 0.23263
0.70620 0.29380
0.70620 0.29380
0.63684 0.36316
0.66999 0.33001
0.68118 0.31882
0.53701 0.46299
0.64063 0.35937
0.61063 0.38937
0.59753 0.40247
0.66807 0.33193
0.66972 0.33028
0.56395 0.43605
0.57816 0.42184
0.63245 0.36755
0.60197 0.39803
0.55845 0.44155
0.55906 0.44094
0.57737 0.42263
0.61244 0.38756
0.62298 0.37702
0.59080 0.40920
0.58999 0.41001
0.65844 0.34156
0.72394 0.27606
0.79660 0.20340
0.58841 0.41159
0.66534 0.33466
0.58709 0.41291
0.58257 0.41743
0.58257 0.41743
0.61049 0.38951
0.57438 0.42562
0.55198 0.44802
0.59418 0.40582
0.75219 0.24781
0.90683 0.09317
0.89655 0.10345
0.62954 0.37046
0.63778 0.36222
0.92017 0.07983
0.80560 0.19440
0.72918 0.27082
0.70012 0.29988
0.82037 0.17963
0.57397 0.42603
0.66710 0.33290
0.57457 0.42543
0.52773 0.47227
0.55844 0.44156
0.56945 0.43055
0.59146 0.40854
0.55772 0.44228
0.55826 0.44175
0.56222 0.43778
0.55632 0.44368
0.58405 0.41595
0.65722 0.34278
0.68797 0.31203
0.66083 0.33917
0.60588 0.39412
0.78665 0.21335
0.78665 0.21335
0.57450 0.42550
0.55889 0.44111
0.54897 0.45103
0.71275 0.28725
0.79518 0.20482
0.57672 0.42328
0.72323 0.27677
0.62518 0.37482
0.60165 0.39835
0.82903 0.17097
0.57246 0.42754
0.88362 0.11638
0.73347 0.26653
0.73347 0.26653
0.71113 0.28887
0.60859 0.39141
0.59280 0.40720
0.65710 0.34290
0.75638 0.24362
0.88249 0.11751
0.59414 0.40586
0.75066 0.24934
0.63555 0.36445
0.60832 0.39168
0.60884 0.39116
0.63066 0.36934
0.63128 0.36872
0.61292 0.38708
0.61354 0.38646
0.60078 0.39922
0.59764 0.40236
0.59059 0.40941
0.59153 0.40847
0.63980 0.36020
0.63564 0.36436
0.54499 0.45501
0.62378 0.37622
0.62378 0.37622
0.62492 0.37508
0.62492 0.37508
0.82118 0.17882
0.82988 0.17012
0.77673 0.22327
0.75489 0.24511
0.60613 0.39387
0.70269 0.29731
0.64564 0.35436
0.71547 0.28453
0.67229 0.32771
0.66418 0.33582
0.62840 0.37160
0.67915 0.32085
0.74430 0.25570
0.56632 0.43368
0.83817 0.16183
0.64367 0.35633
0.65344 0.34656
0.55323 0.44677
0.55244 0.44756
0.55323 0.44677
0.55244 0.44756
0.72880 0.27120
0.59358 0.40642
0.72880 0.27120
0.74471 0.25529
0.92514 0.07486
0.74471 0.25529
0.59764 0.40236
0.71063 0.28937
0.57385 0.42615
0.75974 0.24026
0.58866 0.41134
0.58312 0.41688
0.54718 0.45282
0.55167 0.44833
0.55167 0.44833
0.54457 0.45543
0.54603 0.45397
0.65430 0.34570
0.56722 0.43278
0.58128 0.41872
0.58128 0.41872
0.59677 0.40323
0.57715 0.42285
0.69945 0.30055
0.57029 0.42971
0.77263 0.22737
0.76132 0.23868
0.57304 0.42696
0.59314 0.40686
0.77883 0.22117
0.62033 0.37967
0.79480 0.20520
0.77076 0.22924
0.61170 0.38830
0.78742 0.21258
0.65802 0.34198
0.86462 0.13538
0.67553 0.32447
0.87036 0.12964
0.73989 0.26011
0.64291 0.35709
0.64291 0.35709
0.67896 0.32104
0.67347 0.32653
0.54394 0.45606
0.55181 0.44819
0.63530 0.36470
0.64844 0.35156
0.63465 0.36535
0.60205 0.39795
0.60308 0.39692
0.59138 0.40862
0.79314 0.20686
0.62837 0.37163
0.64517 0.35483
0.61685 0.38315
0.62009 0.37991
0.78707 0.21293
0.60734 0.39266
0.54851 0.45149
0.54851 0.45149
0.60615 0.39385
0.60562 0.39438
0.60557 0.39443
0.60564 0.39436
0.57981 0.42019
0.74381 0.25619
0.57722 0.42278
0.61548 0.38452
0.60007 0.39993
0.77717 0.22283
0.63367 0.36633
0.62914 0.37086
0.77756 0.22244
0.63414 0.36586
0.62959 0.37041
0.55181 0.44819
0.55181 0.44819
0.58887 0.41113
0.57459 0.42541
0.58850 0.41150
0.57422 0.42578
0.60509 0.39491
0.61697 0.38303
0.58202 0.41798
0.63425 0.36575
0.53954 0.46046
0.55817 0.44183
0.76753 0.23247
0.64729 0.35271
0.60601 0.39399
0.59765 0.40235
0.55421 0.44579
0.76287 0.23713
0.63596 0.36404
0.57772 0.42228
0.64440 0.35560
0.68876 0.31124
0.68876 0.31124
0.68876 0.31124
0.68876 0.31124
0.62238 0.37762
0.54436 0.45564
0.57466 0.42534
0.57203 0.42797
0.65112 0.34888
0.57818 0.42182
0.60057 0.39943
0.80481 0.19519
0.76423 0.23577
0.57588 0.42412
0.56526 0.43474
0.57862 0.42138
0.58297 0.41703
0.59127 0.40873
0.60343 0.39657
0.63030 0.36970
0.62159 0.37841
0.60034 0.39966
0.61316 0.38684
0.60017 0.39983
0.60017 0.39983
0.61316 0.38684
0.60017 0.39983
0.57955 0.42045
0.72606 0.27394
0.72606 0.27394
0.59035 0.40965
0.57019 0.42981
0.61420 0.38580
0.60966 0.39034
0.71567 0.28433
0.67638 0.32362
0.69606 0.30394
0.69776 0.30224
0.70259 0.29741
0.60757 0.39243
0.63301 0.36699
0.65523 0.34477
0.64040 0.35960
0.69606 0.30394
0.63235 0.36765
0.62355 0.37645
0.64142 0.35858
0.77152 0.22849
0.61704 0.38296
0.61989 0.38011
0.61989 0.38011
0.80105 0.19895
0.61989 0.38011
0.80253 0.19747
0.80353 0.19647
0.59464 0.40536
0.57456 0.42544
0.57403 0.42597
0.57456 0.42544
0.57403 0.42597
0.56857 0.43143
0.61136 0.38864
0.58640 0.41360
0.70849 0.29151
0.58642 0.41358
0.70838 0.29162
0.68977 0.31023
0.69475 0.30525
0.65709 0.34291
0.60884 0.39116
0.87033 0.12967
0.70099 0.29901
0.85377 0.14623
0.82322 0.17678
0.94065 0.05935
0.94065 0.05935
0.82321 0.17679
0.94451 0.05549
0.94607 0.05393
0.94607 0.05393
0.94456 0.05544
0.66213 0.33787
0.94420 0.05580
0.94420 0.05580
0.66150 0.33850
0.65359 0.34641
0.93951 0.06049
0.93951 0.06049
0.65296 0.34704
0.59858 0.40142
0.57825 0.42175
0.61074 0.38926
0.59331 0.40669
0.59665 0.40335
0.56781 0.43219
0.57124 0.42876
0.56960 0.43040
0.57373 0.42627
0.56735 0.43265
0.59580 0.40420
0.59625 0.40375
0.82053 0.17947
0.59625 0.40375
0.59790 0.40210
0.60083 0.39917
0.55116 0.44884
0.55374 0.44626
0.55613 0.44387
0.86857 0.13143
0.86857 0.13143
0.88319 0.11681
0.88319 0.11681
0.75696 0.24304
0.75696 0.24304
0.76019 0.23981
0.76019 0.23981
0.75892 0.24108
0.75892 0.24108
0.75696 0.24304
0.75696 0.24304
0.62893 0.37107
0.61891 0.38109
0.70385 0.29615
0.75447 0.24553
0.62893 0.37107
0.61891 0.38109
0.62893 0.37107
0.61891 0.38109
0.63138 0.36862
0.62123 0.37877
0.58954 0.41046
0.67666 0.32334
0.57635 0.42365
0.62885 0.37115
0.59059 0.40941
0.70720 0.29280
0.56323 0.43677
0.69169 0.30831
0.69636 0.30364
0.77692 0.22308
0.59757 0.40243
0.56125 0.43875
0.72462 0.27538
0.55852 0.44148
0.76020 0.23980
0.70690 0.29310
0.58163 0.41837
0.57547 0.42453
0.80535 0.19465
0.54681 0.45319
0.63883 0.36117
0.63338 0.36662
0.61623 0.38377
0.77046 0.22954
0.76372 0.23628
0.54515 0.45485
0.55211 0.44789
0.77828 0.22172
0.77828 0.22172
0.57905 0.42095
0.58482 0.41518
0.71166 0.28834
0.66911 0.33089
0.76454 0.23546
0.76454 0.23546
0.53534 0.46466
0.56487 0.43513
0.56213 0.43787
0.60215 0.39785
0.54493 0.45507
0.57317 0.42683
0.56306 0.43694
0.60114 0.39886
0.61810 0.38190
0.50247 0.49753
0.69321 0.30679
0.61691 0.38309
0.69321 0.30679
0.61691 0.38309
0.58585 0.41415
0.74136 0.25864
0.73761 0.26239
0.72182 0.27818
0.76069 0.23931
0.70289 0.29711
0.75804 0.24196
0.70344 0.29656
0.62287 0.37713
0.60343 0.39657
0.70428 0.29572
0.56397 0.43603
0.56602 0.43398
0.74503 0.25497
0.65959 0.34041
0.64466 0.35534
0.57883 0.42117
0.57933 0.42067
0.53225 0.46775
0.57247 0.42753
0.55923 0.44077
0.55416 0.44584
0.70734 0.29266
0.58326 0.41674
0.50374 0.49626
0.58788 0.41212
0.58240 0.41760
0.54469 0.45531
0.58389 0.41611
0.60352 0.39648
0.59515 0.40485
0.59919 0.40081
0.53170 0.46830
0.53013 0.46987
0.72832 0.27168
0.85322 0.14678
0.69580 0.30420
0.72606 0.27394
0.86024 0.13976
0.72832 0.27168
0.85322 0.14678
0.69580 0.30420
0.72606 0.27394
0.86024 0.13976
0.54906 0.45094
0.62036 0.37964
0.54692 0.45308
0.61813 0.38187
0.56438 0.43562
0.55781 0.44219
0.71237 0.28764
0.64955 0.35045
0.64739 0.35261
0.81770 0.18230
0.84344 0.15656
0.82788 0.17212
0.82841 0.17159
0.83133 0.16867
0.83180 0.16820
0.82104 0.17896
0.95164 0.04836
0.81896 0.18104
0.95507 0.04493
0.75409 0.24591
0.76293 0.23707
0.57563 0.42437
0.57740 0.42260
0.66161 0.33839
0.57849 0.42151
0.62752 0.37248
0.75554 0.24446
0.67500 0.32500
0.86619 0.13381
0.83042 0.16958
0.85851 0.14149
0.79560 0.20440
0.87053 0.12947
0.76075 0.23925
0.58607 0.41393
0.69907 0.30093
0.58993 0.41007
0.56720 0.43280
0.58187 0.41813
0.62952 0.37048
0.58575 0.41425
0.66428 0.33572
0.68299 0.31701
0.59771 0.40229
0.68150 0.31850
0.68455 0.31545
0.86591 0.13409
0.64283 0.35717
0.61068 0.38932
0.63192 0.36808
0.72715 0.27285
0.72715 0.27285
0.69168 0.30832
0.64679 0.35321
0.64679 0.35321
0.67780 0.32220
0.64217 0.35783
0.64217 0.35783
0.67340 0.32660
0.58616 0.41384
0.58650 0.41350
0.76778 0.23222
0.72715 0.27285
0.72715 0.27285
0.69168 0.30832
0.64217 0.35783
0.64217 0.35783
0.67340 0.32660
0.72715 0.27285
0.72715 0.27285
0.69168 0.30832
0.85697 0.14303
0.85697 0.14303
0.70834 0.29166
0.70834 0.29166
0.84715 0.15285
0.64207 0.35793
0.72191 0.27809
0.63913 0.36087
0.63164 0.36836
0.61238 0.38762
0.61255 0.38745
0.95275 0.04725
0.62673 0.37327
0.62717 0.37283
0.59744 0.40256
0.61679 0.38321
0.61725 0.38275
0.78966 0.21034
0.62305 0.37695
0.62352 0.37648
0.86310 0.13690
0.85225 0.14775
0.65723 0.34277
0.90773 0.09227
0.90913 0.09087
0.91340 0.08660
0.91263 0.08737
0.78754 0.21246
0.80463 0.19537
0.79701 0.20299
0.77872 0.22128
0.57686 0.42314
0.56503 0.43497
0.71461 0.28539
0.73670 0.26330
0.73561 0.26439
0.75757 0.24243
0.57968 0.42032
0.76603 0.23397
0.61450 0.38550
0.63861 0.36139
0.65109 0.34891
0.71560 0.28440
0.62264 0.37736
0.63178 0.36822
0.72856 0.27144
0.71580 0.28420
0.72791 0.27209
0.63802 0.36198
0.72132 0.27868
0.73329 0.26671
0.75857 0.24143
0.85365 0.14635
0.90645 0.09355
0.65735 0.34265
0.57503 0.42497
0.96493 0.03507
0.96245 0.03755
0.96224 0.03776
0.70682 0.29318
0.70007 0.29993
0.73214 0.26786
0.78583 0.21417
0.62037 0.37963
0.84707 0.15293
0.85357 0.14643
0.84703 0.15297
0.79779 0.20221
0.80392 0.19608
0.59781 0.40219
0.57561 0.42439
0.83518 0.16482
0.84181 0.15819
0.62934 0.37066
0.55239 0.44761
0.55823 0.44177
0.54878 0.45122
0.84510 0.15490
0.84510 0.15490
0.83837 0.16163
0.60163 0.39837
0.68039 0.31961
0.59502 0.40498
0.63907 0.36093
0.76533 0.23467
0.73573 0.26427
0.72871 0.27129
0.59481 0.40519
0.59459 0.40541
0.58864 0.41136
0.58782 0.41218
0.57987 0.42013
0.65565 0.34435
0.78837 0.21163
0.79972 0.20028
0.77541 0.22459
0.59112 0.40888
0.60271 0.39729
0.73022 0.26978
0.74433 0.25567
0.73395 0.26605
0.60271 0.39729
0.73022 0.26978
0.69136 0.30864
0.79445 0.20555
0.69168 0.30832
0.68499 0.31501
0.69459 0.30541
0.66611 0.33389
0.58773 0.41227
0.65071 0.34929
0.75158 0.24842
0.74909 0.25091
0.58783 0.41217
0.59086 0.40914
0.73867 0.26133
0.73581 0.26419
0.55789 0.44211
0.58644 0.41356
0.55789 0.44211
0.58644 0.41356
0.80849 0.19151
0.79491 0.20509
0.78974 0.21026
0.77680 0.22320
0.61159 0.38841
0.83338 0.16662
0.63456 0.36544
0.63650 0.36350
0.70250 0.29750
0.69793 0.30207
0.76979 0.23021
0.76979 0.23021
0.63100 0.36900
0.63729 0.36270
0.63729 0.36270
0.62830 0.37170
0.65412 0.34588
0.65412 0.34588
0.59633 0.40367
0.57935 0.42065
0.61969 0.38031
0.59633 0.40367
0.57935 0.42065
0.61969 0.38031
0.59633 0.40367
0.57935 0.42065
0.61969 0.38031
0.60747 0.39253
0.58737 0.41263
0.61392 0.38608
0.59367 0.40633
0.58573 0.41427
0.62741 0.37259
0.59245 0.40755
0.63430 0.36570
0.64889 0.35111
0.65932 0.34068
0.64718 0.35282
0.75628 0.24372
0.64582 0.35418
0.59080 0.40920
0.84646 0.15354
0.85966 0.14034
0.66725 0.33275
0.75917 0.24083
0.91945 0.08055
0.94034 0.05966
0.64600 0.35400
0.92063 0.07937
0.62597 0.37403
0.92063 0.07937
0.62664 0.37336
0.73696 0.26304
0.58269 0.41731
0.57313 0.42687
0.58269 0.41731
0.65292 0.34708
0.62730 0.37270
0.58496 0.41504
0.63489 0.36511
0.73387 0.26613
0.71766 0.28234
0.74316 0.25684
0.63489 0.36511
0.73387 0.26613
0.66408 0.33592
0.65463 0.34537
0.57048 0.42952
0.61212 0.38788
0.59669 0.40331
0.56874 0.43126
0.78758 0.21242
0.76977 0.23023
0.63858 0.36142
0.64168 0.35832
0.62926 0.37074
0.90942 0.09058
0.91263 0.08737
0.75902 0.24098
0.94418 0.05582
0.62356 0.37644
0.77369 0.22631
0.76339 0.23661
0.64494 0.35506
0.94933 0.05067
0.62430 0.37570
0.68331 0.31669
0.81650 0.18350
0.96657 0.03343
0.80337 0.19663
0.68531 0.31469
0.91849 0.08151
0.92253 0.07747
0.80245 0.19755
0.73848 0.26152
0.95895 0.04105
0.63655 0.36345
0.67113 0.32887
0.81883 0.18117
0.80746 0.19254
0.81156 0.18844
0.81456 0.18544
0.73510 0.26490
0.72531 0.27469
0.72930 0.27070
0.71988 0.28012
0.61735 0.38265
0.69399 0.30601
0.70060 0.29940
0.65578 0.34422
0.68834 0.31166
0.56096 0.43904
0.69090 0.30910
0.64543 0.35457
0.54084 0.45916
0.55902 0.44098
0.63214 0.36786
0.58518 0.41482
0.63114 0.36886
0.79601 0.20399
0.59103 0.40897
0.59280 0.40720
0.93876 0.06124
0.58650 0.41350
0.59940 0.40060
0.56276 0.43724
0.57139 0.42861
0.56106 0.43894
0.57169 0.42831
0.80538 0.19462
0.63950 0.36050
0.70070 0.29930
0.71006 0.28994
0.85710 0.14290
0.69415 0.30585
0.85438 0.14562
0.57380 0.42620
0.72803 0.27197
0.63323 0.36677
0.63568 0.36432
0.62331 0.37669
0.50067 0.49933
0.56795 0.43205
0.56862 0.43138
0.65511 0.34489
0.60992 0.39008
0.61131 0.38869
0.65386 0.34614
0.62805 0.37195
0.90851 0.09149
0.51872 0.48128
0.53906 0.46094
0.54405 0.45595
0.56028 0.43972
0.57458 0.42542
0.55364 0.44636
0.75407 0.24593
0.61757 0.38243
0.59839 0.40161
0.59325 0.40675
0.60857 0.39143
0.61342 0.38658
0.81547 0.18453
0.94694 0.05306
0.81208 0.18792
0.84019 0.15981
0.85732 0.14268
0.83076 0.16924
0.74837 0.25163
0.71797 0.28203
0.85856 0.14144
0.72338 0.27662
0.74837 0.25163
0.71797 0.28203
0.60618 0.39382
0.60242 0.39758
0.60209 0.39791
0.55212 0.44788
0.62748 0.37252
0.58343 0.41657
0.79072 0.20928
0.59163 0.40837
0.59123 0.40877
0.70795 0.29205
0.59392 0.40608
0.58359 0.41641
0.59004 0.40996
0.58325 0.41675
0.59034 0.40966
0.58325 0.41675
0.58970 0.41030
0.62834 0.37166
0.95693 0.04307
0.67690 0.32310
0.66390 0.33610
0.88493 0.11507
0.71647 0.28353
0.63908 0.36092
0.61808 0.38192
0.67845 0.32155
0.61542 0.38458
0.65679 0.34321
0.65096 0.34904
0.65060 0.34940
0.66147 0.33853
0.64443 0.35557
0.53851 0.46149
0.74352 0.25648
0.54235 0.45765
0.58143 0.41857
0.59130 0.40870
0.68594 0.31406
0.68594 0.31406
0.57996 0.42004
0.69150 0.30850
0.69176 0.30824
0.67828 0.32172
0.66854 0.33146
0.70091 0.29909
0.67828 0.32172
0.56255 0.43745
0.63796 0.36204
0.66656 0.33344
0.64643 0.35357
0.80067 0.19933
0.80323 0.19677
0.80718 0.19282
0.81789 0.18211
0.81789 0.18211
0.77730 0.22270
0.77730 0.22270
0.78512 0.21488
0.78512 0.21488
0.78036 0.21964
0.78036 0.21964
0.76468 0.23532
0.76784 0.23216
0.58615 0.41385
0.59417 0.40583
0.58924 0.41076
0.76550 0.23450
0.77412 0.22588
0.76887 0.23113
0.66523 0.33477
0.66523 0.33477
0.88596 0.11404
0.62718 0.37282
0.62295 0.37705
0.60355 0.39645
0.56386 0.43614
0.59376 0.40624
0.52538 0.47462
0.58353 0.41647
0.54798 0.45202
0.54798 0.45202
0.59971 0.40029
0.59971 0.40029
0.54925 0.45075
0.54925 0.45075
0.56223 0.43777
0.68185 0.31815
0.70505 0.29495
0.72645 0.27355
0.72645 0.27355
0.62257 0.37743
0.63380 0.36620
0.58689 0.41311
0.58302 0.41698
0.58799 0.41201
0.58844 0.41156
0.56821 0.43179
0.65892 0.34108
0.66184 0.33816
0.66363 0.33637
0.73048 0.26952
0.72382 0.27618
0.73513 0.26487
0.63113 0.36887
0.63691 0.36309
0.53477 0.46523
0.75469 0.24531
0.74563 0.25437
0.75949 0.24051
0.66644 0.33356
0.65683 0.34317
0.80620 0.19380
0.79932 0.20068
0.75327 0.24673
0.74476 0.25524
0.74476 0.25524
0.74476 0.25524
0.74476 0.25524
0.68506 0.31494
0.68680 0.31320
0.68506 0.31494
0.68680 0.31320
0.51792 0.48208
0.60865 0.39135
0.78933 0.21067
0.59613 0.40387
0.68283 0.31717
0.68479 0.31521
0.59651 0.40349
0.59344 0.40656
0.59497 0.40503
0.59344 0.40656
0.71812 0.28188
0.71058 0.28942
0.71058 0.28942
0.70878 0.29122
0.70878 0.29122
0.65645 0.34355
0.65820 0.34180
0.65645 0.34355
0.65820 0.34180
0.55911 0.44089
0.79842 0.20158
0.71893 0.28107
0.57982 0.42018
0.63181 0.36819
0.57430 0.42570
0.58945 0.41055
0.68929 0.31071
0.71354 0.28646
0.60438 0.39562
0.70798 0.29202
0.62361 0.37639
0.59599 0.40401
0.62026 0.37974
0.65259 0.34741
0.64200 0.35800
0.53453 0.46547
0.58292 0.41708
0.57024 0.42976
0.66696 0.33304
0.63871 0.36129
0.57876 0.42124
0.60203 0.39797
0.80123 0.19877
0.80123 0.19877
0.79860 0.20140
0.79860 0.20140
0.59370 0.40630
0.66354 0.33646
0.85184 0.14816
0.79838 0.20162
0.73072 0.26928
0.72411 0.27589
0.70729 0.29271
0.70014 0.29986
0.70729 0.29271
0.54830 0.45170
0.54506 0.45494
0.79101 0.20899
0.78506 0.21494
0.77721 0.22279
0.58189 0.41811
0.59550 0.40450
0.59517 0.40483
0.59572 0.40428
0.60920 0.39080
0.60855 0.39145
0.69231 0.30769
0.70072 0.29928
0.72183 0.27817
0.75650 0.24350
0.74337 0.25663
0.62453 0.37547
0.57023 0.42977
0.65169 0.34831
0.82896 0.17104
0.65590 0.34410
0.84998 0.15002
0.58424 0.41576
0.75479 0.24521
0.73376 0.26624
0.55463 0.44537
0.78449 0.21551
0.78449 0.21551
0.65147 0.34853
0.60264 0.39736
0.67859 0.32141
0.65147 0.34853
0.67859 0.32141
0.73913 0.26087
0.76394 0.23606
0.61277 0.38723
0.73913 0.26087
0.61277 0.38723
0.80019 0.19981
0.78141 0.21859
0.79359 0.20641
0.78491 0.21509
0.79077 0.20923
0.78649 0.21351
0.78893 0.21107
0.80719 0.19281
0.80338 0.19662
0.80184 0.19816
0.83025 0.16975
0.55949 0.44051
0.55633 0.44367
0.60882 0.39118
0.60882 0.39118
0.60691 0.39309
0.70024 0.29976
0.70262 0.29738
0.53764 0.46236
0.57379 0.42621
0.56115 0.43885
0.58355 0.41645
0.78850 0.21150
0.76521 0.23479
0.65091 0.34909
0.89879 0.10121
0.56237 0.43763
0.60411 0.39589
0.56750 0.43250
0.70814 0.29186
0.78440 0.21560
0.61012 0.38988
0.77292 0.22708
0.72914 0.27086
0.65770 0.34230
0.72649 0.27351
0.72914 0.27086
0.65770 0.34230
0.72649 0.27351
0.86354 0.13646
0.64739 0.35261
0.86206 0.13794
0.86354 0.13646
0.64739 0.35261
0.86206 0.13794
0.59530 0.40470
0.55485 0.44515
0.73881 0.26119
0.75916 0.24084
0.56012 0.43988
0.61144 0.38856
0.61976 0.38024
0.62846 0.37154
0.68288 0.31712
0.70653 0.29347
0.69589 0.30411
0.59600 0.40400
0.69708 0.30292
0.81724 0.18276
0.79907 0.20093
0.73408 0.26592
0.73408 0.26592
0.60513 0.39487
0.60460 0.39540
0.60804 0.39196
0.69508 0.30492
0.65961 0.34039
0.63967 0.36033
0.60456 0.39544
0.60771 0.39229
0.62321 0.37679
0.57931 0.42069
0.58784 0.41216
0.58894 0.41106
0.50086 0.49914
0.55640 0.44360
0.58191 0.41809
0.66405 0.33595
0.65880 0.34120
0.91455 0.08545
0.91371 0.08629
0.91487 0.08513
0.91487 0.08513
0.75636 0.24364
0.77843 0.22157
0.72020 0.27980
0.71595 0.28405
0.76283 0.23717
0.61011 0.38989
0.57071 0.42929
0.56654 0.43346
0.55818 0.44182
0.60067 0.39933
0.60475 0.39525
0.58120 0.41880
0.77007 0.22993
0.61828 0.38172
0.58750 0.41250
0.73798 0.26202
0.73920 0.26080
0.91104 0.08896
0.91104 0.08896
0.91149 0.08851
0.91149 0.08851
0.79939 0.20061
0.79939 0.20061
0.79840 0.20160
0.91785 0.08215
0.68410 0.31590
0.93414 0.06586
0.67724 0.32276
0.93414 0.06586
0.81757 0.18243
0.81866 0.18134
0.81866 0.18134
0.55077 0.44923
0.56034 0.43966
0.56704 0.43296
0.52061 0.47939
0.64289 0.35711
0.63286 0.36714
0.62398 0.37602
0.56700 0.43300
0.64019 0.35981
0.57894 0.42106
0.70797 0.29203
0.60626 0.39374
0.57546 0.42454
0.62228 0.37772
0.61573 0.38427
0.75115 0.24885
0.65022 0.34978
0.50567 0.49433
0.52257 0.47743
0.50441 0.49559
0.51716 0.48284
0.56651 0.43349
0.54581 0.45419
0.56887 0.43113
0.63118 0.36882
0.54586 0.45414
0.59478 0.40522
0.58805 0.41195
0.72790 0.27210
0.73704 0.26295
0.72823 0.27177
0.74168 0.25832
0.73297 0.26703
0.89067 0.10933
0.57712 0.42288
0.71998 0.28002
0.71998 0.28002
0.71998 0.28002
0.71490 0.28510
0.71490 0.28510
0.71490 0.28510
0.59216 0.40784
0.58520 0.41480
0.90816 0.09184
0.67955 0.32045
0.77964 0.22036
0.63791 0.36209
0.67557 0.32443
0.63098 0.36902
0.77964 0.22036
0.63791 0.36209
0.59748 0.40252
0.52607 0.47393
0.50669 0.49331
0.64103 0.35897
0.67539 0.32461
0.63428 0.36572
0.66963 0.33037
0.56301 0.43699
0.57789 0.42211
0.58729 0.41271
0.61166 0.38834
0.57661 0.42339
0.56694 0.43306
0.61762 0.38238
0.61925 0.38075
0.57083 0.42917
0.57083 0.42917
0.58398 0.41602
0.58398 0.41602
0.56491 0.43509
0.77579 0.22421
0.69236 0.30764
0.69216 0.30784
0.80126 0.19874
0.89708 0.10292
0.53855 0.46145
0.67370 0.32630
0.84207 0.15793
0.94692 0.05308
0.60614 0.39386
0.61751 0.38249
0.61751 0.38249
0.61751 0.38249
0.58419 0.41581
0.58419 0.41581
0.58419 0.41581
0.61751 0.38249
0.61751 0.38249
0.61751 0.38249
0.61751 0.38249
0.61751 0.38249
0.61751 0.38249
0.72858 0.27142
0.70922 0.29078
0.60830 0.39170
0.82051 0.17949
0.78910 0.21090
0.63133 0.36867
0.63136 0.36864
0.73571 0.26429
0.73040 0.26960
0.92477 0.07523
0.62257 0.37743
0.92477 0.07523
0.57977 0.42023
0.88368 0.11632
0.87065 0.12935
0.60410 0.39590
0.60417 0.39583
0.60415 0.39585
0.55880 0.44120
0.54735 0.45265
0.61102 0.38898
0.60302 0.39698
0.57695 0.42305
0.50451 0.49549
0.61063 0.38937
0.63289 0.36711
0.59445 0.40555
0.61280 0.38720
0.74007 0.25993
0.73895 0.26105
0.75408 0.24592
0.77293 0.22707
0.68915 0.31085
0.69424 0.30576
0.77110 0.22890
0.60675 0.39325
0.56738 0.43262
0.60784 0.39216
0.60784 0.39216
0.59909 0.40091
0.61885 0.38115
0.56036 0.43964
0.63992 0.36008
0.63992 0.36008
0.66386 0.33614
0.60442 0.39558
0.59943 0.40057
0.83574 0.16426
0.83573 0.16427
0.76972 0.23028
0.76973 0.23027
0.62095 0.37905
0.62095 0.37905
0.51170 0.48830
0.64898 0.35102
0.75528 0.24472
0.54862 0.45138
0.54750 0.45250
0.56767 0.43233
0.56585 0.43415
0.56767 0.43233
0.56585 0.43415
0.55173 0.44827
0.60722 0.39278
0.54985 0.45015
0.58277 0.41723
0.62008 0.37992
0.61965 0.38035
0.58287 0.41713
0.58287 0.41713
0.57655 0.42345
0.57639 0.42361
0.83418 0.16582
0.58311 0.41689
0.56381 0.43619
0.81196 0.18804
0.78363 0.21637
0.78363 0.21637
0.81209 0.18791
0.78377 0.21623
0.78377 0.21623
0.58879 0.41121
0.75660 0.24340
0.75174 0.24826
0.55570 0.44430
0.67378 0.32622
0.64811 0.35189
0.64811 0.35189
0.58051 0.41949
0.59998 0.40002
0.58576 0.41424
0.59746 0.40254
0.55054 0.44946
0.56592 0.43408
0.54432 0.45568
0.86584 0.13416
0.54586 0.45414
0.55290 0.44710
0.63776 0.36224
0.64948 0.35052
0.86732 0.13268
0.75937 0.24063
0.92973 0.07027
0.76296 0.23704
0.59632 0.40368
0.60012 0.39988
0.52919 0.47081
0.74529 0.25471
0.56859 0.43141
0.59743 0.40257
0.74915 0.25085
0.80143 0.19857
0.79383 0.20617
0.79383 0.20617
0.52324 0.47676
0.58300 0.41700
0.69184 0.30816
0.60094 0.39906
0.84497 0.15503
0.68789 0.31211
0.69214 0.30786
0.94740 0.05260
0.94572 0.05428
0.94711 0.05289
0.66505 0.33495
0.80994 0.19006
0.66337 0.33663
0.80858 0.19142
0.66088 0.33912
0.80659 0.19341
0.66778 0.33222
0.81213 0.18787
0.66516 0.33484
0.67842 0.32158
0.60657 0.39343
0.62308 0.37692
0.60269 0.39731
0.60982 0.39018
0.72500 0.27500
0.72425 0.27575
0.72266 0.27734
0.73202 0.26798
0.73277 0.26723
0.73045 0.26955
0.82834 0.17166
0.82750 0.17250
0.82750 0.17250
0.78436 0.21564
0.78358 0.21642
0.78358 0.21642
0.55677 0.44323
0.69983 0.30017
0.61750 0.38250
0.64320 0.35680
0.55433 0.44567
0.63585 0.36415
0.62052 0.37948
0.64254 0.35746
0.61940 0.38060
0.56062 0.43938
0.57401 0.42599
0.61200 0.38800
0.63477 0.36523
0.61816 0.38184
0.55397 0.44603
0.56502 0.43498
0.55700 0.44300
0.55397 0.44603
0.56502 0.43498
0.55700 0.44300
0.71544 0.28456
0.59848 0.40152
0.60031 0.39969
0.59568 0.40432
0.75917 0.24083
0.66893 0.33107
0.64315 0.35685
0.78477 0.21523
0.63758 0.36242
0.65857 0.34143
0.75141 0.24859
0.78366 0.21634
0.64099 0.35901
0.78300 0.21700
0.58510 0.41490
0.56539 0.43461
0.75546 0.24454
0.62590 0.37410
0.62774 0.37226
0.62297 0.37703
0.75546 0.24454
0.69860 0.30140
0.70050 0.29950
0.69860 0.30140
0.70287 0.29713
0.85675 0.14325
0.61271 0.38729
0.61447 0.38553
0.61271 0.38729
0.61497 0.38503
0.63987 0.36013
0.61075 0.38925
0.61246 0.38754
0.61075 0.38925
0.61297 0.38703
0.63796 0.36204
0.69860 0.30140
0.70050 0.29950
0.69860 0.30140
0.70287 0.29713
0.85675 0.14325
0.60764 0.39236
0.60928 0.39072
0.60764 0.39236
0.60980 0.39020
0.63494 0.36506
0.94504 0.05496
0.78078 0.21922
0.93998 0.06002
0.63512 0.36488
0.77647 0.22353
0.71600 0.28400
0.69722 0.30278
0.72394 0.27606
0.72394 0.27606
0.69722 0.30278
0.71700 0.28300
0.69823 0.30177
0.72505 0.27495
0.72505 0.27495
0.69823 0.30177
0.71526 0.28474
0.69666 0.30334
0.72374 0.27626
0.72374 0.27626
0.69666 0.30334
0.59730 0.40270
0.85518 0.14482
0.58792 0.41208
0.58792 0.41208
0.85518 0.14482
0.86875 0.13125
0.68410 0.31590
0.68817 0.31183
0.68817 0.31183
0.68410 0.31590
0.87043 0.12957
0.68692 0.31308
0.59205 0.40795
0.59205 0.40795
0.68692 0.31308
0.87043 0.12957
0.68692 0.31308
0.59205 0.40795
0.59205 0.40795
0.68692 0.31308
0.66477 0.33523
0.56036 0.43964
0.53111 0.46889
0.65993 0.34007
0.57299 0.42701
0.53279 0.46721
0.53320 0.46680
0.76308 0.23692
0.76038 0.23962
0.76556 0.23444
0.77060 0.22940
0.59737 0.40263
0.75176 0.24824
0.72524 0.27476
0.73200 0.26800
0.72283 0.27717
0.57249 0.42751
0.71542 0.28458
0.57737 0.42263
0.57782 0.42218
0.74248 0.25752
0.68189 0.31811
0.81398 0.18602
0.67510 0.32490
0.80877 0.19123
0.68189 0.31811
0.81398 0.18602
0.67510 0.32490
0.80877 0.19123
0.63765 0.36235
0.72274 0.27726
0.63765 0.36235
0.72274 0.27726
0.63179 0.36821
0.71716 0.28284
0.63718 0.36282
0.72274 0.27726
0.73380 0.26620
0.65943 0.34057
0.73380 0.26620
0.65943 0.34057
0.72761 0.27239
0.65292 0.34708
0.61875 0.38125
0.62174 0.37826
0.72831 0.27169
0.61875 0.38125
0.62174 0.37826
0.72831 0.27169
0.61349 0.38651
0.61650 0.38350
0.72348 0.27652
0.70230 0.29770
0.62865 0.37135
0.60904 0.39096
0.70666 0.29334
0.59527 0.40473
0.73599 0.26401
0.60403 0.39597
0.81219 0.18781
0.81010 0.18990
0.64103 0.35897
0.65565 0.34435
0.59560 0.40440
0.63799 0.36201
0.57564 0.42436
0.67491 0.32509
0.67936 0.32064
0.72565 0.27435
0.83800 0.16200
0.79354 0.20646
0.79567 0.20433
0.83723 0.16277
0.81943 0.18057
0.82143 0.17857
0.64208 0.35792
0.62495 0.37505
0.62670 0.37330
0.81924 0.18076
0.81924 0.18076
0.81924 0.18076
0.62512 0.37488
0.62696 0.37304
0.62512 0.37488
0.62696 0.37304
0.62512 0.37488
0.62696 0.37304
0.62512 0.37488
0.62696 0.37304
0.79337 0.20663
0.79580 0.20420
0.79337 0.20663
0.79580 0.20420
0.62512 0.37488
0.62696 0.37304
0.62512 0.37488
0.62696 0.37304
0.59700 0.40300
0.74827 0.25173
0.59700 0.40300
0.56657 0.43343
0.58463 0.41537
0.57980 0.42020
0.58618 0.41382
0.55521 0.44479
0.83832 0.16168
0.59229 0.40771
0.61746 0.38254
0.57988 0.42012
0.64455 0.35545
0.59183 0.40817
0.69794 0.30206
0.91139 0.08861
0.79056 0.20944
0.75029 0.24971
0.60841 0.39159
0.75029 0.24971
0.60841 0.39159
0.62127 0.37873
0.60128 0.39872
0.60993 0.39007
0.59891 0.40109
0.57192 0.42808
0.60490 0.39510
0.59386 0.40614
0.65288 0.34712
0.63782 0.36218
0.68967 0.31033
0.68967 0.31033
0.68967 0.31033
0.68967 0.31033
0.59456 0.40544
0.57273 0.42727
0.58200 0.41800
0.57458 0.42542
0.56765 0.43235
0.55944 0.44056
0.63010 0.36990
0.61707 0.38293
0.57974 0.42026
0.59169 0.40831
0.58189 0.41811
0.56970 0.43030
0.56279 0.43721
0.55854 0.44146
0.56834 0.43166
0.72850 0.27150
0.57175 0.42825
0.58153 0.41847
0.76143 0.23857
0.73430 0.26570
0.57029 0.42971
0.56606 0.43394
0.52068 0.47932
0.55312 0.44688
0.52855 0.47145
0.55076 0.44924
0.57173 0.42827
0.53628 0.46372
0.62747 0.37253
0.76961 0.23039
0.60952 0.39048
0.54666 0.45334
0.58241 0.41759
0.53473 0.46527
0.52338 0.47662
0.59287 0.40713
0.57466 0.42534
0.59287 0.40713
0.57466 0.42534
0.57900 0.42100
0.60584 0.39416
0.57522 0.42478
0.56955 0.43045
0.70461 0.29539
0.60775 0.39225
0.64123 0.35877
0.54225 0.45775
0.57425 0.42575
0.57948 0.42052
0.57425 0.42575
0.57948 0.42052
0.90119 0.09881
0.69710 0.30290
0.90157 0.09843
0.61069 0.38931
0.61122 0.38878
0.59507 0.40493
0.59448 0.40552
0.59507 0.40493
0.59448 0.40552
0.59507 0.40493
0.59507 0.40493
0.80925 0.19075
0.80970 0.19030
0.66304 0.33696
0.78340 0.21660
0.58672 0.41328
0.65588 0.34412
0.64817 0.35183
0.65084 0.34916
0.78079 0.21921
0.62433 0.37567
0.62325 0.37675
0.56833 0.43167
0.56625 0.43375
0.58538 0.41462
0.55043 0.44957
0.54378 0.45622
0.55077 0.44923
0.58326 0.41674
0.57914 0.42086
0.68323 0.31677
0.58851 0.41149
0.63090 0.36910
0.60546 0.39454
0.60546 0.39454
0.60546 0.39454
0.60264 0.39736
0.60264 0.39736
0.60264 0.39736
0.61932 0.38068
0.61932 0.38068
0.61932 0.38068
0.62238 0.37762
0.74830 0.25170
0.69472 0.30528
0.62425 0.37575
0.60956 0.39044
0.82409 0.17591
0.62310 0.37690
0.73397 0.26603
0.71003 0.28997
0.62837 0.37163
0.62864 0.37136
0.87411 0.12589
0.88457 0.11543
0.72206 0.27794
0.87567 0.12433
0.88307 0.11693
0.96118 0.03882
0.61226 0.38774
0.75272 0.24728
0.56580 0.43420
0.73993 0.26007
0.57539 0.42461
0.72398 0.27602
0.72724 0.27276
0.87012 0.12988
0.86825 0.13175
0.53655 0.46345
0.54968 0.45032
0.72453 0.27547
0.84878 0.15122
0.71331 0.28669
0.66610 0.33390
0.59698 0.40302
0.59180 0.40820
0.59711 0.40289
0.57378 0.42622
0.63993 0.36007
0.59321 0.40679
0.59192 0.40808
0.63525 0.36475
0.63351 0.36649
0.63353 0.36647
0.62619 0.37381
0.62627 0.37373
0.62619 0.37381
0.62627 0.37373
0.61608 0.38392
0.93858 0.06142
0.64124 0.35876
0.93765 0.06235
0.61426 0.38574
0.61900 0.38100
0.61900 0.38100
0.60987 0.39013
0.59238 0.40762
0.55097 0.44903
0.53628 0.46372
0.60745 0.39255
0.59586 0.40414
0.58600 0.41400
0.58609 0.41391
0.56143 0.43857
0.57984 0.42016
0.57288 0.42712
0.63194 0.36806
0.83687 0.16313
0.60136 0.39864
0.59775 0.40225
0.64743 0.35257
0.69625 0.30375
0.55670 0.44330
0.60228 0.39772
0.55670 0.44330
0.60291 0.39709
0.55534 0.44466
0.56811 0.43189
0.68957 0.31043
0.56811 0.43189
0.56811 0.43189
0.68799 0.31201
0.56811 0.43189
0.55013 0.44987
0.59410 0.40590
0.60837 0.39163
0.58703 0.41297
0.60673 0.39327
0.61042 0.38958
0.60837 0.39163
0.58703 0.41297
0.60673 0.39327
0.61042 0.38958
0.60498 0.39502
0.79633 0.20367
0.79474 0.20526
0.56970 0.43030
0.64193 0.35807
0.63110 0.36890
0.62015 0.37985
0.62015 0.37985
0.62810 0.37190
0.63640 0.36360
0.69426 0.30574
0.68852 0.31148
0.56098 0.43902
0.67249 0.32751
0.69347 0.30653
0.63361 0.36639
0.78641 0.21359
0.78641 0.21359
0.94646 0.05354
0.79616 0.20384
0.79616 0.20384
0.63367 0.36633
0.78907 0.21093
0.78639 0.21361
0.64231 0.35769
0.64370 0.35630
0.64370 0.35630
0.63088 0.36912
0.63233 0.36767
0.63233 0.36767
0.84642 0.15358
0.63506 0.36494
0.63506 0.36494
0.70620 0.29380
0.60761 0.39239
0.60855 0.39145
0.69075 0.30925
0.58677 0.41323
0.59611 0.40389
0.54059 0.45941
0.53804 0.46196
0.58546 0.41454
0.60642 0.39358
0.81092 0.18908
0.67658 0.32342
0.76319 0.23681
0.59505 0.40495
0.59797 0.40203
0.69368 0.30632
0.58688 0.41312
0.60724 0.39276
0.68073 0.31927
0.78444 0.21556
0.64933 0.35067
0.65183 0.34817
0.58510 0.41490
0.57481 0.42519
0.63209 0.36791
0.57648 0.42352
0.63424 0.36576
0.72817 0.27183
0.63424 0.36576
0.71063 0.28937
0.71063 0.28937
0.71063 0.28937
0.60158 0.39842
0.81828 0.18172
0.82911 0.17089
0.82911 0.17089
0.55138 0.44862
0.56020 0.43980
0.52111 0.47889
0.51780 0.48220
0.61441 0.38559
0.57743 0.42257
0.61464 0.38536
0.73422 0.26578
0.79759 0.20241
0.79759 0.20241
0.71794 0.28206
0.58527 0.41473
0.56941 0.43059
0.62508 0.37492
0.85065 0.14935
0.58048 0.41952
0.56268 0.43732
0.75952 0.24048
0.61834 0.38166
0.84470 0.15530
0.72658 0.27342
0.76348 0.23652
0.87975 0.12025
0.79470 0.20530
0.61376 0.38624
0.71495 0.28505
0.57135 0.42865
0.75011 0.24989
0.93485 0.06515
0.75011 0.24989
0.93485 0.06515
0.90564 0.09436
0.62533 0.37467
0.71656 0.28344
0.74252 0.25748
0.74580 0.25420
0.61548 0.38452
0.62958 0.37042
0.63727 0.36273
0.60493 0.39507
0.61940 0.38060
0.62695 0.37305
0.62156 0.37844
0.56235 0.43765
0.81358 0.18642
0.65289 0.34711
0.67348 0.32652
0.58684 0.41316
0.57414 0.42586
0.58684 0.41316
0.57414 0.42586
0.58277 0.41723
0.57283 0.42717
0.57426 0.42574
0.71078 0.28922
0.66042 0.33958
0.59227 0.40773
0.71078 0.28922
0.66042 0.33958
0.59227 0.40773
0.64197 0.35803
0.57662 0.42338
0.56482 0.43518
0.60668 0.39332
0.56482 0.43518
0.60668 0.39332
0.87507 0.12493
0.71376 0.28624
0.62633 0.37367
0.64072 0.35928
0.62433 0.37567
0.52821 0.47179
0.76385 0.23615
0.74500 0.25500
0.62215 0.37785
0.63152 0.36848
0.80280 0.19720
0.75560 0.24440
0.61078 0.38922
0.60778 0.39222
0.77214 0.22786
0.60021 0.39979
0.58115 0.41885
0.78102 0.21898
0.78963 0.21037
0.79644 0.20356
0.68450 0.31550
0.61915 0.38085
0.68450 0.31550
0.68450 0.31550
0.59942 0.40058
0.69594 0.30406
0.70795 0.29205
0.69594 0.30406
0.69612 0.30388
0.69532 0.30468
0.63145 0.36855
0.62583 0.37417
0.63425 0.36575
0.53728 0.46272
0.60816 0.39184
0.76198 0.23802
0.71407 0.28593
0.57608 0.42392
0.65411 0.34589
0.63832 0.36168
0.66359 0.33641
0.71481 0.28519
0.85309 0.14691
0.72249 0.27751
0.74113 0.25887
0.60136 0.39864
0.73561 0.26439
0.60136 0.39864
0.73561 0.26439
0.94867 0.05133
0.60499 0.39501
0.71535 0.28465
0.63593 0.36407
0.63865 0.36135
0.78032 0.21968
0.92676 0.07324
0.68969 0.31031
0.94290 0.05710
0.80657 0.19343
0.60913 0.39087
0.60244 0.39756
0.61323 0.38677
0.85809 0.14191
0.63615 0.36385
0.69755 0.30245
0.73167 0.26833
0.59995 0.40005
0.60647 0.39353
0.55687 0.44313
0.73008 0.26992
0.73309 0.26691
0.57952 0.42048
0.68901 0.31099
0.69865 0.30135
0.67651 0.32349
0.59569 0.40431
0.61250 0.38750
0.62239 0.37761
0.58365 0.41635
0.63921 0.36079
0.93993 0.06007
0.77559 0.22441
0.93316 0.06684
0.77039 0.22961
0.64329 0.35671
0.88060 0.11940
0.82868 0.17132
0.65426 0.34574
0.95503 0.04497
0.95062 0.04938
0.95880 0.04120
0.95062 0.04938
0.95880 0.04120
0.95510 0.04490
0.60347 0.39653
0.60299 0.39701
0.79416 0.20584
0.61023 0.38977
0.80346 0.19654
0.59321 0.40679
0.66071 0.33929
0.59593 0.40407
0.66708 0.33292
0.79973 0.20027
0.82039 0.17961
0.59979 0.40021
0.81422 0.18578
0.94336 0.05664
0.63096 0.36904
0.73549 0.26451
0.75820 0.24180
0.73549 0.26451
0.72658 0.27342
0.57486 0.42514
0.50891 0.49109
0.51227 0.48773
0.58662 0.41338
0.82595 0.17405
0.54274 0.45726
0.54530 0.45470
0.60178 0.39822
0.58658 0.41342
0.62579 0.37421
0.65976 0.34024
0.77502 0.22498
0.60193 0.39807
0.59466 0.40534
0.59972 0.40028
0.56996 0.43004
0.62384 0.37616
0.60290 0.39710
0.56757 0.43243
0.61655 0.38345
0.58725 0.41275
0.68233 0.31767
0.59518 0.40482
0.76899 0.23101
0.88997 0.11003
0.73339 0.26661
0.76371 0.23629
0.74516 0.25484
0.58494 0.41506
0.55368 0.44632
0.61110 0.38890
0.60686 0.39314
0.56113 0.43887
0.62170 0.37830
0.63120 0.36880
0.61428 0.38572
0.78292 0.21708
0.79648 0.20352
0.85686 0.14314
0.63236 0.36764
0.72690 0.27310
0.50056 0.49944
0.57963 0.42037
0.57932 0.42068
0.57963 0.42037
0.57932 0.42068
0.63336 0.36664
0.63336 0.36664
0.77519 0.22481
0.92425 0.07575
0.75196 0.24804
0.63336 0.36664
0.63336 0.36664
0.63336 0.36664
0.77519 0.22481
0.92425 0.07575
0.75196 0.24804
0.63336 0.36664
0.62506 0.37494
0.78633 0.21367
0.78818 0.21182
0.62506 0.37494
0.62506 0.37494
0.78633 0.21367
0.78818 0.21182
0.62506 0.37494
0.74006 0.25994
0.60202 0.39798
0.61005 0.38995
0.68800 0.31200
0.69570 0.30430
0.57815 0.42185
0.59105 0.40895
0.53817 0.46183
0.59501 0.40499
0.81316 0.18684
0.81613 0.18387
0.77353 0.22647
0.62981 0.37019
0.62142 0.37858
0.62121 0.37879
0.75286 0.24714
0.62121 0.37879
0.62096 0.37904
0.75286 0.24714
0.61681 0.38319
0.61681 0.38319
0.76726 0.23274
0.61279 0.38721
0.71731 0.28269
0.62962 0.37038
0.62501 0.37499
0.62681 0.37319
0.76744 0.23256
0.50074 0.49926
0.53195 0.46805
0.57182 0.42818
0.54494 0.45506
0.51702 0.48298
0.74163 0.25837
0.74245 0.25755
0.73614 0.26386
0.72189 0.27811
0.70606 0.29394
0.84676 0.15324
0.83380 0.16620
0.83858 0.16142
0.77967 0.22033
0.75420 0.24580
0.60365 0.39635
0.58723 0.41277
0.76832 0.23168
0.76832 0.23168
0.75582 0.24418
0.75582 0.24418
0.64314 0.35686
0.62560 0.37440
0.64156 0.35844
0.61790 0.38210
0.59984 0.40016
0.67664 0.32336
0.67985 0.32015
0.60849 0.39151
0.61620 0.38380
0.61352 0.38648
0.55527 0.44473
0.58186 0.41814
0.55275 0.44725
0.84607 0.15393
0.60330 0.39670
0.61662 0.38338
0.57371 0.42629
0.54466 0.45534
0.55668 0.44332
0.55939 0.44061
0.61793 0.38207
0.65085 0.34915
0.64515 0.35485
0.57354 0.42646
0.60023 0.39977
0.55654 0.44346
0.66380 0.33620
0.80594 0.19406
0.79477 0.20523
0.63709 0.36291
0.84250 0.15750
0.56842 0.43158
0.69418 0.30582
0.73817 0.26183
0.60411 0.39589
0.66573 0.33427
0.80803 0.19197
0.69733 0.30267
0.64886 0.35114
0.79663 0.20337
0.53118 0.46882
0.55072 0.44928
0.62011 0.37989
0.95113 0.04887
0.96334 0.03666
0.86423 0.13577
0.76745 0.23255
0.81330 0.18670
0.65609 0.34391
0.56781 0.43219
0.57640 0.42360
0.58749 0.41251
0.76300 0.23700
0.57710 0.42290
0.68904 0.31096
0.70790 0.29210
0.59150 0.40850
0.60342 0.39658
0.66010 0.33990
0.67691 0.32309
0.83959 0.16041
0.61017 0.38983
0.65174 0.34826
0.58869 0.41131
0.53900 0.46100
0.77861 0.22139
0.63108 0.36892
0.66896 0.33104
0.53011 0.46989
0.52815 0.47185
0.71532 0.28468
0.59381 0.40619
0.60167 0.39833
0.62972 0.37028
0.51933 0.48067
0.51929 0.48071
0.55395 0.44605
0.56376 0.43624
0.76400 0.23600
0.73574 0.26426
0.76015 0.23985
0.79077 0.20923
0.76495 0.23505
