0.81082 0.18918
0.65143 0.34857
0.89675 0.10325
0.31579 0.68421
0.33225 0.66775
0.69597 0.30403
0.20472 0.79528
0.21167 0.78833
0.80573 0.19427
0.08348 0.91652
0.08437 0.91563
0.36027 0.63973
0.21763 0.78237
0.55731 0.44269
0.10229 0.89771
0.25947 0.74053
0.77399 0.22601
0.42353 0.57647
0.33361 0.66639
0.41975 0.58025
0.49724 0.50276
0.48435 0.51565
0.10533 0.89467
0.05147 0.94853
0.22422 0.77578
0.37658 0.62342
0.99589 0.00411
0.88123 0.11877
0.99166 0.00834
0.26672 0.73328
0.89962 0.10038
0.39764 0.60236
0.46993 0.53007
0.54026 0.45974
0.99729 0.00271
0.99729 0.00271
0.99729 0.00271
0.85734 0.14266
0.99887 0.00113
0.99851 0.00149
0.99851 0.00149
0.99851 0.00149
0.85734 0.14266
0.99887 0.00113
0.99851 0.00149
0.99851 0.00149
0.99851 0.00149
0.96271 0.03729
0.98108 0.01892
0.96271 0.03729
0.98680 0.01320
0.99851 0.00149
0.98680 0.01320
0.99851 0.00149
0.93127 0.06873
0.55535 0.44465
0.45090 0.54910
0.07707 0.92293
0.72291 0.27709
0.95152 0.04848
0.23853 0.76147
0.45863 0.54137
0.14774 0.85226
0.57173 0.42827
0.22325 0.77675
0.22325 0.77675
0.98022 0.01978
0.99936 0.00064
0.52667 0.47333
0.16661 0.83339
0.16661 0.83339
0.12961 0.87039
0.33897 0.66103
0.69718 0.30282
0.18978 0.81022
0.38220 0.61780
0.77397 0.22603
0.24487 0.75513
0.81831 0.18169
0.35557 0.64443
0.54963 0.45037
0.17964 0.82036
0.58861 0.41139
0.20678 0.79322
0.23226 0.76774
0.20678 0.79322
0.15809 0.84191
0.19882 0.80118
0.15162 0.84838
0.18584 0.81416
0.12629 0.87371
0.38962 0.61038
0.20170 0.79830
0.38962 0.61038
0.20170 0.79830
0.55631 0.44369
0.29897 0.70103
0.68324 0.31676
0.36492 0.63508
0.36017 0.63983
0.49344 0.50656
0.15238 0.84762
0.11808 0.88192
0.14342 0.85658
0.12729 0.87271
0.17346 0.82654
0.30495 0.69505
0.42829 0.57171
0.42267 0.57733
0.41582 0.58418
0.49135 0.50865
0.12227 0.87773
0.99679 0.00321
0.23531 0.76469
0.99949 0.00051
0.99952 0.00048
0.70040 0.29960
0.72065 0.27935
0.42679 0.57321
0.99952 0.00048
0.99964 0.00036
0.99961 0.00039
0.11806 0.88194
0.99576 0.00424
0.99360 0.00640
0.13748 0.86252
0.22827 0.77173
0.15773 0.84227
0.22577 0.77423
0.14674 0.85326
0.13305 0.86695
0.18991 0.81009
0.15789 0.84211
0.15789 0.84211
0.16178 0.83822
0.16178 0.83822
0.19952 0.80048
0.31448 0.68552
0.22742 0.77258
0.22742 0.77258
0.12935 0.87065
0.27254 0.72746
0.27775 0.72225
0.34547 0.65453
0.13538 0.86462
0.30575 0.69425
0.32416 0.67584
0.21156 0.78844
0.28055 0.71945
0.27764 0.72236
0.31214 0.68786
0.17924 0.82076
0.27872 0.72128
0.27809 0.72191
0.88305 0.11695
0.92940 0.07060
0.45999 0.54001
0.18283 0.81717
0.20978 0.79022
0.23300 0.76700
0.23404 0.76596
0.23300 0.76700
0.23404 0.76596
0.32954 0.67046
0.69194 0.30806
0.49782 0.50218
0.12027 0.87973
0.32207 0.67793
0.90824 0.09176
0.31591 0.68409
0.32160 0.67840
0.90824 0.09176
0.90824 0.09176
0.90824 0.09176
0.28730 0.71270
0.81845 0.18155
0.24967 0.75033
0.18959 0.81041
0.79494 0.20506
0.80710 0.19290
0.99782 0.00218
0.45359 0.54641
0.86644 0.13356
0.10053 0.89947
0.99109 0.00891
0.18668 0.81332
0.97996 0.02004
0.95722 0.04278
0.43197 0.56803
0.52939 0.47061
0.59432 0.40568
0.11880 0.88120
0.24319 0.75681
0.53975 0.46025
0.89348 0.10652
0.15676 0.84324
0.98790 0.01210
0.08561 0.91439
0.17877 0.82123
0.75242 0.24758
0.61077 0.38923
0.31489 0.68511
0.27306 0.72694
0.97334 0.02666
0.97334 0.02666
0.99009 0.00991
0.99009 0.00991
0.58024 0.41976
0.58024 0.41976
0.33363 0.66637
0.89054 0.10946
0.98752 0.01248
0.93386 0.06614
0.66693 0.33307
0.43299 0.56701
0.31498 0.68502
0.86608 0.13392
0.99495 0.00505
0.99495 0.00505
0.55675 0.44325
0.55675 0.44325
0.46964 0.53036
0.28359 0.71641
0.10788 0.89212
0.30234 0.69766
0.25209 0.74791
0.20733 0.79267
0.25125 0.74875
0.19491 0.80509
0.40340 0.59660
0.38157 0.61843
0.40802 0.59198
0.96578 0.03422
0.99921 0.00079
0.99933 0.00067
0.99893 0.00107
0.74242 0.25758
0.61347 0.38653
0.46083 0.53917
0.26754 0.73246
0.46083 0.53917
0.46083 0.53917
0.26754 0.73246
0.46083 0.53917
0.45894 0.54106
0.53056 0.46944
0.70931 0.29069
0.18086 0.81914
0.18086 0.81914
0.25141 0.74859
0.62159 0.37841
0.85187 0.14813
0.97941 0.02059
0.55561 0.44439
0.37622 0.62378
0.93291 0.06709
0.14062 0.85938
0.87376 0.12624
0.39106 0.60894
0.93228 0.06772
0.42639 0.57361
0.63619 0.36381
0.83867 0.16133
0.75068 0.24932
0.61347 0.38653
0.65460 0.34540
0.15039 0.84961
0.78117 0.21883
0.08567 0.91433
0.11018 0.88982
0.10895 0.89105
0.25409 0.74591
0.99072 0.00928
0.19112 0.80888
0.94362 0.05638
0.38781 0.61219
0.38487 0.61513
0.93503 0.06497
0.36916 0.63084
0.36688 0.63312
0.85153 0.14847
0.92583 0.07417
0.92198 0.07802
0.99945 0.00055
0.99939 0.00061
0.99885 0.00115
0.99877 0.00123
0.99936 0.00064
0.99929 0.00071
0.79768 0.20232
0.96384 0.03616
0.88623 0.11377
0.11967 0.88033
0.11802 0.88198
0.88342 0.11658
0.86791 0.13209
0.16373 0.83627
0.30925 0.69075
0.88370 0.11630
0.30925 0.69075
0.88370 0.11630
0.33886 0.66114
0.79062 0.20938
0.99361 0.00639
0.15572 0.84428
0.21678 0.78322
0.21924 0.78076
0.20716 0.79284
0.72672 0.27328
0.72943 0.27057
0.37056 0.62944
0.85823 0.14177
0.82773 0.17227
0.76063 0.23937
0.98924 0.01076
0.93582 0.06418
0.84684 0.15316
0.99356 0.00644
0.88752 0.11248
0.72054 0.27946
0.81759 0.18241
0.99873 0.00127
0.86888 0.13112
0.79988 0.20012
0.81601 0.18399
0.95276 0.04724
0.85974 0.14026
0.45582 0.54418
0.81601 0.18399
0.95276 0.04724
0.85974 0.14026
0.45582 0.54418
0.93163 0.06837
0.90364 0.09636
0.99048 0.00952
0.95888 0.04112
0.99513 0.00487
0.99438 0.00562
0.54065 0.45935
0.48357 0.51643
0.57826 0.42174
0.71232 0.28768
0.71232 0.28768
0.69551 0.30449
0.95536 0.04464
0.94086 0.05914
0.93203 0.06797
0.91325 0.08675
0.86877 0.13123
0.31638 0.68362
0.51399 0.48601
0.47248 0.52752
0.51399 0.48601
0.47248 0.52752
0.46932 0.53068
0.80088 0.19912
0.46932 0.53068
0.80088 0.19912
0.60392 0.39608
0.26058 0.73942
0.93420 0.06580
0.34039 0.65961
0.81407 0.18593
0.26924 0.73076
0.21934 0.78066
0.71082 0.28918
0.46489 0.53511
0.34866 0.65134
0.31750 0.68250
0.30473 0.69527
0.31254 0.68746
0.31216 0.68784
0.31212 0.68788
0.79047 0.20953
0.79047 0.20953
0.50548 0.49452
0.50548 0.49452
0.17143 0.82857
0.17143 0.82857
0.17336 0.82664
0.91777 0.08223
0.17516 0.82484
0.92418 0.07582
0.59080 0.40920
0.59080 0.40920
0.59080 0.40920
0.93510 0.06490
0.93510 0.06490
0.93510 0.06490
0.59080 0.40920
0.59080 0.40920
0.59080 0.40920
0.59080 0.40920
0.59080 0.40920
0.59080 0.40920
0.22551 0.77449
0.54154 0.45846
0.57614 0.42386
0.25052 0.74948
0.98391 0.01609
0.28953 0.71047
0.72491 0.27509
0.20417 0.79583
0.16148 0.83852
0.99091 0.00909
0.98962 0.01038
0.98962 0.01038
0.39291 0.60709
0.39291 0.60709
0.64931 0.35069
0.27971 0.72029
0.79947 0.20053
0.31583 0.68417
0.87493 0.12507
0.61026 0.38974
0.61026 0.38974
0.64201 0.35799
0.60277 0.39723
0.62144 0.37856
0.98917 0.01083
0.34426 0.65574
0.37004 0.62996
0.84798 0.15202
0.88475 0.11525
0.99455 0.00545
0.45472 0.54528
0.48929 0.51071
0.99500 0.00500
0.47287 0.52713
0.50754 0.49246
0.35119 0.64881
0.48457 0.51543
0.25094 0.74906
0.35576 0.64424
0.24277 0.75723
0.25283 0.74717
0.93065 0.06935
0.80194 0.19806
0.98376 0.01624
0.91362 0.08638
0.98597 0.01403
0.95064 0.04936
0.95773 0.04227
0.14742 0.85258
0.12824 0.87176
0.15405 0.84595
0.14954 0.85046
0.64954 0.35046
0.99799 0.00201
0.94357 0.05643
0.99700 0.00300
0.19065 0.80935
0.19582 0.80418
0.17315 0.82685
0.17803 0.82197
0.21716 0.78284
0.72251 0.27749
0.26540 0.73460
0.28305 0.71695
0.23019 0.76981
0.23019 0.76981
0.58173 0.41827
0.56886 0.43114
0.61211 0.38789
0.53737 0.46263
0.59321 0.40679
0.57994 0.42006
0.62304 0.37696
0.54849 0.45151
0.97817 0.02183
0.97908 0.02092
0.97635 0.02365
0.97918 0.02082
0.97797 0.02203
0.97890 0.02110
0.97908 0.02092
0.97635 0.02365
0.97918 0.02082
0.97797 0.02203
0.97890 0.02110
0.96243 0.03757
0.95193 0.04807
0.87905 0.12095
0.87058 0.12942
0.36375 0.63625
0.99969 0.00031
0.99969 0.00031
0.84683 0.15317
0.98192 0.01808
0.69799 0.30201
0.99877 0.00123
0.79047 0.20953
0.98600 0.01400
0.81663 0.18337
0.61982 0.38018
0.61982 0.38018
0.61982 0.38018
0.74932 0.25068
0.71343 0.28657
0.95424 0.04576
0.71892 0.28108
0.71706 0.28294
0.99531 0.00469
0.77947 0.22053
0.75588 0.24412
0.09397 0.90603
0.72367 0.27633
0.99438 0.00562
0.77064 0.22936
0.63097 0.36903
0.19254 0.80746
0.85953 0.14047
0.95209 0.04791
0.24482 0.75518
0.17517 0.82483
0.19924 0.80076
0.20960 0.79040
0.08590 0.91410
0.40219 0.59781
0.90756 0.09244
0.82461 0.17539
0.99727 0.00273
0.91335 0.08665
0.91335 0.08665
0.19606 0.80394
0.62546 0.37454
0.99593 0.00407
0.87331 0.12669
0.65234 0.34766
0.96171 0.03829
0.96171 0.03829
0.96538 0.03462
0.94925 0.05075
0.92540 0.07460
0.90823 0.09177
0.17652 0.82348
0.96224 0.03776
0.26983 0.73017
0.91804 0.08196
0.98792 0.01208
0.94645 0.05355
0.65313 0.34687
0.91048 0.08952
0.17578 0.82422
0.90823 0.09177
0.17652 0.82348
0.96224 0.03776
0.26983 0.73017
0.95456 0.04544
0.99404 0.00596
0.99623 0.00377
0.34541 0.65459
0.51654 0.48346
0.47463 0.52537
0.99067 0.00933
0.55518 0.44482
0.99323 0.00677
0.59855 0.40145
0.99470 0.00530
0.48710 0.51290
0.99049 0.00951
0.25961 0.74039
0.25961 0.74039
0.25961 0.74039
0.25961 0.74039
0.99364 0.00636
0.47891 0.52109
0.11883 0.88117
0.60252 0.39748
0.42283 0.57717
0.31179 0.68821
0.96358 0.03642
0.33245 0.66755
0.99857 0.00143
0.18198 0.81802
0.25539 0.74461
0.23431 0.76569
0.80393 0.19607
0.30975 0.69025
0.32551 0.67449
0.29593 0.70407
0.31290 0.68710
0.28973 0.71027
0.29041 0.70959
0.28097 0.71903
0.38356 0.61644
0.36769 0.63231
0.38356 0.61644
0.36769 0.63231
0.99858 0.00142
0.99259 0.00741
0.96252 0.03748
0.97155 0.02845
0.99844 0.00156
0.99844 0.00156
0.86209 0.13791
0.88075 0.11925
0.77350 0.22650
0.77350 0.22650
0.79860 0.20140
0.82356 0.17644
0.80793 0.19207
0.80793 0.19207
0.83005 0.16995
0.99871 0.00129
0.99770 0.00230
0.99770 0.00230
0.81670 0.18330
0.83994 0.16006
0.99918 0.00082
0.99886 0.00114
0.64448 0.35552
0.64448 0.35552
0.98445 0.01555
0.77595 0.22405
0.80317 0.19683
0.98783 0.01217
0.98032 0.01968
0.27273 0.72727
0.74862 0.25138
0.33907 0.66093
0.98500 0.01500
0.24993 0.75007
0.74852 0.25148
0.69101 0.30899
0.30951 0.69049
0.29936 0.70064
0.29936 0.70064
0.55468 0.44532
0.55468 0.44532
0.99261 0.00739
0.99261 0.00739
0.61485 0.38515
0.61485 0.38515
0.74673 0.25327
0.96263 0.03737
0.63622 0.36378
0.18291 0.81709
0.60432 0.39568
0.40058 0.59942
0.73639 0.26361
0.20887 0.79113
0.60432 0.39568
0.40058 0.59942
0.71687 0.28313
0.20357 0.79643
0.60432 0.39568
0.40058 0.59942
0.51067 0.48933
0.99486 0.00514
0.16110 0.83890
0.16110 0.83890
0.15102 0.84898
0.15102 0.84898
0.57448 0.42552
0.57448 0.42552
0.54349 0.45651
0.67967 0.32033
0.64169 0.35831
0.45345 0.54655
0.45345 0.54655
0.26808 0.73192
0.33659 0.66341
0.83229 0.16771
0.91585 0.08415
0.43409 0.56591
0.94347 0.05653
0.97567 0.02433
0.95467 0.04533
0.50831 0.49169
0.39960 0.60040
0.92408 0.07592
0.34774 0.65226
0.51422 0.48578
0.97174 0.02826
0.22589 0.77411
0.34610 0.65390
0.16625 0.83375
0.99475 0.00525
0.12888 0.87112
0.14925 0.85075
0.48323 0.51677
0.28557 0.71443
0.87322 0.12678
0.89339 0.10661
0.38886 0.61114
0.95047 0.04953
0.57479 0.42521
0.51583 0.48417
0.69943 0.30057
0.99051 0.00949
0.98298 0.01702
0.75562 0.24438
0.94651 0.05349
0.98298 0.01702
0.98080 0.01920
0.98298 0.01702
0.59827 0.40173
0.95050 0.04950
0.63260 0.36740
0.96249 0.03751
0.41963 0.58037
0.91728 0.08272
0.98005 0.01995
0.98060 0.01940
0.71632 0.28368
0.53233 0.46767
0.95388 0.04612
0.98066 0.01934
0.98357 0.01643
0.43468 0.56532
0.62201 0.37799
0.44335 0.55665
0.98464 0.01537
0.51705 0.48295
0.12239 0.87761
0.11426 0.88574
0.24056 0.75944
0.13998 0.86002
0.32641 0.67359
0.52539 0.47461
0.32129 0.67871
0.52539 0.47461
0.46094 0.53906
0.15435 0.84565
0.35813 0.64187
0.20196 0.79804
0.47497 0.52503
0.15211 0.84789
0.14916 0.85084
0.48170 0.51830
0.60472 0.39528
0.51902 0.48098
0.10449 0.89551
0.16417 0.83583
0.44909 0.55091
0.94480 0.05520
0.93924 0.06076
0.58424 0.41576
0.59723 0.40277
0.71480 0.28520
0.56382 0.43618
0.97598 0.02402
0.98357 0.01643
0.67885 0.32115
0.74664 0.25336
0.81006 0.18994
0.99954 0.00046
0.84992 0.15008
0.99804 0.00196
0.99804 0.00196
0.99450 0.00550
0.97251 0.02749
0.97251 0.02749
0.99800 0.00200
0.99800 0.00200
0.99800 0.00200
0.99800 0.00200
0.99896 0.00104
0.99896 0.00104
0.99782 0.00218
0.99782 0.00218
0.99929 0.00071
0.35866 0.64134
0.99935 0.00065
0.99194 0.00806
0.07148 0.92852
0.15155 0.84845
0.16732 0.83268
0.17760 0.82240
0.16622 0.83378
0.07635 0.92365
0.08698 0.91302
0.22194 0.77806
0.84616 0.15384
0.33417 0.66583
0.15012 0.84988
0.70476 0.29524
0.18449 0.81551
0.19686 0.80314
0.76977 0.23023
0.99850 0.00150
0.97835 0.02165
0.99814 0.00186
0.50493 0.49507
0.96240 0.03760
0.94059 0.05941
0.99713 0.00287
0.99616 0.00384
0.99616 0.00384
0.99616 0.00384
0.77994 0.22006
0.80172 0.19828
0.99616 0.00384
0.80987 0.19013
0.99202 0.00798
0.82549 0.17451
0.43341 0.56659
0.58817 0.41183
0.53985 0.46015
0.25320 0.74680
0.49792 0.50208
0.52652 0.47348
0.09771 0.90229
0.60588 0.39412
0.13815 0.86185
0.47515 0.52485
0.16642 0.83358
0.68721 0.31279
0.30523 0.69477
0.48057 0.51943
0.77530 0.22470
0.41150 0.58850
0.31960 0.68040
0.49728 0.50272
0.79013 0.20987
0.21014 0.78986
0.53316 0.46684
0.55543 0.44457
0.99811 0.00189
0.93383 0.06617
0.99945 0.00055
0.25004 0.74996
0.56729 0.43271
0.16688 0.83312
0.67336 0.32664
0.99426 0.00574
0.23451 0.76549
0.05456 0.94544
0.10520 0.89480
0.26965 0.73035
0.98765 0.01235
0.11083 0.88917
0.58368 0.41632
0.15956 0.84044
0.14995 0.85005
0.87972 0.12028
0.52744 0.47256
0.93086 0.06914
0.21126 0.78874
0.97507 0.02493
0.66677 0.33323
0.62495 0.37505
0.07438 0.92562
0.12102 0.87898
0.17286 0.82714
0.56025 0.43975
0.42721 0.57279
0.35126 0.64874
0.34974 0.65026
0.72118 0.27882
0.35999 0.64001
0.67830 0.32170
0.39185 0.60815
0.58485 0.41515
0.17505 0.82495
0.58485 0.41515
0.37933 0.62067
0.91353 0.08647
0.97991 0.02009
0.97991 0.02009
0.45916 0.54084
0.84042 0.15958
0.10059 0.89941
0.08633 0.91367
0.46597 0.53403
0.33589 0.66411
0.99993 0.00007
0.30212 0.69788
0.19277 0.80723
0.18406 0.81594
0.35656 0.64344
0.32426 0.67574
0.26978 0.73022
0.23639 0.76361
0.82800 0.17200
0.70479 0.29521
0.67514 0.32486
0.88939 0.11061
0.89073 0.10927
0.73418 0.26582
0.73098 0.26902
0.73418 0.26582
0.73098 0.26902
0.26735 0.73265
0.30983 0.69017
0.84053 0.15947
0.11417 0.88583
0.11552 0.88448
0.24191 0.75809
0.24191 0.75809
0.91452 0.08548
0.89159 0.10841
0.89159 0.10841
0.91227 0.08773
0.88870 0.11130
0.88870 0.11130
0.11196 0.88804
0.10484 0.89516
0.09163 0.90837
0.08935 0.91065
0.22631 0.77369
0.60294 0.39706
0.76476 0.23524
0.33322 0.66678
0.33322 0.66678
0.36066 0.63934
0.73007 0.26993
0.76027 0.23973
0.76027 0.23973
0.95926 0.04074
0.73007 0.26993
0.53645 0.46355
0.40461 0.59539
0.45747 0.54252
0.99400 0.00600
0.78059 0.21941
0.99922 0.00078
0.97017 0.02983
0.63904 0.36096
0.95860 0.04140
0.76777 0.23223
0.16411 0.83589
0.63862 0.36138
0.37808 0.62192
0.85486 0.14514
0.22052 0.77948
0.17465 0.82535
0.20916 0.79084
0.28570 0.71430
0.73410 0.26590
0.92331 0.07669
0.22167 0.77833
0.51932 0.48068
0.47612 0.52388
0.36262 0.63738
0.51932 0.48068
0.47612 0.52388
0.36262 0.63738
0.97781 0.02219
0.97204 0.02796
0.71679 0.28321
0.34787 0.65213
0.16930 0.83070
0.22902 0.77098
0.22902 0.77098
0.35181 0.64819
0.35181 0.64819
0.22902 0.77098
0.22902 0.77098
0.65962 0.34038
0.93209 0.06791
0.88506 0.11494
0.55151 0.44849
0.13923 0.86077
0.60876 0.39124
0.89648 0.10352
0.93032 0.06968
0.84140 0.15860
0.51051 0.48949
0.90055 0.09945
0.82225 0.17775
0.86609 0.13391
0.73423 0.26577
0.38590 0.61410
0.72385 0.27615
0.59184 0.40816
0.20946 0.79054
0.70636 0.29364
0.97454 0.02546
0.17427 0.82573
0.21149 0.78851
0.27726 0.72274
0.27726 0.72274
0.27726 0.72274
0.19355 0.80645
0.25347 0.74653
0.25347 0.74653
0.49787 0.50213
0.80620 0.19380
0.80232 0.19768
0.77211 0.22789
0.42092 0.57908
0.78962 0.21038
0.27868 0.72132
0.28723 0.71277
0.31742 0.68258
0.98749 0.01251
0.14034 0.85966
0.14122 0.85878
0.18602 0.81398
0.14541 0.85459
0.16625 0.83375
0.19213 0.80787
0.19841 0.80159
0.13750 0.86250
0.37712 0.62288
0.49101 0.50899
0.99259 0.00741
0.49101 0.50899
0.49101 0.50899
0.48532 0.51468
0.26707 0.73293
0.29849 0.70151
0.29849 0.70151
0.18439 0.81561
0.64814 0.35186
0.82029 0.17971
0.99811 0.00189
0.25708 0.74292
0.77245 0.22755
0.77603 0.22397
0.67778 0.32222
0.98674 0.01326
0.99734 0.00266
0.90471 0.09529
0.21508 0.78492
0.97235 0.02765
0.20759 0.79241
0.31251 0.68749
0.91925 0.08075
0.87983 0.12017
0.98634 0.01366
0.90843 0.09157
0.99493 0.00507
0.99493 0.00507
0.20845 0.79155
0.20845 0.79155
0.73421 0.26579
0.70436 0.29564
0.66819 0.33181
0.66819 0.33181
0.77927 0.22073
0.67932 0.32068
0.23136 0.76864
0.68538 0.31462
0.48315 0.51685
0.50270 0.49730
0.50270 0.49730
0.81762 0.18238
0.62805 0.37195
0.62805 0.37195
0.81762 0.18238
0.81762 0.18238
0.62805 0.37195
0.53020 0.46980
0.73937 0.26063
0.77519 0.22481
0.76008 0.23992
0.74416 0.25584
0.28451 0.71549
0.16257 0.83743
0.99947 0.00053
0.16257 0.83743
0.99947 0.00053
0.99913 0.00087
0.99913 0.00087
0.97870 0.02130
0.99517 0.00483
0.99996 0.00004
0.28539 0.71461
0.99959 0.00041
0.05632 0.94368
0.22716 0.77284
0.23743 0.76257
0.25255 0.74745
0.15495 0.84505
0.15495 0.84505
0.15734 0.84266
0.15734 0.84266
0.15899 0.84101
0.15899 0.84101
0.16276 0.83724
0.25044 0.74956
0.21440 0.78560
0.58578 0.41422
0.58498 0.41502
0.58578 0.41422
0.58498 0.41502
0.12079 0.87921
0.43624 0.56376
0.98115 0.01885
0.10423 0.89577
0.44357 0.55643
0.41901 0.58099
0.92050 0.07950
0.20117 0.79883
0.77201 0.22799
0.39075 0.60925
0.76587 0.23413
0.79686 0.20314
0.44484 0.55516
0.45174 0.54826
0.49814 0.50186
0.47377 0.52623
0.52059 0.47941
0.99732 0.00268
0.41186 0.58814
0.79686 0.20314
0.44484 0.55516
0.13957 0.86043
0.57824 0.42176
0.61992 0.38008
0.12059 0.87941
0.12059 0.87941
0.23296 0.76704
0.23296 0.76704
0.27717 0.72283
0.27717 0.72283
0.13321 0.86679
0.31850 0.68150
0.65877 0.34123
0.12273 0.87727
0.35171 0.64829
0.37762 0.62238
0.17972 0.82028
0.98117 0.01883
0.27554 0.72446
0.99548 0.00452
0.25419 0.74581
0.99962 0.00038
0.99952 0.00048
0.99069 0.00931
0.99981 0.00019
0.99999 0.00001
0.83532 0.16468
0.95481 0.04519
0.79667 0.20333
0.54168 0.45832
0.17565 0.82435
0.18623 0.81377
0.98740 0.01260
0.34356 0.65644
0.37052 0.62948
0.33628 0.66372
0.36448 0.63552
0.39282 0.60718
0.35768 0.64232
0.84250 0.15750
0.92708 0.07292
0.96507 0.03493
0.78840 0.21160
0.87809 0.12191
0.86474 0.13526
0.87180 0.12820
0.87180 0.12820
0.87204 0.12796
0.87180 0.12820
0.94621 0.05379
0.94237 0.05763
0.94035 0.05965
0.93890 0.06110
0.99979 0.00021
0.57199 0.42801
0.55922 0.44078
0.54247 0.45753
0.99667 0.00333
0.52924 0.47076
0.99667 0.00333
0.57659 0.42341
0.57233 0.42767
0.56024 0.43976
0.90367 0.09633
0.99979 0.00021
0.99979 0.00021
0.25799 0.74201
0.25799 0.74201
0.73365 0.26635
0.73365 0.26635
0.75654 0.24346
0.75654 0.24346
0.31195 0.68805
0.31195 0.68805
0.97367 0.02633
0.97367 0.02633
0.24550 0.75450
0.24550 0.75450
0.61348 0.38652
0.61348 0.38652
0.57516 0.42484
0.57516 0.42484
0.31287 0.68713
0.31287 0.68713
0.84290 0.15710
0.84354 0.15646
0.99801 0.00199
0.99801 0.00199
0.49874 0.50126
0.47477 0.52523
0.41965 0.58035
0.41965 0.58035
0.95368 0.04632
0.47896 0.52104
0.49979 0.50021
0.99950 0.00050
0.98897 0.01103
0.93773 0.06227
0.97664 0.02336
0.98582 0.01418
0.99488 0.00512
0.30829 0.69171
0.27497 0.72503
0.33746 0.66254
0.99787 0.00213
0.97494 0.02506
0.98739 0.01261
0.92355 0.07645
0.14360 0.85640
0.99725 0.00275
0.18444 0.81556
0.90085 0.09915
0.99632 0.00368
0.96032 0.03968
0.99980 0.00020
0.99929 0.00071
0.99938 0.00062
0.99975 0.00025
0.99932 0.00068
0.32525 0.67475
0.42406 0.57594
0.31789 0.68211
0.36156 0.63844
0.46307 0.53693
0.35312 0.64688
0.99938 0.00062
0.99975 0.00025
0.99932 0.00068
0.41051 0.58949
0.40294 0.59706
0.57023 0.42977
0.58185 0.41815
0.29099 0.70901
0.80364 0.19636
0.81854 0.18146
0.66131 0.33869
0.31386 0.68614
0.32320 0.67680
0.30599 0.69401
0.96366 0.03634
0.97205 0.02795
0.99306 0.00694
0.65795 0.34205
0.98643 0.01357
0.27157 0.72843
0.56863 0.43137
0.48462 0.51538
0.21085 0.78915
0.05908 0.94092
0.87243 0.12757
0.29743 0.70257
0.90175 0.09825
0.33892 0.66108
0.90665 0.09335
0.93818 0.06182
0.87948 0.12052
0.91579 0.08421
0.86354 0.13646
0.28528 0.71472
0.40802 0.59198
0.95572 0.04428
0.72204 0.27796
0.63437 0.36563
0.47025 0.52975
0.51098 0.48902
0.68714 0.31286
0.60766 0.39234
0.15632 0.84368
0.49461 0.50539
0.97041 0.02959
0.93406 0.06594
0.90783 0.09217
0.82704 0.17296
0.61561 0.38439
0.61561 0.38439
0.47420 0.52580
0.47420 0.52580
0.48388 0.51612
0.54092 0.45908
0.97954 0.02046
0.98085 0.01915
0.99421 0.00579
0.97454 0.02546
0.38489 0.61511
0.37281 0.62719
0.98254 0.01746
0.91734 0.08266
0.92745 0.07255
0.88995 0.11005
0.20140 0.79860
0.85220 0.14780
0.88708 0.11292
0.83632 0.16368
0.35163 0.64837
0.66388 0.33612
0.99643 0.00357
0.15278 0.84722
0.63103 0.36897
0.92696 0.07304
0.92664 0.07336
0.99955 0.00045
0.23727 0.76273
0.71735 0.28265
0.23408 0.76592
0.79594 0.20406
0.78568 0.21432
0.24992 0.75008
0.35803 0.64197
0.62475 0.37525
0.98002 0.01998
0.70062 0.29938
0.82990 0.17010
0.04107 0.95893
0.75925 0.24075
0.30921 0.69079
0.28757 0.71243
0.30921 0.69079
0.28757 0.71243
0.25014 0.74986
0.24517 0.75483
0.99248 0.00752
0.27967 0.72033
0.29259 0.70741
0.58523 0.41477
0.14412 0.85588
0.83942 0.16058
0.31750 0.68250
0.81311 0.18689
0.13838 0.86162
0.46215 0.53785
0.26858 0.73142
0.26858 0.73142
0.46215 0.53785
0.26858 0.73142
0.21060 0.78940
0.18449 0.81551
0.31423 0.68577
0.66532 0.33468
0.75014 0.24987
0.61298 0.38702
0.94023 0.05977
0.91203 0.08797
0.54543 0.45457
0.91282 0.08718
0.80473 0.19527
0.47290 0.52710
0.46360 0.53640
0.19800 0.80200
0.19681 0.80319
0.57775 0.42225
0.55422 0.44578
0.14412 0.85588
0.13946 0.86054
0.81256 0.18744
0.36105 0.63895
0.87956 0.12044
0.87460 0.12540
0.84791 0.15209
0.44308 0.55692
0.50684 0.49316
0.16411 0.83589
0.36473 0.63527
0.23086 0.76914
0.47048 0.52952
0.30229 0.69771
0.30229 0.69771
0.34832 0.65168
0.34832 0.65168
0.32849 0.67151
0.32849 0.67151
0.35404 0.64596
0.32431 0.67569
0.35404 0.64596
0.34441 0.65559
0.32431 0.67569
0.31711 0.68289
0.31711 0.68289
0.39482 0.60518
0.40837 0.59163
0.47036 0.52964
0.43668 0.56332
0.93941 0.06059
0.92402 0.07598
0.37953 0.62047
0.34817 0.65183
0.79174 0.20826
0.99925 0.00075
0.27179 0.72821
0.20851 0.79149
0.96668 0.03332
0.88294 0.11706
0.28129 0.71871
0.89222 0.10778
0.28129 0.71871
0.89222 0.10778
0.99985 0.00015
0.14164 0.85836
0.15954 0.84046
0.13564 0.86436
0.36749 0.63251
0.34764 0.65236
0.99972 0.00028
0.98326 0.01674
0.78631 0.21369
0.40485 0.59515
0.20663 0.79337
0.24472 0.75528
0.26790 0.73210
0.66136 0.33864
0.28891 0.71109
0.94500 0.05500
0.96251 0.03749
0.92404 0.07596
0.21624 0.78376
0.37080 0.62920
0.26739 0.73261
0.94170 0.05830
0.25327 0.74673
0.98716 0.01284
0.17429 0.82571
0.19122 0.80878
0.18616 0.81384
0.86575 0.13425
0.20312 0.79688
0.21285 0.78715
0.91154 0.08846
0.89091 0.10909
0.93266 0.06734
0.91705 0.08295
0.20252 0.79748
0.23578 0.76422
0.81826 0.18174
0.30165 0.69835
0.31117 0.68883
0.48445 0.51555
0.49534 0.50466
0.07052 0.92948
0.86778 0.13222
0.20550 0.79450
0.95042 0.04958
0.22072 0.77928
0.21990 0.78010
0.21479 0.78521
0.22592 0.77408
0.21941 0.78059
0.24192 0.75808
0.93779 0.06221
0.22535 0.77465
0.99006 0.00994
0.98524 0.01476
0.05255 0.94745
0.39893 0.60107
0.13512 0.86488
0.69644 0.30356
0.24553 0.75447
0.72886 0.27114
0.81003 0.18997
0.84841 0.15159
0.16619 0.83381
0.71531 0.28469
0.88505 0.11495
0.99933 0.00067
0.88505 0.11495
0.99933 0.00067
0.99477 0.00523
0.48417 0.51583
0.96583 0.03417
0.96583 0.03417
0.78308 0.21692
0.34733 0.65267
0.17151 0.82849
0.35149 0.64851
0.15294 0.84706
0.42610 0.57390
0.97884 0.02116
0.99469 0.00531
0.99053 0.00947
0.71109 0.28891
0.99026 0.00974
0.97587 0.02413
0.47191 0.52809
0.22712 0.77288
0.84700 0.15300
0.77907 0.22093
0.99987 0.00013
0.26542 0.73458
0.28637 0.71363
0.50566 0.49434
0.33297 0.66703
0.27842 0.72158
0.50619 0.49381
0.76558 0.23442
0.67197 0.32803
0.61262 0.38738
0.16043 0.83957
0.48653 0.51347
0.75163 0.24837
0.11281 0.88719
0.82598 0.17402
0.91691 0.08309
0.28134 0.71866
0.41526 0.58474
0.79877 0.20123
0.95813 0.04187
0.30710 0.69290
0.89450 0.10550
0.99992 0.00008
0.99968 0.00032
0.99984 0.00016
0.40988 0.59012
0.99988 0.00012
0.99955 0.00045
0.99991 0.00009
0.41281 0.58719
0.99987 0.00013
0.99949 0.00051
0.99978 0.00022
0.37045 0.62955
0.49184 0.50816
0.99905 0.00095
0.90266 0.09734
0.37608 0.62392
0.41986 0.58014
0.98384 0.01616
0.91772 0.08228
0.48408 0.51592
0.75195 0.24805
0.29259 0.70741
0.98758 0.01242
0.91171 0.08829
0.70039 0.29961
0.73397 0.26603
0.79971 0.20029
0.94863 0.05137
0.59392 0.40608
0.30950 0.69050
0.83914 0.16086
0.86899 0.13101
0.86280 0.13720
0.60880 0.39120
0.25895 0.74105
0.99446 0.00554
0.07323 0.92677
0.21976 0.78024
0.23692 0.76308
0.13569 0.86431
0.53561 0.46439
0.51798 0.48202
0.53561 0.46439
0.53561 0.46439
0.63924 0.36076
0.10533 0.89467
0.10592 0.89408
0.70013 0.29987
0.98177 0.01823
0.99608 0.00392
0.98177 0.01823
0.99608 0.00392
0.31252 0.68748
0.36270 0.63730
0.98563 0.01437
0.32091 0.67909
0.25279 0.74721
0.51972 0.48028
0.12672 0.87328
0.82320 0.17680
0.26959 0.73041
0.42926 0.57074
0.08540 0.91460
0.36031 0.63969
0.37292 0.62708
0.36031 0.63969
0.29504 0.70496
0.44335 0.55665
0.72496 0.27504
0.56408 0.43592
0.91185 0.08815
0.49594 0.50406
0.87796 0.12204
0.99900 0.00100
0.98018 0.01982
0.98459 0.01541
0.48605 0.51395
0.99860 0.00140
0.41943 0.58057
0.59312 0.40688
0.99590 0.00410
0.51896 0.48104
0.99974 0.00026
0.99475 0.00525
0.99981 0.00019
0.03088 0.96912
0.67555 0.32445
0.89218 0.10782
0.09262 0.90738
0.63947 0.36053
0.99612 0.00388
0.79827 0.20173
0.37034 0.62966
0.99681 0.00319
0.52003 0.47997
0.38090 0.61910
0.99731 0.00269
0.53386 0.46614
0.96375 0.03625
0.83073 0.16927
0.99466 0.00534
0.77732 0.22268
0.78920 0.21080
0.99997 0.00003
0.87542 0.12458
0.99998 0.00002
0.31623 0.68377
0.47440 0.52560
0.98626 0.01374
0.94325 0.05675
0.98626 0.01374
0.94325 0.05675
0.98188 0.01812
0.98672 0.01328
0.69884 0.30116
0.99756 0.00244
0.78926 0.21074
0.99844 0.00156
0.78926 0.21074
0.99844 0.00156
0.38168 0.61832
0.56706 0.43294
0.99913 0.00087
0.99022 0.00978
0.13765 0.86235
0.35206 0.64794
0.14890 0.85110
0.39779 0.60221
0.99664 0.00336
0.10554 0.89446
0.12519 0.87481
0.98107 0.01893
0.18399 0.81601
0.10189 0.89811
0.68696 0.31304
0.20812 0.79188
0.75688 0.24312
0.87238 0.12762
0.74621 0.25379
0.76640 0.23360
0.98956 0.01044
0.99098 0.00902
0.96613 0.03387
0.80110 0.19890
0.14698 0.85302
0.05647 0.94353
0.15074 0.84926
0.12041 0.87959
0.17253 0.82747
0.69487 0.30513
0.17253 0.82747
0.69487 0.30513
0.20566 0.79434
0.16784 0.83216
0.21072 0.78928
0.11929 0.88071
0.99984 0.00016
0.76166 0.23834
0.77347 0.22653
0.92649 0.07351
0.68816 0.31184
0.99954 0.00046
0.55377 0.44623
0.66168 0.33832
0.69926 0.30074
0.56867 0.43133
0.56664 0.43336
0.92649 0.07351
0.68816 0.31184
0.99954 0.00046
0.55377 0.44623
0.64679 0.35321
0.72045 0.27955
0.56867 0.43133
0.56664 0.43336
0.54493 0.45507
0.29797 0.70203
0.99591 0.00409
0.18331 0.81669
0.90354 0.09646
0.15924 0.84076
0.74542 0.25458
0.53721 0.46279
0.53721 0.46279
0.21455 0.78545
0.23134 0.76866
0.92047 0.07953
0.25048 0.74952
0.36100 0.63900
0.29614 0.70386
0.36501 0.63499
0.53755 0.46245
0.18875 0.81125
0.23712 0.76289
0.89739 0.10261
0.25171 0.74829
0.30663 0.69337
0.36224 0.63776
0.73049 0.26951
0.19047 0.80953
0.88858 0.11142
0.18413 0.81587
0.27323 0.72677
0.61901 0.38099
0.70473 0.29527
0.27160 0.72840
0.65491 0.34509
0.58113 0.41886
0.67777 0.32223
0.27990 0.72010
0.48466 0.51534
0.55371 0.44629
0.55371 0.44629
0.83567 0.16433
0.55371 0.44629
0.50114 0.49886
0.55491 0.44509
0.55491 0.44509
0.83456 0.16544
0.55491 0.44509
0.48242 0.51758
0.55170 0.44830
0.55170 0.44830
0.83011 0.16989
0.55170 0.44830
0.50609 0.49391
0.50609 0.49391
0.80944 0.19056
0.52633 0.47367
0.29868 0.70132
0.99057 0.00943
0.24756 0.75244
0.19357 0.80643
0.39464 0.60536
0.99600 0.00400
0.42771 0.57229
0.98318 0.01682
0.98891 0.01109
0.96270 0.03730
0.83925 0.16075
0.97761 0.02239
0.96793 0.03207
0.80980 0.19020
0.80980 0.19020
0.80980 0.19020
0.80980 0.19020
0.62528 0.37472
0.62528 0.37472
0.83766 0.16234
0.62528 0.37472
0.62528 0.37472
0.83766 0.16234
0.80643 0.19357
0.73547 0.26453
0.58924 0.41076
0.80643 0.19357
0.73547 0.26453
0.58924 0.41076
0.81707 0.18293
0.12954 0.87046
0.31651 0.68349
0.95753 0.04247
0.99140 0.00860
0.99623 0.00377
0.11468 0.88532
0.08270 0.91730
0.27662 0.72338
0.27662 0.72338
0.48509 0.51491
0.34499 0.65501
0.99331 0.00669
0.98595 0.01405
0.42953 0.57047
0.53798 0.46202
0.44280 0.55720
0.53798 0.46202
0.18157 0.81843
0.88542 0.11458
0.99576 0.00424
0.36106 0.63894
0.09022 0.90978
0.10458 0.89542
0.27386 0.72614
0.31856 0.68144
0.20447 0.79553
0.17014 0.82986
0.33504 0.66496
0.27118 0.72882
0.56300 0.43700
0.47655 0.52345
0.56111 0.43889
0.99834 0.00166
0.29736 0.70264
0.22084 0.77916
0.93478 0.06522
0.94379 0.05621
0.79450 0.20550
0.84156 0.15844
0.89588 0.10412
0.39066 0.60934
0.98277 0.01723
0.99114 0.00886
0.99555 0.00445
0.99789 0.00211
0.34811 0.65189
0.97735 0.02265
0.99990 0.00010
0.99993 0.00007
0.89405 0.10595
0.13238 0.86762
0.97230 0.02770
0.97230 0.02770
0.16026 0.83974
0.16026 0.83974
0.97602 0.02398
0.97545 0.02455
0.83671 0.16329
0.24836 0.75164
0.32229 0.67771
0.88772 0.11228
0.68534 0.31466
0.15835 0.84165
0.40041 0.59959
0.79568 0.20432
0.32889 0.67111
0.36457 0.63543
0.23533 0.76467
0.10742 0.89258
0.12969 0.87031
0.11669 0.88331
0.92683 0.07317
0.59080 0.40920
0.80214 0.19786
0.20962 0.79038
0.41993 0.58007
0.95631 0.04369
0.98808 0.01192
0.98808 0.01192
0.89828 0.10172
0.89393 0.10607
0.80755 0.19245
0.98589 0.01411
0.98248 0.01752
0.97620 0.02380
0.97515 0.02485
0.69216 0.30784
0.99888 0.00112
0.68128 0.31872
0.18107 0.81893
0.76059 0.23941
0.65877 0.34123
0.29607 0.70393
0.29607 0.70393
0.34314 0.65686
0.34314 0.65686
0.16766 0.83234
0.06050 0.93950
0.18189 0.81811
0.85434 0.14566
0.66341 0.33659
0.20056 0.79944
0.20056 0.79944
0.06242 0.93758
0.20640 0.79360
0.83665 0.16335
0.25455 0.74545
0.38649 0.61351
0.31811 0.68189
0.16725 0.83275
0.27994 0.72006
0.35800 0.64200
0.24801 0.75199
0.35800 0.64200
0.24801 0.75199
0.74201 0.25799
0.74663 0.25337
0.52814 0.47186
0.52814 0.47186
0.74183 0.25817
0.52814 0.47186
0.67557 0.32443
0.45570 0.54430
0.68465 0.31535
0.49477 0.50523
0.10693 0.89307
0.31660 0.68340
0.18453 0.81547
0.06881 0.93119
0.95367 0.04633
0.31954 0.68046
0.91065 0.08935
0.17229 0.82771
0.75420 0.24580
0.78324 0.21676
0.12919 0.87081
0.99113 0.00887
0.41504 0.58496
0.99093 0.00907
0.42413 0.57587
0.87460 0.12540
0.97526 0.02474
0.91488 0.08512
0.61325 0.38675
0.42411 0.57589
0.27858 0.72142
0.39461 0.60539
0.39461 0.60539
0.76943 0.23057
0.58810 0.41190
0.50523 0.49477
0.99459 0.00541
0.13449 0.86551
0.99888 0.00112
0.20367 0.79633
0.22211 0.77789
0.98011 0.01989
0.31786 0.68214
0.24709 0.75291
0.13141 0.86860
0.29093 0.70907
0.28784 0.71216
0.30004 0.69996
0.29659 0.70341
0.22584 0.77416
0.99972 0.00028
0.99625 0.00375
0.99741 0.00259
0.44711 0.55289
0.39384 0.60616
0.45278 0.54722
0.88516 0.11484
0.07353 0.92647
0.99083 0.00917
0.82717 0.17283
0.94929 0.05071
0.91446 0.08554
0.42144 0.57856
0.87398 0.12602
0.94047 0.05953
0.93972 0.06028
0.91009 0.08991
0.96771 0.03229
0.96127 0.03873
0.94888 0.05112
0.22664 0.77336
0.20797 0.79203
0.29323 0.70677
0.41590 0.58410
0.96196 0.03804
0.59326 0.40674
0.59999 0.40001
0.52131 0.47869
0.99602 0.00398
0.52063 0.47937
0.18982 0.81018
0.48278 0.51722
0.56344 0.43656
0.60027 0.39973
0.18403 0.81597
0.16250 0.83750
0.16326 0.83674
0.13467 0.86533
0.13108 0.86892
0.20601 0.79399
0.17852 0.82148
0.17852 0.82148
0.17852 0.82148
0.16581 0.83419
0.19561 0.80439
0.23177 0.76823
0.22348 0.77652
0.94358 0.05642
0.12453 0.87547
0.81784 0.18216
0.99053 0.00947
0.99618 0.00382
0.36901 0.63099
0.17771 0.82229
0.24852 0.75148
0.33554 0.66446
0.51523 0.48477
0.15836 0.84164
0.25636 0.74364
0.20284 0.79716
0.19773 0.80227
0.23446 0.76554
0.30521 0.69479
0.96634 0.03366
0.29430 0.70570
0.29430 0.70570
0.29430 0.70570
0.30516 0.69484
0.97320 0.02680
0.98722 0.01278
0.98654 0.01346
0.98743 0.01257
0.38632 0.61368
0.96492 0.03508
0.39681 0.60319
0.34005 0.65995
0.97795 0.02205
0.99526 0.00474
0.97146 0.02854
0.95809 0.04191
0.29320 0.70680
0.24687 0.75313
0.09274 0.90726
0.31229 0.68771
0.28067 0.71933
0.63429 0.36571
0.86386 0.13614
0.79139 0.20861
0.39639 0.60361
0.88733 0.11267
0.43989 0.56011
0.47448 0.52552
0.35426 0.64574
0.76369 0.23631
0.76414 0.23586
0.36567 0.63433
0.64910 0.35090
0.19347 0.80653
0.52877 0.47123
0.46629 0.53371
0.46724 0.53276
0.99866 0.00134
0.99898 0.00102
0.99942 0.00058
0.99852 0.00148
0.73843 0.26157
0.99855 0.00145
0.99889 0.00111
0.99937 0.00063
0.99840 0.00160
0.72482 0.27518
0.99988 0.00012
0.21868 0.78132
0.99989 0.00011
0.22678 0.77322
0.12221 0.87779
0.13034 0.86966
0.88019 0.11981
0.34795 0.65205
0.29569 0.70431
0.22969 0.77031
0.24986 0.75014
0.29823 0.70177
0.22906 0.77094
0.21148 0.78852
0.21549 0.78451
0.31910 0.68090
0.31683 0.68317
0.99989 0.00011
0.99961 0.00039
0.86657 0.13343
0.99992 0.00008
0.99918 0.00082
0.69371 0.30629
0.16652 0.83348
0.14054 0.85946
0.13635 0.86365
0.28387 0.71613
0.23637 0.76363
0.23668 0.76332
0.19493 0.80507
0.22900 0.77100
0.18827 0.81173
0.99544 0.00456
0.42127 0.57873
0.58258 0.41742
0.35850 0.64150
0.99950 0.00050
0.34922 0.65078
0.58258 0.41742
0.35850 0.64150
0.99950 0.00050
0.34922 0.65078
0.99544 0.00456
0.42127 0.57873
0.90052 0.09948
0.93832 0.06168
0.91559 0.08441
0.53426 0.46574
0.51277 0.48723
0.31641 0.68359
0.31558 0.68442
0.99998 0.00002
0.99733 0.00267
0.85189 0.14811
0.99209 0.00791
0.33487 0.66513
0.99852 0.00148
0.75724 0.24276
0.77552 0.22448
0.77561 0.22439
0.85539 0.14461
0.71300 0.28700
0.68987 0.31013
0.71300 0.28700
0.66883 0.33117
0.95075 0.04925
0.86299 0.13701
0.98970 0.01030
0.71844 0.28156
0.77586 0.22414
0.77586 0.22414
0.35208 0.64792
0.28550 0.71450
0.42257 0.57743
0.39957 0.60043
0.70232 0.29768
0.32672 0.67328
0.61554 0.38446
0.79714 0.20286
0.79714 0.20286
0.75081 0.24919
0.75081 0.24919
0.59778 0.40222
0.86741 0.13259
0.51171 0.48829
0.80310 0.19690
0.81789 0.18211
0.96815 0.03185
0.96702 0.03298
0.72097 0.27903
0.33040 0.66960
0.68768 0.31232
0.69381 0.30619
0.72450 0.27550
0.88047 0.11953
0.87984 0.12016
0.70652 0.29348
0.72930 0.27070
0.72828 0.27172
0.99959 0.00041
0.99916 0.00084
0.67992 0.32008
0.24813 0.75187
0.58326 0.41674
0.20909 0.79091
0.10819 0.89181
0.44086 0.55914
0.79124 0.20876
0.22827 0.77173
0.37148 0.62852
0.38498 0.61502
0.83404 0.16596
0.39744 0.60256
0.88396 0.11604
0.93640 0.06360
0.87111 0.12889
0.50313 0.49687
0.90298 0.09702
0.51986 0.48014
0.24935 0.75065
0.96012 0.03988
0.98039 0.01961
0.98876 0.01124
0.31447 0.68553
0.35850 0.64150
0.98771 0.01229
0.74648 0.25352
0.82008 0.17992
0.99024 0.00976
0.18127 0.81873
0.19789 0.80211
0.95704 0.04296
0.61520 0.38480
0.70642 0.29358
0.96539 0.03461
0.87627 0.12373
0.93388 0.06612
0.95368 0.04632
0.94081 0.05919
0.97276 0.02724
0.98289 0.01711
0.34226 0.65774
0.40856 0.59144
0.98001 0.01999
0.77270 0.22730
0.84944 0.15056
0.98468 0.01532
0.72214 0.27786
0.25634 0.74366
0.65707 0.34293
0.77062 0.22938
0.24678 0.75322
0.70861 0.29139
0.81381 0.18619
0.39599 0.60401
0.85936 0.14064
0.78352 0.21648
0.83970 0.16030
0.21110 0.78890
0.13903 0.86097
0.14930 0.85070
0.15081 0.84919
0.61180 0.38820
0.63835 0.36165
0.89339 0.10661
0.52501 0.47499
0.56145 0.43855
0.09392 0.90608
0.09987 0.90013
0.52260 0.47740
0.48792 0.51208
0.55296 0.44704
0.97311 0.02689
0.97311 0.02689
0.68548 0.31452
0.68548 0.31452
0.35329 0.64671
0.35329 0.64671
0.58207 0.41793
0.75573 0.24427
0.13128 0.86872
0.13430 0.86570
0.94384 0.05616
0.92404 0.07596
0.93711 0.06289
0.49013 0.50987
0.89331 0.10669
0.99732 0.00268
0.13646 0.86354
0.99995 0.00005
0.27205 0.72795
0.47183 0.52817
0.47183 0.52817
0.91056 0.08944
0.38547 0.61453
0.90341 0.09659
0.99991 0.00009
0.99994 0.00006
0.38411 0.61589
0.99986 0.00014
0.49807 0.50193
0.83241 0.16759
0.46514 0.53486
0.84292 0.15708
0.95598 0.04402
0.76276 0.23724
0.85404 0.14596
0.53075 0.46925
0.16197 0.83803
0.49003 0.50997
0.56622 0.43378
0.19118 0.80882
0.16750 0.83250
0.16750 0.83250
0.99839 0.00161
0.22544 0.77456
0.64772 0.35228
0.16070 0.83930
0.19851 0.80149
0.77684 0.22316
0.99916 0.00084
0.77684 0.22316
0.77684 0.22316
0.68905 0.31095
0.42697 0.57303
0.50755 0.49245
0.09172 0.90828
0.18452 0.81548
0.73099 0.26901
0.70835 0.29165
0.81899 0.18101
0.94798 0.05202
0.99788 0.00212
0.10464 0.89536
0.86555 0.13445
0.18097 0.81903
0.19553 0.80447
0.80800 0.19200
0.97471 0.02529
0.13737 0.86263
0.13748 0.86252
0.14011 0.85989
0.63285 0.36715
0.14197 0.85803
0.88793 0.11207
0.37701 0.62299
0.06942 0.93058
0.64550 0.35450
0.19304 0.80696
0.66785 0.33215
0.65223 0.34777
0.14115 0.85885
0.32035 0.67965
0.18527 0.81473
0.99965 0.00035
0.22528 0.77472
0.99540 0.00460
0.81640 0.18360
0.81640 0.18360
0.97911 0.02089
0.98168 0.01832
0.28822 0.71178
0.25170 0.74830
0.21568 0.78432
0.24925 0.75075
0.25114 0.74886
0.22678 0.77322
0.55071 0.44929
0.52450 0.47550
0.56026 0.43974
0.11257 0.88743
0.08326 0.91674
0.21165 0.78835
0.27068 0.72932
0.99996 0.00004
0.99395 0.00605
0.74041 0.25959
0.74041 0.25959
0.18010 0.81990
0.23935 0.76065
0.93061 0.06939
0.20128 0.79872
0.68647 0.31353
0.31256 0.68744
0.65373 0.34627
0.49166 0.50834
0.76023 0.23977
0.99325 0.00675
0.93502 0.06498
0.35535 0.64465
0.57903 0.42097
0.25272 0.74728
0.90152 0.09848
0.29718 0.70282
0.20598 0.79402
0.38936 0.61064
0.79163 0.20837
0.12591 0.87409
0.17461 0.82539
0.71553 0.28447
0.17449 0.82551
0.11917 0.88083
0.71566 0.28434
0.25547 0.74453
0.28057 0.71943
0.67330 0.32670
0.28865 0.71135
0.24534 0.75466
0.86359 0.13641
0.42522 0.57478
0.45048 0.54952
0.82638 0.17362
0.47497 0.52503
0.41297 0.58703
0.37867 0.62133
0.41539 0.58461
0.40245 0.59755
0.38956 0.61044
0.37867 0.62133
0.66402 0.33598
0.21621 0.78379
0.22581 0.77419
0.62184 0.37816
0.22304 0.77696
0.20682 0.79318
0.16050 0.83950
0.16443 0.83557
0.85954 0.14046
0.96008 0.03992
0.26125 0.73875
0.53861 0.46139
0.53861 0.46139
0.53861 0.46139
0.53861 0.46139
0.33380 0.66620
0.49970 0.50030
0.26496 0.73504
0.78946 0.21054
0.58957 0.41043
0.58957 0.41043
0.80781 0.19219
0.74053 0.25947
0.74053 0.25947
0.68184 0.31816
0.68184 0.31816
0.72096 0.27904
0.58768 0.41232
0.64474 0.35526
0.68998 0.31002
0.13691 0.86309
0.14351 0.85649
0.14455 0.85545
0.14471 0.85529
0.14514 0.85486
0.14206 0.85794
0.77112 0.22888
0.33411 0.66589
0.16475 0.83525
0.63869 0.36131
0.16184 0.83816
0.63869 0.36131
0.31106 0.68894
0.76054 0.23946
0.25935 0.74065
0.81589 0.18411
0.81299 0.18701
0.95896 0.04104
0.95853 0.04147
0.36179 0.63821
0.35096 0.64904
0.36179 0.63821
0.35096 0.64904
0.81660 0.18340
0.24560 0.75440
0.20810 0.79190
0.92538 0.07462
0.77625 0.22375
0.92538 0.07462
0.93451 0.06549
0.37267 0.62733
0.34136 0.65864
0.34136 0.65864
0.86421 0.13579
0.40260 0.59740
0.40596 0.59404
0.34403 0.65597
0.31511 0.68489
0.78632 0.21368
0.76331 0.23669
0.77713 0.22287
0.39985 0.60015
0.56963 0.43037
0.37494 0.62506
0.37626 0.62374
0.90368 0.09632
0.89881 0.10119
0.86667 0.13333
0.86152 0.13848
0.75058 0.24942
0.75058 0.24942
0.41231 0.58769
0.41231 0.58769
0.80216 0.19784
0.80216 0.19784
0.72550 0.27450
0.72550 0.27450
0.86259 0.13741
0.95946 0.04054
0.75430 0.24570
0.05053 0.94947
0.70345 0.29655
0.53248 0.46752
0.14063 0.85937
0.64547 0.35453
0.67147 0.32853
0.42556 0.57444
0.57582 0.42418
0.71991 0.28009
0.31789 0.68211
0.22597 0.77403
0.24065 0.75935
0.51098 0.48902
0.87530 0.12470
0.37801 0.62199
0.51813 0.48187
0.52904 0.47096
0.68925 0.31075
0.59376 0.40624
0.68470 0.31530
0.32632 0.67368
0.98478 0.01522
0.27146 0.72854
0.54911 0.45089
0.54911 0.45089
0.50607 0.49393
0.59480 0.40520
0.39826 0.60174
0.70742 0.29258
0.66530 0.33470
0.99932 0.00068
0.99835 0.00165
0.26422 0.73578
0.73455 0.26545
0.99970 0.00030
0.89785 0.10215
0.87611 0.12389
0.69966 0.30034
0.99481 0.00519
0.18511 0.81489
0.71923 0.28077
0.13592 0.86408
0.09670 0.90330
0.13410 0.86590
0.91130 0.08870
0.13430 0.86570
0.42695 0.57305
0.93330 0.06670
0.32849 0.67151
0.31455 0.68545
0.38489 0.61511
0.95275 0.04725
0.71453 0.28547
0.95209 0.04791
0.63034 0.36966
0.70263 0.29737
0.70263 0.29737
0.17050 0.82950
0.51436 0.48564
0.14656 0.85344
0.92898 0.07102
0.59659 0.40341
0.21952 0.78048
0.98978 0.01022
0.62280 0.37720
0.46835 0.53165
0.62886 0.37114
0.12129 0.87871
0.99953 0.00047
0.85672 0.14328
0.85672 0.14328
0.98420 0.01580
0.42898 0.57102
0.51347 0.48653
0.84878 0.15122
0.77467 0.22533
0.99874 0.00126
0.18208 0.81792
0.84396 0.15604
0.41783 0.58217
0.27259 0.72741
0.28856 0.71144
0.39306 0.60694
0.41268 0.58732
0.67018 0.32982
0.69012 0.30988
0.40739 0.59261
0.39637 0.60363
0.43906 0.56094
0.46628 0.53372
0.45704 0.54296
0.35431 0.64569
0.27457 0.72543
0.59333 0.40667
0.59333 0.40667
0.61730 0.38270
0.61730 0.38270
0.87172 0.12828
0.87975 0.12025
0.86478 0.13522
0.85507 0.14493
0.74120 0.25880
0.79705 0.20295
0.90458 0.09542
0.80011 0.19989
0.83312 0.16688
0.79432 0.20568
0.72644 0.27356
0.86963 0.13037
0.91827 0.08173
0.08216 0.91784
0.88786 0.11214
0.91176 0.08824
0.94042 0.05958
0.22266 0.77734
0.74849 0.25151
0.22266 0.77734
0.74849 0.25151
0.97971 0.02029
0.19068 0.80932
0.97971 0.02029
0.99195 0.00805
0.99927 0.00073
0.99195 0.00805
0.20102 0.79898
0.96210 0.03790
0.19521 0.80479
0.99529 0.00471
0.45185 0.54815
0.45956 0.54044
0.14344 0.85656
0.51129 0.48871
0.51129 0.48871
0.21183 0.78817
0.22891 0.77109
0.58937 0.41063
0.24792 0.75208
0.17402 0.82598
0.17402 0.82598
0.12522 0.87478
0.28633 0.71367
0.94292 0.05708
0.10021 0.89979
0.82191 0.17809
0.91534 0.08466
0.27168 0.72832
0.84042 0.15958
0.69259 0.30741
0.22067 0.77933
0.76262 0.23738
0.63004 0.36996
0.17432 0.82568
0.71104 0.28896
0.25764 0.74236
0.82188 0.17812
0.66040 0.33960
0.99991 0.00009
0.82625 0.17375
0.52301 0.47699
0.52301 0.47699
0.83898 0.16101
0.76883 0.23117
0.61094 0.38906
0.33878 0.66122
0.39470 0.60530
0.50481 0.49519
0.38212 0.61788
0.52860 0.47140
0.54909 0.45091
0.39933 0.60067
0.93849 0.06151
0.52375 0.47625
0.65232 0.34768
0.39922 0.60078
0.98091 0.01909
0.85916 0.14084
0.39362 0.60638
0.22186 0.77814
0.22186 0.77814
0.51550 0.48450
0.50697 0.49303
0.51611 0.48389
0.51267 0.48733
0.41425 0.58575
0.99026 0.00974
0.37322 0.62678
0.85535 0.14465
0.44058 0.55942
0.92246 0.07754
0.37888 0.62112
0.37454 0.62546
0.91820 0.08180
0.35906 0.64094
0.35529 0.64471
0.15184 0.84816
0.15184 0.84816
0.25701 0.74299
0.20225 0.79775
0.27196 0.72804
0.21061 0.78939
0.27171 0.72829
0.24852 0.75148
0.52296 0.47704
0.82239 0.17761
0.08995 0.91005
0.23575 0.76425
0.72165 0.27835
0.45624 0.54376
0.14642 0.85358
0.28315 0.71685
0.53348 0.46652
0.98550 0.01450
0.21559 0.78441
0.17246 0.82754
0.89005 0.10995
0.87226 0.12774
0.87226 0.12774
0.87226 0.12774
0.87226 0.12774
0.71887 0.28113
0.13647 0.86353
0.16528 0.83472
0.25856 0.74144
0.95165 0.04835
0.35199 0.64801
0.28152 0.71848
0.99709 0.00291
0.99080 0.00920
0.26257 0.73743
0.27875 0.72125
0.37793 0.62207
0.18685 0.81315
0.21734 0.78266
0.25380 0.74620
0.21533 0.78467
0.19722 0.80278
0.15040 0.84960
0.14927 0.85073
0.14451 0.85549
0.14451 0.85549
0.14927 0.85073
0.14451 0.85549
0.69733 0.30267
0.79450 0.20550
0.79450 0.20550
0.29106 0.70894
0.36855 0.63145
0.69130 0.30870
0.69636 0.30364
0.77427 0.22573
0.67679 0.32321
0.73580 0.26420
0.79418 0.20582
0.57667 0.42333
0.93843 0.06157
0.97582 0.02418
0.99029 0.00971
0.98463 0.01537
0.82921 0.17079
0.91661 0.08339
0.87707 0.12293
0.33109 0.66891
0.70139 0.29861
0.69141 0.30859
0.69723 0.30277
0.69723 0.30277
0.99843 0.00157
0.69723 0.30277
0.99844 0.00156
0.99843 0.00157
0.24150 0.75850
0.26024 0.73976
0.27526 0.72474
0.26024 0.73976
0.27526 0.72474
0.14081 0.85919
0.18706 0.81294
0.45654 0.54346
0.98780 0.01220
0.45231 0.54769
0.98792 0.01208
0.97493 0.02507
0.97988 0.02012
0.34610 0.65390
0.48824 0.51176
0.99820 0.00180
0.75844 0.24156
0.99575 0.00425
0.86127 0.13873
0.99955 0.00045
0.99955 0.00045
0.86032 0.13968
0.99950 0.00050
0.99946 0.00054
0.99946 0.00054
0.99950 0.00050
0.49039 0.50961
0.99969 0.00031
0.99969 0.00031
0.48718 0.51282
0.40192 0.59808
0.99948 0.00052
0.99948 0.00052
0.39881 0.60119
0.25791 0.74209
0.41888 0.58112
0.93350 0.06650
0.14143 0.85857
0.17025 0.82975
0.20770 0.79230
0.23913 0.76087
0.21409 0.78591
0.24023 0.75977
0.21418 0.78582
0.15476 0.84524
0.31984 0.68016
0.98244 0.01756
0.31984 0.68016
0.30683 0.69317
0.33581 0.66419
0.24768 0.75232
0.23814 0.76186
0.25149 0.74851
0.99959 0.00041
0.99959 0.00041
0.99268 0.00732
0.99268 0.00732
0.56215 0.43785
0.56215 0.43785
0.59080 0.40920
0.59080 0.40920
0.58010 0.41990
0.58010 0.41990
0.56215 0.43785
0.56215 0.43785
0.63247 0.36753
0.71234 0.28766
0.95500 0.04500
0.99434 0.00566
0.63247 0.36753
0.71234 0.28766
0.63247 0.36753
0.71234 0.28766
0.65581 0.34419
0.73402 0.26598
0.13113 0.86887
0.97053 0.02947
0.18899 0.81101
0.92980 0.07020
0.18958 0.81042
0.88602 0.11397
0.11661 0.88339
0.46686 0.53314
0.52049 0.47951
0.98005 0.01995
0.55848 0.44152
0.68187 0.31813
0.59988 0.40012
0.06316 0.93684
0.86313 0.13687
0.47132 0.52868
0.23661 0.76339
0.25704 0.74296
0.99579 0.00421
0.10075 0.89925
0.63129 0.36871
0.22401 0.77599
0.68783 0.31217
0.95309 0.04691
0.85794 0.14206
0.57897 0.42103
0.15159 0.84841
0.65531 0.34469
0.65531 0.34469
0.10418 0.89582
0.49539 0.50461
0.47055 0.52945
0.74990 0.25010
0.81840 0.18160
0.81840 0.18160
0.06999 0.93001
0.11738 0.88262
0.15817 0.84183
0.26012 0.73988
0.11761 0.88239
0.11500 0.88500
0.19598 0.80402
0.39639 0.60361
0.78658 0.21342
0.21081 0.78919
0.95395 0.04605
0.55415 0.44585
0.95395 0.04605
0.55415 0.44585
0.11432 0.88568
0.49871 0.50129
0.56029 0.43971
0.85753 0.14247
0.35838 0.64162
0.82876 0.17124
0.40504 0.59496
0.76991 0.23009
0.79196 0.20804
0.69081 0.30919
0.70966 0.29034
0.14962 0.85038
0.10471 0.89529
0.76598 0.23402
0.30991 0.69009
0.28163 0.71837
0.29185 0.70815
0.19765 0.80235
0.11056 0.88944
0.17063 0.82937
0.20911 0.79089
0.21747 0.78253
0.64656 0.35344
0.08601 0.91399
0.15595 0.84405
0.42933 0.57067
0.34623 0.65377
0.13835 0.86165
0.05528 0.94472
0.11198 0.88802
0.44444 0.55556
0.45671 0.54329
0.12740 0.87260
0.13147 0.86853
0.93797 0.06203
0.99348 0.00652
0.91908 0.08092
0.96499 0.03501
0.99355 0.00645
0.93797 0.06203
0.99348 0.00652
0.91908 0.08092
0.96499 0.03501
0.99355 0.00645
0.22596 0.77404
0.69025 0.30975
0.22652 0.77348
0.67626 0.32374
0.27517 0.72483
0.14964 0.85036
0.86469 0.13531
0.65189 0.34811
0.55133 0.44867
0.60085 0.39915
0.80471 0.19529
0.73406 0.26594
0.98874 0.01126
0.78896 0.21104
0.99191 0.00809
0.64961 0.35039
0.99915 0.00085
0.55218 0.44782
0.99903 0.00097
0.63573 0.36427
0.71877 0.28123
0.72064 0.27936
0.47673 0.52327
0.61164 0.38836
0.37286 0.62714
0.73693 0.26307
0.94961 0.05039
0.66495 0.33505
0.95261 0.04739
0.99780 0.00220
0.93950 0.06050
0.80665 0.19335
0.94999 0.05001
0.99840 0.00160
0.61755 0.38245
0.89883 0.10117
0.17007 0.82993
0.14445 0.85555
0.14532 0.85468
0.37563 0.62437
0.14152 0.85848
0.67542 0.32458
0.86118 0.13882
0.34844 0.65156
0.74079 0.25921
0.97655 0.02345
0.99207 0.00793
0.49809 0.50191
0.28657 0.71343
0.39054 0.60946
0.86766 0.13234
0.86766 0.13234
0.90312 0.09688
0.66405 0.33595
0.66405 0.33595
0.94729 0.05271
0.63104 0.36896
0.63104 0.36896
0.93923 0.06077
0.47427 0.52573
0.46869 0.53131
0.96598 0.03402
0.86766 0.13234
0.86766 0.13234
0.90312 0.09688
0.63104 0.36896
0.63104 0.36896
0.93923 0.06077
0.86766 0.13234
0.86766 0.13234
0.90312 0.09688
0.96322 0.03678
0.96322 0.03678
0.54320 0.45680
0.54320 0.45680
0.96575 0.03425
0.31702 0.68298
0.54246 0.45754
0.29443 0.70557
0.80817 0.19183
0.82561 0.17439
0.83403 0.16597
0.99970 0.00030
0.32265 0.67735
0.32137 0.67863
0.20333 0.79667
0.25069 0.74931
0.24989 0.75011
0.61242 0.38758
0.27958 0.72042
0.27855 0.72145
0.98606 0.01394
0.99025 0.00975
0.90636 0.09364
0.99938 0.00062
0.99919 0.00081
0.99888 0.00112
0.99898 0.00102
0.70937 0.29063
0.74099 0.25901
0.77058 0.22942
0.65952 0.34048
0.56629 0.43371
0.17964 0.82036
0.98471 0.01529
0.99236 0.00764
0.70991 0.29009
0.81152 0.18848
0.29518 0.70482
0.85186 0.14814
0.72861 0.27139
0.51802 0.48198
0.63457 0.36543
0.77773 0.22227
0.49756 0.50244
0.58042 0.41958
0.86369 0.13631
0.98767 0.01233
0.99348 0.00652
0.63191 0.36809
0.99184 0.00816
0.99559 0.00441
0.44733 0.55267
0.99982 0.00018
0.99994 0.00006
0.54022 0.45978
0.35560 0.64440
0.99999 0.00001
0.99999 0.00001
0.99999 0.00001
0.62782 0.37218
0.53956 0.46044
0.70589 0.29411
0.86094 0.13906
0.19663 0.80337
0.88358 0.11642
0.93881 0.06119
0.89070 0.10930
0.57869 0.42131
0.65182 0.34818
0.08135 0.91865
0.27000 0.73000
0.78526 0.21474
0.83588 0.16412
0.18861 0.81139
0.49664 0.50336
0.57983 0.42017
0.25033 0.74967
0.79426 0.20574
0.79426 0.20574
0.74548 0.25452
0.27153 0.72847
0.54037 0.45963
0.11434 0.88566
0.29897 0.70103
0.96258 0.03742
0.51792 0.48208
0.51187 0.48813
0.44884 0.55116
0.18716 0.81284
0.19627 0.80373
0.19945 0.80055
0.12684 0.87316
0.30475 0.69525
0.53026 0.46974
0.62791 0.37209
0.57509 0.42491
0.15378 0.84622
0.26533 0.73467
0.52050 0.47950
0.58528 0.41472
0.50883 0.49117
0.26533 0.73467
0.52050 0.47950
0.61469 0.38531
0.99119 0.00881
0.60832 0.39168
0.94916 0.05084
0.97090 0.02910
0.62009 0.37991
0.18757 0.81243
0.48895 0.51105
0.71103 0.28897
0.72331 0.27669
0.28432 0.71568
0.30644 0.69356
0.61607 0.38393
0.62623 0.37377
0.23184 0.76816
0.41150 0.58850
0.23184 0.76816
0.41150 0.58850
0.51001 0.48999
0.41128 0.58872
0.78965 0.21035
0.70098 0.29902
0.60992 0.39008
0.98359 0.01641
0.24361 0.75639
0.26546 0.73454
0.98971 0.01029
0.98043 0.01957
0.96458 0.03542
0.96458 0.03542
0.29578 0.70422
0.33811 0.66189
0.33811 0.66189
0.28370 0.71630
0.52434 0.47566
0.52434 0.47566
0.52749 0.47251
0.40530 0.59470
0.85929 0.14071
0.52749 0.47251
0.40530 0.59470
0.85929 0.14071
0.52749 0.47251
0.40530 0.59470
0.85929 0.14071
0.11576 0.88424
0.11776 0.88224
0.12376 0.87624
0.11406 0.88594
0.19108 0.80892
0.44170 0.55830
0.22606 0.77394
0.52205 0.47795
0.55859 0.44141
0.65630 0.34370
0.57305 0.42695
0.99074 0.00926
0.54235 0.45765
0.24823 0.75177
0.54327 0.45673
0.66767 0.33233
0.77118 0.22882
0.98589 0.01411
0.99704 0.00296
0.99976 0.00024
0.63354 0.36646
0.99901 0.00099
0.71344 0.28656
0.99901 0.00099
0.71271 0.28729
0.94124 0.05876
0.93793 0.06207
0.78657 0.21343
0.93793 0.06207
0.52623 0.47377
0.26423 0.73577
0.10647 0.89353
0.54893 0.45107
0.93807 0.06193
0.98884 0.01116
0.95416 0.04584
0.54893 0.45107
0.93807 0.06193
0.17232 0.82768
0.14220 0.85780
0.18879 0.81121
0.42644 0.57356
0.46162 0.53838
0.17425 0.82575
0.99932 0.00068
0.99848 0.00152
0.30009 0.69991
0.34539 0.65461
0.29327 0.70674
0.99997 0.00003
0.99998 0.00002
0.99822 0.00178
0.99980 0.00020
0.29154 0.70846
0.95914 0.04086
0.93743 0.06257
0.20590 0.79410
0.99915 0.00085
0.22294 0.77706
0.81939 0.18061
0.98437 0.01563
0.99969 0.00031
0.99649 0.00351
0.89145 0.10855
0.99927 0.00073
0.99955 0.00045
0.89590 0.10410
0.89321 0.10679
0.99948 0.00052
0.20667 0.79333
0.64369 0.35631
0.81185 0.18815
0.69821 0.30179
0.74748 0.25252
0.77061 0.22939
0.75308 0.24692
0.65706 0.34294
0.68777 0.31223
0.57912 0.42088
0.92652 0.07348
0.95530 0.04470
0.70057 0.29943
0.92800 0.07200
0.55089 0.44911
0.25109 0.74891
0.60280 0.39720
0.89040 0.10960
0.10905 0.89095
0.48602 0.51398
0.73282 0.26718
0.24495 0.75505
0.26084 0.73916
0.71414 0.28586
0.16338 0.83662
0.18826 0.81174
0.99967 0.00033
0.17999 0.82001
0.22886 0.77114
0.16788 0.83212
0.61366 0.38634
0.32691 0.67309
0.60236 0.39764
0.99737 0.00263
0.32883 0.67117
0.78303 0.21697
0.83549 0.16451
0.99968 0.00032
0.98551 0.01449
0.68749 0.31251
0.32156 0.67844
0.48693 0.51307
0.60021 0.39979
0.64051 0.35949
0.54170 0.45830
0.09158 0.90842
0.23171 0.76829
0.21877 0.78123
0.69857 0.30143
0.92479 0.07521
0.90030 0.09970
0.68265 0.31735
0.30462 0.69538
0.99981 0.00019
0.09063 0.90937
0.18342 0.81658
0.16695 0.83305
0.34448 0.65552
0.11774 0.88226
0.10769 0.89231
0.97905 0.02095
0.05021 0.94979
0.15182 0.84818
0.74058 0.25942
0.13717 0.86283
0.13040 0.86960
0.68440 0.31560
0.99993 0.00007
0.65346 0.34654
0.73407 0.26593
0.88373 0.11627
0.80922 0.19078
0.84744 0.15256
0.75017 0.24983
0.99856 0.00144
0.77198 0.22802
0.84744 0.15256
0.75017 0.24983
0.38403 0.61597
0.34303 0.65697
0.34283 0.65717
0.20677 0.79323
0.92472 0.07528
0.26208 0.73793
0.98755 0.01245
0.25846 0.74154
0.25960 0.74040
0.97644 0.02356
0.46189 0.53811
0.36463 0.63537
0.41406 0.58594
0.36598 0.63402
0.43998 0.56002
0.36598 0.63402
0.41547 0.58453
0.12442 0.87558
0.99961 0.00039
0.25892 0.74108
0.29904 0.70096
0.98039 0.01961
0.95984 0.04016
0.35396 0.64604
0.43951 0.56049
0.76303 0.23697
0.41729 0.58271
0.23386 0.76614
0.20435 0.79565
0.73224 0.26776
0.76990 0.23010
0.67295 0.32705
0.36352 0.63648
0.75159 0.24841
0.13310 0.86690
0.64921 0.35079
0.14750 0.85250
0.47025 0.52975
0.47025 0.52975
0.23332 0.76668
0.54194 0.45806
0.53919 0.46081
0.87520 0.12480
0.78973 0.21027
0.65942 0.34058
0.87520 0.12480
0.27454 0.72546
0.69544 0.30456
0.61637 0.38363
0.79217 0.20783
0.41535 0.58465
0.44356 0.55644
0.45623 0.54377
0.53061 0.46939
0.53061 0.46939
0.37513 0.62487
0.37513 0.62487
0.42226 0.57774
0.42226 0.57774
0.40446 0.59554
0.40446 0.59554
0.44032 0.55968
0.48248 0.51752
0.42117 0.57883
0.49244 0.50756
0.46245 0.53755
0.49007 0.50993
0.55860 0.44140
0.53202 0.46798
0.42002 0.57998
0.42002 0.57998
0.88542 0.11458
0.65205 0.34795
0.71591 0.28409
0.60411 0.39589
0.44050 0.55950
0.47941 0.52059
0.13999 0.86001
0.24272 0.75728
0.18033 0.81967
0.18033 0.81967
0.57990 0.42010
0.57990 0.42010
0.18804 0.81196
0.18804 0.81196
0.18590 0.81410
0.54826 0.45174
0.46136 0.53864
0.80532 0.19468
0.80532 0.19468
0.89659 0.10341
0.80806 0.19194
0.36801 0.63199
0.29969 0.70031
0.61849 0.38151
0.61269 0.38731
0.26789 0.73211
0.32199 0.67801
0.83312 0.16688
0.40782 0.59218
0.81677 0.18323
0.99481 0.00519
0.86579 0.13421
0.39222 0.60778
0.80362 0.19638
0.23708 0.76292
0.86495 0.13505
0.99735 0.00265
0.90611 0.09389
0.38274 0.61726
0.37353 0.62647
0.36366 0.63634
0.37790 0.62210
0.89582 0.10418
0.79061 0.20939
0.79061 0.20939
0.79061 0.20939
0.79061 0.20939
0.82166 0.17834
0.85113 0.14887
0.82166 0.17834
0.85113 0.14887
0.08531 0.91469
0.91931 0.08069
0.99192 0.00808
0.31823 0.68177
0.71291 0.28709
0.71543 0.28457
0.46659 0.53341
0.55324 0.44676
0.55700 0.44300
0.55324 0.44676
0.69513 0.30487
0.54148 0.45852
0.54148 0.45852
0.53435 0.46565
0.53435 0.46565
0.67297 0.32703
0.67882 0.32118
0.67297 0.32703
0.67882 0.32118
0.12291 0.87709
0.46985 0.53015
0.53285 0.46715
0.37403 0.62597
0.37666 0.62334
0.15431 0.84569
0.14813 0.85187
0.73270 0.26730
0.78591 0.21409
0.15047 0.84953
0.92611 0.07389
0.40395 0.59605
0.28080 0.71920
0.36908 0.63092
0.25213 0.74787
0.18000 0.82000
0.20210 0.79790
0.19024 0.80976
0.18389 0.81611
0.98789 0.01211
0.98045 0.01955
0.70114 0.29886
0.88058 0.11942
0.95849 0.04151
0.95849 0.04151
0.95916 0.04084
0.95916 0.04084
0.17960 0.82040
0.26319 0.73681
0.75168 0.24832
0.83676 0.16324
0.51657 0.48343
0.39398 0.60602
0.76636 0.23364
0.67717 0.32283
0.76636 0.23364
0.27803 0.72197
0.22110 0.77890
0.51130 0.48870
0.40572 0.59428
0.97805 0.02195
0.17830 0.82170
0.19190 0.80810
0.19230 0.80770
0.27672 0.72328
0.31483 0.68517
0.31154 0.68846
0.56073 0.43927
0.64014 0.35986
0.67966 0.32034
0.91863 0.08137
0.85247 0.14753
0.44645 0.55355
0.22079 0.77921
0.66488 0.33512
0.67577 0.32423
0.36079 0.63921
0.83557 0.16443
0.19651 0.80349
0.73302 0.26698
0.60389 0.39611
0.62817 0.37183
0.92826 0.07174
0.92826 0.07174
0.53038 0.46962
0.33429 0.66571
0.70572 0.29428
0.53038 0.46962
0.70572 0.29428
0.97828 0.02172
0.99264 0.00736
0.39395 0.60605
0.97828 0.02172
0.39395 0.60605
0.39448 0.60552
0.99273 0.00727
0.91409 0.08591
0.99732 0.00268
0.91388 0.08612
0.87045 0.12955
0.98796 0.01204
0.70628 0.29372
0.63291 0.36709
0.98725 0.01275
0.63824 0.36176
0.61479 0.38521
0.52309 0.47691
0.75518 0.24482
0.75518 0.24482
0.72152 0.27848
0.82579 0.17421
0.84876 0.15124
0.17262 0.82738
0.82551 0.17449
0.76507 0.23493
0.89986 0.10014
0.98984 0.01016
0.92828 0.07172
0.74818 0.25182
0.99963 0.00037
0.14709 0.85291
0.72529 0.27471
0.16986 0.83014
0.91976 0.08024
0.84106 0.15894
0.41550 0.58450
0.88738 0.11262
0.98125 0.01875
0.87101 0.12899
0.98130 0.01870
0.98125 0.01875
0.87101 0.12899
0.98130 0.01870
0.99671 0.00329
0.84646 0.15354
0.99675 0.00325
0.99671 0.00329
0.84646 0.15354
0.99675 0.00325
0.93065 0.06935
0.16374 0.83626
0.84011 0.15989
0.88685 0.11315
0.10365 0.89635
0.96507 0.03493
0.97955 0.02045
0.96178 0.03822
0.97785 0.02215
0.66622 0.33378
0.95353 0.04647
0.24062 0.75938
0.96027 0.03973
0.82753 0.17247
0.99454 0.00546
0.85274 0.14726
0.85274 0.14726
0.47928 0.52072
0.49816 0.50184
0.15358 0.84642
0.86012 0.13988
0.99031 0.00969
0.77664 0.22336
0.13996 0.86004
0.13933 0.86067
0.67625 0.32375
0.14244 0.85756
0.15666 0.84334
0.15604 0.84396
0.06827 0.93173
0.22656 0.77344
0.14584 0.85416
0.71105 0.28895
0.24139 0.75861
0.99954 0.00046
0.99951 0.00049
0.99952 0.00048
0.99952 0.00048
0.99485 0.00515
0.77569 0.22431
0.82666 0.17334
0.88357 0.11643
0.84058 0.15942
0.42188 0.57812
0.23997 0.76003
0.22922 0.77078
0.24502 0.75498
0.16966 0.83034
0.17937 0.82063
0.34855 0.65145
0.67935 0.32065
0.22580 0.77420
0.30306 0.69694
0.97996 0.02004
0.98109 0.01891
0.99850 0.00150
0.99850 0.00150
0.99854 0.00146
0.99854 0.00146
0.99931 0.00069
0.99931 0.00069
0.99929 0.00071
0.83562 0.16438
0.36056 0.63944
0.99951 0.00049
0.45918 0.54082
0.99951 0.00049
0.98675 0.01325
0.98736 0.01264
0.98736 0.01264
0.14168 0.85832
0.22731 0.77269
0.25287 0.74713
0.09281 0.90719
0.55207 0.44793
0.42600 0.57400
0.80610 0.19390
0.19286 0.80714
0.59163 0.40837
0.28118 0.71882
0.93675 0.06325
0.94429 0.05571
0.38987 0.61013
0.27743 0.72257
0.27321 0.72679
0.99104 0.00896
0.75490 0.24510
0.12283 0.87717
0.90209 0.09791
0.12652 0.87348
0.15576 0.84424
0.28835 0.71165
0.24878 0.75122
0.33643 0.66357
0.89637 0.10363
0.25768 0.74232
0.62498 0.37502
0.41342 0.58658
0.93715 0.06285
0.96071 0.03929
0.93359 0.06641
0.97006 0.02994
0.94906 0.05094
0.98596 0.01404
0.15718 0.84282
0.98971 0.01029
0.98971 0.01029
0.98971 0.01029
0.98724 0.01276
0.98724 0.01276
0.98724 0.01276
0.21046 0.78954
0.33647 0.66353
0.99925 0.00075
0.94120 0.05880
0.99648 0.00352
0.94113 0.05887
0.81489 0.18511
0.92559 0.07441
0.99648 0.00352
0.94113 0.05887
0.83617 0.16383
0.45942 0.54058
0.14971 0.85029
0.96883 0.03117
0.99192 0.00808
0.95483 0.04517
0.99011 0.00989
0.19697 0.80303
0.28759 0.71241
0.49599 0.50401
0.71554 0.28446
0.70709 0.29291
0.35100 0.64900
0.25395 0.74605
0.28506 0.71494
0.21275 0.78725
0.21275 0.78725
0.22682 0.77318
0.22682 0.77318
0.29686 0.70314
0.90936 0.09064
0.94720 0.05280
0.56656 0.43344
0.66872 0.33128
0.95322 0.04678
0.14459 0.85541
0.67314 0.32686
0.99481 0.00519
0.99982 0.00018
0.47246 0.52754
0.96053 0.03947
0.96053 0.03947
0.96053 0.03947
0.80467 0.19533
0.80467 0.19533
0.80467 0.19533
0.96053 0.03947
0.96053 0.03947
0.96053 0.03947
0.96053 0.03947
0.96053 0.03947
0.96053 0.03947
0.91075 0.08925
0.98774 0.01226
0.54759 0.45241
0.99820 0.00180
0.98523 0.01477
0.56192 0.43808
0.52734 0.47266
0.71585 0.28415
0.64594 0.35406
0.99964 0.00036
0.46784 0.53216
0.99964 0.00036
0.08499 0.91501
0.98201 0.01799
0.97543 0.02457
0.41435 0.58565
0.41492 0.58508
0.41493 0.58507
0.12638 0.87362
0.24826 0.75174
0.40594 0.59406
0.32617 0.67383
0.38191 0.61809
0.05421 0.94579
0.62836 0.37164
0.79108 0.20892
0.14714 0.85286
0.26155 0.73845
0.99752 0.00248
0.94562 0.05438
0.97417 0.02583
0.78452 0.21548
0.99067 0.00933
0.99343 0.00657
0.99366 0.00634
0.39852 0.60148
0.25806 0.74194
0.16992 0.83008
0.16992 0.83008
0.16818 0.83182
0.29812 0.70188
0.25833 0.74167
0.33014 0.66986
0.33014 0.66986
0.94934 0.05066
0.88212 0.11788
0.88312 0.11688
0.86511 0.13489
0.86513 0.13487
0.92795 0.07205
0.92825 0.07175
0.22947 0.77053
0.22947 0.77053
0.12267 0.87733
0.92416 0.07584
0.99220 0.00780
0.24572 0.75428
0.45602 0.54398
0.16568 0.83432
0.16008 0.83992
0.16568 0.83432
0.16008 0.83992
0.16940 0.83060
0.23358 0.76642
0.10844 0.89156
0.17631 0.82369
0.19150 0.80850
0.20279 0.79721
0.24870 0.75130
0.24870 0.75130
0.32028 0.67972
0.31960 0.68040
0.98692 0.01308
0.71023 0.28977
0.47872 0.52128
0.76519 0.23481
0.57037 0.42963
0.57037 0.42963
0.77282 0.22718
0.58025 0.41975
0.58025 0.41975
0.19894 0.80106
0.42157 0.57843
0.43392 0.56608
0.23132 0.76868
0.39218 0.60782
0.34993 0.65007
0.34993 0.65007
0.21222 0.78778
0.49627 0.50373
0.17445 0.82555
0.14204 0.85796
0.08036 0.91964
0.13052 0.86948
0.93842 0.06158
0.98844 0.01156
0.23659 0.76341
0.76710 0.23290
0.09525 0.90475
0.96266 0.03734
0.99877 0.00123
0.99596 0.00404
0.99993 0.00007
0.99717 0.00283
0.06413 0.93587
0.25449 0.74551
0.13660 0.86340
0.70014 0.29986
0.18110 0.81890
0.36226 0.63774
0.97548 0.02452
0.99107 0.00893
0.99455 0.00545
0.99455 0.00545
0.04390 0.95610
0.42114 0.57886
0.68158 0.31842
0.31614 0.68386
0.99798 0.00202
0.66953 0.33047
0.70116 0.29884
0.99970 0.00030
0.99964 0.00036
0.99971 0.00029
0.36422 0.63578
0.99790 0.00210
0.34319 0.65681
0.99772 0.00228
0.35576 0.64424
0.99778 0.00222
0.37005 0.62995
0.99808 0.00192
0.37622 0.62378
0.53432 0.46568
0.21383 0.78617
0.87036 0.12964
0.79656 0.20344
0.81815 0.18185
0.89303 0.10697
0.89204 0.10796
0.88328 0.11672
0.94821 0.05179
0.94888 0.05112
0.94383 0.05617
0.93803 0.06197
0.93403 0.06597
0.93403 0.06597
0.88156 0.11844
0.87522 0.12478
0.87522 0.12478
0.11920 0.88080
0.87877 0.12123
0.45192 0.54808
0.92122 0.07878
0.35867 0.64133
0.96179 0.03821
0.86376 0.13624
0.93818 0.06182
0.92478 0.07522
0.22570 0.77430
0.28641 0.71359
0.66328 0.33672
0.85950 0.14050
0.71469 0.28531
0.11938 0.88062
0.11170 0.88830
0.11976 0.88024
0.11938 0.88062
0.11170 0.88830
0.11976 0.88024
0.99226 0.00774
0.32092 0.67908
0.35919 0.64081
0.33747 0.66253
0.99610 0.00390
0.67956 0.32044
0.58798 0.41202
0.99711 0.00289
0.55727 0.44273
0.63849 0.36151
0.99424 0.00576
0.99783 0.00217
0.54530 0.45470
0.99653 0.00347
0.98676 0.01324
0.72974 0.27026
0.99424 0.00576
0.43995 0.56005
0.47645 0.52355
0.44902 0.55098
0.99424 0.00576
0.98614 0.01386
0.97473 0.02527
0.98614 0.01386
0.97446 0.02554
0.99946 0.00054
0.47080 0.52920
0.39797 0.60203
0.47080 0.52920
0.39603 0.60397
0.60918 0.39082
0.43263 0.56737
0.36117 0.63883
0.43263 0.56737
0.35911 0.64089
0.57191 0.42809
0.98614 0.01386
0.97473 0.02527
0.98614 0.01386
0.97446 0.02554
0.99946 0.00054
0.44174 0.55826
0.37012 0.62988
0.44174 0.55826
0.36786 0.63214
0.58095 0.41905
0.99989 0.00011
0.99817 0.00183
0.99975 0.00025
0.54983 0.45017
0.80281 0.19719
0.93770 0.06230
0.93133 0.06867
0.74201 0.25799
0.74201 0.25799
0.93133 0.06867
0.93857 0.06143
0.93237 0.06763
0.74321 0.25679
0.74321 0.25679
0.93237 0.06763
0.92642 0.07358
0.91983 0.08017
0.71854 0.28146
0.71854 0.28146
0.91983 0.08017
0.40562 0.59438
0.98759 0.01241
0.37998 0.62002
0.37998 0.62002
0.98759 0.01241
0.98869 0.01131
0.88035 0.11965
0.86990 0.13010
0.86990 0.13010
0.88035 0.11965
0.98996 0.01004
0.89215 0.10785
0.41014 0.58986
0.41014 0.58986
0.89215 0.10785
0.98996 0.01004
0.89215 0.10785
0.41014 0.58986
0.41014 0.58986
0.89215 0.10785
0.93154 0.06846
0.18164 0.81836
0.08237 0.91763
0.22985 0.77015
0.14557 0.85443
0.12286 0.87714
0.23253 0.76747
0.39688 0.60312
0.38770 0.61230
0.45601 0.54399
0.47684 0.52316
0.13142 0.86858
0.35289 0.64711
0.28383 0.71617
0.34130 0.65870
0.27720 0.72280
0.13357 0.86643
0.25567 0.74433
0.23082 0.76918
0.22398 0.77602
0.47290 0.52710
0.71123 0.28877
0.97657 0.02343
0.63445 0.36555
0.96543 0.03457
0.71123 0.28877
0.97657 0.02343
0.63445 0.36555
0.96543 0.03457
0.73650 0.26350
0.92455 0.07545
0.73650 0.26350
0.92455 0.07545
0.66532 0.33468
0.89422 0.10578
0.75080 0.24920
0.92455 0.07545
0.95348 0.04652
0.84463 0.15537
0.95348 0.04652
0.84463 0.15537
0.93318 0.06682
0.79060 0.20940
0.62130 0.37870
0.57817 0.42183
0.88664 0.11336
0.62130 0.37870
0.57817 0.42183
0.88664 0.11336
0.55756 0.44244
0.51286 0.48714
0.85286 0.14714
0.97056 0.02944
0.24693 0.75307
0.35253 0.64747
0.50073 0.49927
0.26694 0.73306
0.57862 0.42138
0.29840 0.70160
0.99450 0.00550
0.99461 0.00539
0.28709 0.71291
0.97152 0.02848
0.71157 0.28843
0.98511 0.01489
0.26347 0.73653
0.99687 0.00313
0.97054 0.02946
0.99373 0.00627
0.73435 0.26565
0.95201 0.04799
0.96659 0.03341
0.74457 0.25543
0.56787 0.43213
0.63472 0.36528
0.17713 0.82287
0.12740 0.87260
0.13407 0.86593
0.98514 0.01486
0.98514 0.01486
0.98514 0.01486
0.26938 0.73062
0.30645 0.69355
0.26938 0.73062
0.30645 0.69355
0.26938 0.73062
0.30645 0.69355
0.26938 0.73062
0.30645 0.69355
0.70034 0.29966
0.75942 0.24058
0.70034 0.29966
0.75942 0.24058
0.26938 0.73062
0.30645 0.69355
0.26938 0.73062
0.30645 0.69355
0.34157 0.65843
0.85214 0.14786
0.34157 0.65843
0.20232 0.79768
0.79116 0.20884
0.18283 0.81717
0.19327 0.80673
0.73210 0.26790
0.75390 0.24610
0.26551 0.73449
0.88440 0.11560
0.21051 0.78949
0.69815 0.30185
0.24279 0.75721
0.95989 0.04011
0.99348 0.00652
0.64316 0.35684
0.66783 0.33217
0.22276 0.77724
0.66783 0.33217
0.22276 0.77724
0.78533 0.21467
0.86212 0.13788
0.42895 0.57105
0.44708 0.55292
0.27877 0.72123
0.41457 0.58543
0.43255 0.56745
0.68033 0.31967
0.54016 0.45984
0.38331 0.61669
0.38331 0.61669
0.38331 0.61669
0.38331 0.61669
0.62426 0.37574
0.25270 0.74730
0.32839 0.67161
0.27307 0.72693
0.17627 0.82373
0.16884 0.83116
0.72396 0.27604
0.56788 0.43212
0.21194 0.78806
0.27859 0.72141
0.22954 0.77046
0.51529 0.48471
0.39686 0.60314
0.36647 0.63353
0.19511 0.80489
0.95524 0.04476
0.22305 0.77695
0.25918 0.74082
0.91754 0.08246
0.84958 0.15042
0.21704 0.78296
0.19633 0.80367
0.12519 0.87481
0.47643 0.52357
0.20088 0.79912
0.66867 0.33133
0.60304 0.39696
0.15603 0.84397
0.14216 0.85784
0.60274 0.39726
0.14217 0.85783
0.15641 0.84359
0.47440 0.52560
0.13076 0.86924
0.08655 0.91345
0.45112 0.54888
0.30951 0.69049
0.45112 0.54888
0.30951 0.69049
0.16330 0.83670
0.23804 0.76196
0.38745 0.61255
0.54121 0.45879
0.55748 0.44252
0.52864 0.47136
0.69160 0.30840
0.20408 0.79592
0.39189 0.60811
0.61270 0.38730
0.39189 0.60811
0.61270 0.38730
0.96873 0.03127
0.61984 0.38016
0.96862 0.03138
0.80621 0.19379
0.80466 0.19534
0.49856 0.50144
0.49849 0.50151
0.49856 0.50144
0.49849 0.50151
0.49856 0.50144
0.49856 0.50144
0.85934 0.14066
0.85937 0.14063
0.53352 0.46648
0.98149 0.01851
0.21408 0.78592
0.59884 0.40116
0.50552 0.49448
0.52722 0.47278
0.98498 0.01502
0.34941 0.65059
0.33943 0.66057
0.27597 0.72403
0.24379 0.75621
0.63824 0.36176
0.15835 0.84165
0.16880 0.83120
0.17352 0.82648
0.39670 0.60330
0.19712 0.80288
0.79107 0.20893
0.46764 0.53236
0.56538 0.43462
0.16586 0.83414
0.16586 0.83414
0.16586 0.83414
0.17277 0.82723
0.17277 0.82723
0.17277 0.82723
0.19767 0.80233
0.19767 0.80233
0.19767 0.80233
0.97114 0.02886
0.94377 0.05623
0.97640 0.02360
0.31887 0.68113
0.30005 0.69995
0.99844 0.00156
0.30433 0.69567
0.94367 0.05633
0.90209 0.09791
0.33871 0.66129
0.34068 0.65932
0.99116 0.00884
0.99613 0.00387
0.93489 0.06511
0.99457 0.00543
0.99684 0.00316
0.99976 0.00024
0.90105 0.09895
0.97536 0.02464
0.21059 0.78941
0.43130 0.56870
0.10514 0.89486
0.24477 0.75523
0.26710 0.73290
0.99480 0.00520
0.99466 0.00535
0.11950 0.88050
0.50834 0.49166
0.85470 0.14530
0.99982 0.00018
0.99669 0.00331
0.88238 0.11762
0.19370 0.80630
0.57740 0.42260
0.85989 0.14011
0.15577 0.84423
0.83782 0.16218
0.35700 0.64300
0.33990 0.66010
0.37211 0.62789
0.35491 0.64509
0.37309 0.62691
0.48542 0.51458
0.48179 0.51821
0.48542 0.51458
0.48179 0.51821
0.28667 0.71333
0.99912 0.00088
0.40977 0.59023
0.99906 0.00094
0.30544 0.69456
0.27095 0.72905
0.27095 0.72905
0.31423 0.68577
0.23668 0.76332
0.21815 0.78185
0.58102 0.41898
0.82534 0.17466
0.24387 0.75613
0.27558 0.72442
0.28854 0.71146
0.18199 0.81801
0.51501 0.48499
0.69586 0.30414
0.58694 0.41306
0.77883 0.22117
0.48053 0.51947
0.43122 0.56878
0.39463 0.60537
0.68606 0.31394
0.58287 0.41713
0.89120 0.10880
0.58287 0.41713
0.89347 0.10653
0.17705 0.82295
0.28270 0.71730
0.95803 0.04197
0.28270 0.71730
0.28270 0.71730
0.95818 0.04182
0.28270 0.71730
0.18722 0.81278
0.73028 0.26972
0.23431 0.76569
0.19869 0.80131
0.23795 0.76205
0.20977 0.79023
0.23431 0.76569
0.19869 0.80131
0.23795 0.76205
0.20977 0.79023
0.08052 0.91948
0.49166 0.50834
0.47845 0.52155
0.24694 0.75306
0.63433 0.36567
0.56385 0.43615
0.21540 0.78460
0.21540 0.78460
0.23769 0.76231
0.99547 0.00453
0.76057 0.23943
0.76757 0.23243
0.18753 0.81247
0.73121 0.26879
0.73583 0.26417
0.50823 0.49177
0.99807 0.00193
0.99807 0.00193
0.99987 0.00013
0.99827 0.00173
0.99827 0.00173
0.51421 0.48579
0.99696 0.00304
0.99728 0.00272
0.38644 0.61356
0.38701 0.61299
0.38701 0.61299
0.27608 0.72392
0.27688 0.72312
0.27688 0.72312
0.99605 0.00395
0.33820 0.66180
0.33820 0.66180
0.93259 0.06741
0.69073 0.30927
0.77783 0.22217
0.98971 0.01029
0.17436 0.82564
0.14745 0.85255
0.20887 0.79113
0.21754 0.78246
0.84057 0.15943
0.92729 0.07271
0.99874 0.00126
0.97579 0.02421
0.99003 0.00997
0.31823 0.68177
0.33884 0.66116
0.97089 0.02911
0.36605 0.63395
0.19154 0.80846
0.95634 0.04366
0.99124 0.00876
0.98323 0.01677
0.70991 0.29009
0.70091 0.29909
0.82175 0.17825
0.98317 0.01683
0.74326 0.25674
0.67645 0.32355
0.98243 0.01757
0.67645 0.32355
0.98078 0.01922
0.98078 0.01922
0.98078 0.01922
0.59993 0.40007
0.64980 0.35020
0.77468 0.22532
0.77468 0.22532
0.66668 0.33332
0.77947 0.22053
0.21066 0.78934
0.29851 0.70149
0.27743 0.72257
0.37368 0.62632
0.37258 0.62742
0.91731 0.08269
0.55281 0.44719
0.55281 0.44719
0.88985 0.11015
0.13750 0.86250
0.18753 0.81247
0.69730 0.30270
0.99986 0.00014
0.82431 0.17569
0.26380 0.73620
0.70619 0.29381
0.26659 0.73341
0.99681 0.00319
0.73146 0.26854
0.87838 0.12162
0.99951 0.00049
0.59569 0.40431
0.11467 0.88533
0.51062 0.48938
0.17883 0.82117
0.99588 0.00412
0.99981 0.00019
0.99588 0.00412
0.99981 0.00019
0.99832 0.00168
0.25924 0.74076
0.68465 0.31535
0.75871 0.24129
0.77843 0.22157
0.77097 0.22903
0.82094 0.17906
0.83506 0.16494
0.64682 0.35318
0.71636 0.28364
0.73365 0.26635
0.88732 0.11268
0.21177 0.78823
0.99791 0.00209
0.31192 0.68808
0.78258 0.21742
0.36972 0.63028
0.32439 0.67561
0.36972 0.63028
0.32439 0.67561
0.21354 0.78646
0.18183 0.81817
0.17695 0.82305
0.97581 0.02419
0.76055 0.23945
0.34355 0.65645
0.97581 0.02419
0.76055 0.23945
0.34355 0.65645
0.71015 0.28985
0.27096 0.72904
0.32878 0.67122
0.72159 0.27841
0.32878 0.67122
0.72159 0.27841
0.98927 0.01073
0.60028 0.39972
0.10375 0.89625
0.10520 0.89480
0.09960 0.90040
0.16118 0.83882
0.76005 0.23995
0.94970 0.05030
0.20815 0.79185
0.59502 0.40498
0.79916 0.20084
0.73142 0.26858
0.20388 0.79612
0.67013 0.32987
0.99060 0.00940
0.25755 0.74245
0.15426 0.84574
0.99491 0.00509
0.99860 0.00140
0.74496 0.25504
0.95962 0.04038
0.41811 0.58189
0.95962 0.04038
0.95962 0.04038
0.24416 0.75584
0.97722 0.02278
0.99324 0.00676
0.97722 0.02278
0.97695 0.02305
0.75514 0.24486
0.20313 0.79687
0.81998 0.18002
0.58098 0.41902
0.57984 0.42016
0.63191 0.36809
0.92803 0.07197
0.62109 0.37891
0.32402 0.67598
0.90103 0.09897
0.78883 0.21117
0.90297 0.09703
0.98900 0.01100
0.99703 0.00297
0.82349 0.17651
0.86772 0.13228
0.50612 0.49388
0.86385 0.13615
0.50612 0.49388
0.86385 0.13615
0.99994 0.00006
0.28405 0.71595
0.93557 0.06443
0.44319 0.55681
0.46997 0.53003
0.92496 0.07504
0.99975 0.00025
0.76954 0.23046
0.99874 0.00126
0.78909 0.21091
0.33124 0.66876
0.21613 0.78387
0.38910 0.61090
0.97552 0.02448
0.50129 0.49871
0.98579 0.01421
0.51808 0.48192
0.16183 0.83817
0.57685 0.42315
0.11021 0.88979
0.91348 0.08652
0.93108 0.06892
0.09831 0.90169
0.98749 0.01251
0.99584 0.00416
0.98668 0.01332
0.32186 0.67814
0.33621 0.66379
0.91332 0.08668
0.17501 0.82499
0.41216 0.58784
0.99864 0.00136
0.98246 0.01754
0.99769 0.00231
0.97460 0.02540
0.26040 0.73959
0.77477 0.22523
0.99110 0.00890
0.38556 0.61444
0.99924 0.00076
0.99886 0.00114
0.99962 0.00038
0.99886 0.00114
0.99962 0.00038
0.99929 0.00071
0.95564 0.04436
0.60178 0.39822
0.85413 0.14587
0.52857 0.47143
0.70205 0.29795
0.27955 0.72045
0.90661 0.09339
0.17893 0.82107
0.84676 0.15324
0.81280 0.18720
0.86600 0.13400
0.21129 0.78871
0.81491 0.18509
0.99989 0.00011
0.40313 0.59687
0.69292 0.30708
0.76038 0.23962
0.69292 0.30708
0.71155 0.28845
0.24644 0.75356
0.13140 0.86860
0.23262 0.76738
0.20511 0.79489
0.97849 0.02151
0.16069 0.83931
0.14493 0.85507
0.42763 0.57237
0.34730 0.65270
0.95529 0.04471
0.45111 0.54889
0.98241 0.01759
0.35783 0.64217
0.33354 0.66646
0.30366 0.69634
0.16671 0.83329
0.22415 0.77585
0.22143 0.77857
0.19090 0.80910
0.31599 0.68401
0.17968 0.82032
0.69555 0.30445
0.22316 0.77684
0.98260 0.01740
0.99978 0.00022
0.98982 0.01018
0.87332 0.12668
0.82004 0.17996
0.37441 0.62559
0.18988 0.81012
0.14812 0.85188
0.67595 0.32405
0.14191 0.85809
0.55763 0.44237
0.60891 0.39109
0.33203 0.66797
0.97390 0.02610
0.77869 0.22131
0.98245 0.01755
0.18829 0.81171
0.93886 0.06114
0.15701 0.84299
0.17368 0.82632
0.19118 0.80882
0.17368 0.82632
0.19118 0.80882
0.46525 0.53475
0.46525 0.53475
0.98893 0.01107
0.99832 0.00168
0.95399 0.04601
0.46525 0.53475
0.46525 0.53475
0.46525 0.53475
0.98893 0.01107
0.99832 0.00168
0.95399 0.04601
0.46525 0.53475
0.29165 0.70835
0.97970 0.02030
0.98563 0.01437
0.29165 0.70835
0.29165 0.70835
0.97970 0.02030
0.98563 0.01437
0.29165 0.70835
0.98104 0.01896
0.31998 0.68002
0.38598 0.61402
0.93964 0.06036
0.93447 0.06553
0.16540 0.83460
0.16188 0.83812
0.26878 0.73122
0.72855 0.27145
0.73696 0.26304
0.80908 0.19092
0.76516 0.23484
0.30047 0.69953
0.37517 0.62483
0.35741 0.64259
0.98335 0.01665
0.35741 0.64259
0.37312 0.62688
0.98335 0.01665
0.31765 0.68235
0.31765 0.68235
0.80491 0.19509
0.28495 0.71505
0.64263 0.35737
0.88112 0.11888
0.44222 0.55778
0.47467 0.52533
0.59775 0.40225
0.11613 0.88387
0.20351 0.79649
0.82846 0.17154
0.14811 0.85189
0.25803 0.74197
0.65900 0.34100
0.63686 0.36314
0.99693 0.00307
0.99473 0.00527
0.97348 0.02652
0.99703 0.00297
0.99501 0.00499
0.99425 0.00575
0.98026 0.01974
0.96051 0.03949
0.32026 0.67974
0.28430 0.71570
0.95350 0.04650
0.95350 0.04650
0.91848 0.08152
0.91848 0.08152
0.98473 0.01527
0.97145 0.02855
0.97455 0.02545
0.38405 0.61595
0.33315 0.66685
0.71216 0.28784
0.73481 0.26519
0.64639 0.35361
0.65944 0.34056
0.63486 0.36514
0.14395 0.85605
0.95589 0.04411
0.21155 0.78845
0.99487 0.00513
0.29112 0.70888
0.14606 0.85394
0.09550 0.90450
0.14086 0.85914
0.37080 0.62920
0.18021 0.81979
0.95453 0.04547
0.81389 0.18611
0.82399 0.17601
0.11816 0.88184
0.14822 0.85178
0.66538 0.33462
0.25550 0.74450
0.97198 0.02802
0.99954 0.00046
0.73881 0.26119
0.90409 0.09591
0.26400 0.73601
0.84010 0.15990
0.91685 0.08315
0.51460 0.48540
0.45868 0.54132
0.96224 0.03776
0.99603 0.00397
0.34409 0.65591
0.99123 0.00877
0.10348 0.89652
0.30065 0.69935
0.98442 0.01558
0.99996 0.00004
0.99999 0.00001
0.96119 0.03881
0.99125 0.00875
0.99814 0.00186
0.83006 0.16994
0.10187 0.89813
0.35578 0.64422
0.13534 0.86466
0.96346 0.03654
0.10103 0.89897
0.99467 0.00533
0.99676 0.00324
0.20026 0.79974
0.25715 0.74285
0.99255 0.00745
0.99478 0.00522
0.99376 0.00624
0.89301 0.10699
0.94206 0.05794
0.17332 0.82668
0.16486 0.83514
0.99213 0.00787
0.33869 0.66131
0.88282 0.11718
0.15687 0.84313
0.28694 0.71306
0.97326 0.02674
0.23330 0.76670
0.26530 0.73470
0.52350 0.47650
0.30624 0.69376
0.43901 0.56099
0.45331 0.54669
0.67788 0.32212
0.97499 0.02501
0.89940 0.10060
0.95380 0.04620
0.98235 0.01765
0.95886 0.04114
