0.92054 0.07946
0.75752 0.24248
0.95169 0.04831
0.37132 0.62868
0.37617 0.62383
0.72789 0.27211
0.18463 0.81537
0.20382 0.79618
0.83541 0.16459
0.06562 0.93438
0.08414 0.91586
0.35968 0.64032
0.17185 0.82815
0.57563 0.42437
0.08370 0.91630
0.24939 0.75061
0.86392 0.13608
0.49423 0.50577
0.34561 0.65439
0.48006 0.51994
0.59048 0.40952
0.59143 0.40857
0.09267 0.90733
0.05262 0.94738
0.25886 0.74114
0.39817 0.60183
0.99949 0.00051
0.95836 0.04164
0.99847 0.00153
0.32197 0.67803
0.97183 0.02817
0.52515 0.47485
0.51389 0.48611
0.60163 0.39837
0.99894 0.00106
0.99894 0.00106
0.99894 0.00106
0.92493 0.07507
0.99969 0.00031
0.99959 0.00041
0.99959 0.00041
0.99959 0.00041
0.92493 0.07507
0.99969 0.00031
0.99959 0.00041
0.99959 0.00041
0.99959 0.00041
0.99133 0.00867
0.99765 0.00235
0.99133 0.00867
0.99590 0.00410
0.99951 0.00049
0.99590 0.00410
0.99951 0.00049
0.97587 0.02413
0.63523 0.36477
0.64202 0.35798
0.08145 0.91855
0.82541 0.17459
0.98875 0.01125
0.22489 0.77511
0.60268 0.39732
0.11946 0.88054
0.61546 0.38454
0.20284 0.79716
0.20284 0.79716
0.99752 0.00248
0.99990 0.00010
0.61957 0.38043
0.16774 0.83226
0.16774 0.83226
0.13810 0.86190
0.33296 0.66704
0.77173 0.22827
0.23731 0.76269
0.44124 0.55876
0.85315 0.14685
0.26409 0.73591
0.89551 0.10449
0.40986 0.59014
0.60070 0.39930
0.16430 0.83570
0.66146 0.33854
0.24178 0.75822
0.28443 0.71557
0.24178 0.75822
0.15879 0.84121
0.21626 0.78374
0.12867 0.87133
0.19014 0.80986
0.10423 0.89577
0.41628 0.58372
0.22541 0.77459
0.41628 0.58372
0.22541 0.77459
0.68498 0.31502
0.31963 0.68037
0.75171 0.24829
0.40432 0.59568
0.39571 0.60429
0.56958 0.43042
0.18994 0.81006
0.13103 0.86897
0.17054 0.82946
0.13157 0.86843
0.19097 0.80903
0.37623 0.62377
0.49410 0.50590
0.48290 0.51710
0.47347 0.52653
0.56939 0.43061
0.12688 0.87312
0.99964 0.00036
0.30012 0.69988
0.99991 0.00009
0.99991 0.00009
0.77482 0.22518
0.80282 0.19718
0.54622 0.45378
0.99992 0.00008
0.99995 0.00005
0.99994 0.00006
0.10778 0.89222
0.99879 0.00121
0.99802 0.00198
0.16030 0.83970
0.24490 0.75510
0.15604 0.84396
0.24168 0.75832
0.13221 0.86779
0.12533 0.87467
0.19172 0.80828
0.14176 0.85824
0.14176 0.85824
0.14871 0.85129
0.14871 0.85129
0.16929 0.83071
0.28035 0.71965
0.23017 0.76983
0.23017 0.76983
0.20014 0.79986
0.33284 0.66716
0.35635 0.64365
0.38995 0.61005
0.20662 0.79338
0.25951 0.74049
0.30779 0.69221
0.26471 0.73529
0.35041 0.64959
0.34979 0.65021
0.37901 0.62099
0.22782 0.77218
0.31917 0.68083
0.27580 0.72420
0.92621 0.07379
0.96897 0.03103
0.53844 0.46156
0.14533 0.85467
0.21812 0.78188
0.22504 0.77496
0.22845 0.77155
0.22504 0.77496
0.22845 0.77155
0.34437 0.65563
0.78047 0.21953
0.52858 0.47142
0.13792 0.86208
0.31193 0.68807
0.94880 0.05120
0.30302 0.69698
0.31186 0.68814
0.94880 0.05120
0.94880 0.05120
0.94880 0.05120
0.31298 0.68702
0.87596 0.12404
0.26091 0.73909
0.19731 0.80269
0.87439 0.12561
0.91132 0.08868
0.99967 0.00033
0.61302 0.38698
0.91956 0.08044
0.09094 0.90906
0.99882 0.00118
0.16268 0.83732
0.98999 0.01001
0.98635 0.01365
0.46043 0.53957
0.54773 0.45227
0.66263 0.33737
0.11477 0.88523
0.25063 0.74937
0.57863 0.42137
0.94520 0.05480
0.17901 0.82099
0.99525 0.00475
0.07068 0.92932
0.15753 0.84247
0.89090 0.10910
0.78366 0.21634
0.38335 0.61665
0.33838 0.66162
0.99283 0.00717
0.99283 0.00717
0.99822 0.00178
0.99822 0.00178
0.72506 0.27494
0.72506 0.27494
0.37131 0.62869
0.93373 0.06627
0.99755 0.00245
0.97357 0.02643
0.81224 0.18776
0.50571 0.49429
0.47547 0.52453
0.92652 0.07348
0.99936 0.00064
0.99936 0.00064
0.77158 0.22842
0.77158 0.22842
0.59097 0.40903
0.30487 0.69513
0.09179 0.90821
0.33374 0.66626
0.25548 0.74452
0.18522 0.81478
0.26191 0.73809
0.20098 0.79902
0.57819 0.42181
0.53052 0.46948
0.63362 0.36638
0.99381 0.00619
0.99996 0.00004
0.99997 0.00003
0.99994 0.00006
0.89333 0.10667
0.72948 0.27052
0.46326 0.53674
0.25815 0.74185
0.46326 0.53674
0.46326 0.53674
0.25815 0.74185
0.46326 0.53674
0.45623 0.54377
0.67382 0.32618
0.79625 0.20375
0.17831 0.82169
0.17831 0.82169
0.19378 0.80622
0.73138 0.26862
0.93097 0.06903
0.99345 0.00655
0.65898 0.34102
0.38421 0.61579
0.97689 0.02311
0.14965 0.85035
0.95495 0.04505
0.55248 0.44752
0.97116 0.02884
0.49302 0.50698
0.75051 0.24949
0.92003 0.07997
0.80580 0.19420
0.71431 0.28569
0.76384 0.23616
0.14749 0.85251
0.91709 0.08291
0.07792 0.92208
0.12849 0.87151
0.10297 0.89703
0.30783 0.69217
0.99783 0.00217
0.20774 0.79226
0.97697 0.02302
0.41514 0.58486
0.40418 0.59582
0.97269 0.02731
0.39693 0.60307
0.38682 0.61318
0.88871 0.11129
0.95715 0.04285
0.95479 0.04521
0.99986 0.00014
0.99984 0.00016
0.99964 0.00036
0.99961 0.00039
0.99983 0.00017
0.99981 0.00019
0.88212 0.11788
0.98520 0.01480
0.96152 0.03848
0.08572 0.91428
0.08404 0.91596
0.92497 0.07503
0.91837 0.08163
0.17458 0.82542
0.31338 0.68662
0.92020 0.07980
0.31338 0.68662
0.92020 0.07980
0.35290 0.64710
0.86515 0.13485
0.99722 0.00278
0.13582 0.86418
0.22114 0.77886
0.22141 0.77859
0.20909 0.79091
0.79403 0.20597
0.81165 0.18835
0.42241 0.57759
0.94077 0.05923
0.91366 0.08634
0.86664 0.13336
0.99801 0.00199
0.97341 0.02659
0.89696 0.10304
0.99699 0.00301
0.93660 0.06340
0.79231 0.20769
0.86484 0.13516
0.99941 0.00059
0.92546 0.07454
0.86440 0.13560
0.90588 0.09412
0.98790 0.01210
0.94240 0.05760
0.56793 0.43207
0.90588 0.09412
0.98790 0.01210
0.94240 0.05760
0.56793 0.43207
0.97910 0.02090
0.96158 0.03842
0.99831 0.00169
0.98870 0.01130
0.99926 0.00074
0.99739 0.00261
0.64804 0.35196
0.56855 0.43145
0.69508 0.30492
0.76043 0.23957
0.76043 0.23957
0.73939 0.26061
0.98230 0.01770
0.97453 0.02547
0.97440 0.02560
0.96504 0.03496
0.94772 0.05228
0.31930 0.68070
0.53153 0.46847
0.47406 0.52594
0.53153 0.46847
0.47406 0.52594
0.48331 0.51669
0.81368 0.18632
0.48331 0.51669
0.81368 0.18632
0.69165 0.30835
0.26358 0.73642
0.97984 0.02016
0.41225 0.58775
0.90198 0.09802
0.32735 0.67265
0.23960 0.76040
0.81794 0.18206
0.56929 0.43071
0.40525 0.59475
0.35222 0.64778
0.32246 0.67754
0.33325 0.66675
0.33849 0.66151
0.32980 0.67020
0.86300 0.13700
0.86300 0.13700
0.57923 0.42077
0.57923 0.42077
0.17560 0.82440
0.17560 0.82440
0.15462 0.84538
0.95005 0.04995
0.15962 0.84038
0.95390 0.04610
0.65450 0.34550
0.65450 0.34550
0.65450 0.34550
0.97405 0.02595
0.97405 0.02595
0.97405 0.02595
0.65450 0.34550
0.65450 0.34550
0.65450 0.34550
0.65450 0.34550
0.65450 0.34550
0.65450 0.34550
0.21792 0.78208
0.59742 0.40258
0.64220 0.35780
0.26973 0.73027
0.99413 0.00587
0.33348 0.66652
0.85093 0.14907
0.23482 0.76518
0.15835 0.84165
0.99879 0.00121
0.99839 0.00161
0.99839 0.00161
0.49237 0.50763
0.49237 0.50763
0.75608 0.24392
0.36894 0.63106
0.90637 0.09363
0.53128 0.46872
0.94069 0.05931
0.72159 0.27841
0.72159 0.27841
0.75882 0.24118
0.71544 0.28456
0.73664 0.26336
0.99587 0.00413
0.43278 0.56722
0.47659 0.52341
0.90924 0.09076
0.94227 0.05773
0.99776 0.00224
0.44352 0.55648
0.48566 0.51434
0.99805 0.00195
0.47196 0.52804
0.51430 0.48570
0.38931 0.61069
0.49852 0.50148
0.23884 0.76116
0.38870 0.61130
0.22233 0.77767
0.23623 0.76377
0.97165 0.02835
0.87108 0.12892
0.99632 0.00368
0.95936 0.04064
0.99694 0.00306
0.97979 0.02021
0.98300 0.01700
0.15144 0.84856
0.10610 0.89390
0.15101 0.84899
0.14357 0.85643
0.67759 0.32241
0.99904 0.00096
0.96659 0.03341
0.99839 0.00161
0.18848 0.81152
0.19753 0.80247
0.14406 0.85594
0.14955 0.85045
0.23295 0.76705
0.79262 0.20738
0.25984 0.74016
0.27944 0.72056
0.20911 0.79089
0.20911 0.79089
0.66100 0.33900
0.65049 0.34951
0.70097 0.29903
0.61214 0.38786
0.67525 0.32475
0.66440 0.33560
0.71387 0.28613
0.62658 0.37342
0.99560 0.00440
0.99524 0.00476
0.99434 0.00566
0.99509 0.00491
0.99463 0.00537
0.99505 0.00495
0.99524 0.00476
0.99434 0.00566
0.99509 0.00491
0.99463 0.00537
0.99505 0.00495
0.99047 0.00953
0.98621 0.01379
0.95454 0.04546
0.94970 0.05030
0.47305 0.52695
0.99996 0.00004
0.99996 0.00004
0.90804 0.09196
0.99571 0.00429
0.76579 0.23421
0.99962 0.00038
0.86180 0.13820
0.99636 0.00364
0.88467 0.11533
0.67455 0.32545
0.67455 0.32545
0.67455 0.32545
0.82280 0.17720
0.78897 0.21103
0.98320 0.01680
0.81019 0.18981
0.79912 0.20088
0.99928 0.00072
0.89585 0.10415
0.87124 0.12876
0.07373 0.92627
0.81893 0.18107
0.99945 0.00055
0.87650 0.12350
0.64996 0.35004
0.17548 0.82452
0.92702 0.07298
0.98958 0.01042
0.22243 0.77757
0.14753 0.85247
0.17101 0.82899
0.23622 0.76378
0.07847 0.92153
0.42217 0.57783
0.96206 0.03794
0.89085 0.10915
0.99955 0.00045
0.96164 0.03836
0.96164 0.03836
0.19268 0.80732
0.72261 0.27739
0.99812 0.00188
0.92185 0.07815
0.74907 0.25093
0.98539 0.01461
0.98539 0.01461
0.98642 0.01358
0.97683 0.02317
0.97491 0.02509
0.94725 0.05275
0.14956 0.85044
0.98954 0.01046
0.35356 0.64644
0.95846 0.04154
0.99165 0.00835
0.98103 0.01897
0.72037 0.27963
0.95053 0.04947
0.15116 0.84884
0.94725 0.05275
0.14956 0.85044
0.98954 0.01046
0.35356 0.64644
0.98490 0.01510
0.99729 0.00271
0.99963 0.00037
0.39154 0.60846
0.59935 0.40065
0.59453 0.40547
0.99772 0.00228
0.68799 0.31201
0.99852 0.00148
0.75149 0.24851
0.99905 0.00095
0.60692 0.39308
0.99768 0.00232
0.31532 0.68468
0.31532 0.68468
0.31532 0.68468
0.31532 0.68468
0.99941 0.00059
0.62505 0.37495
0.11851 0.88149
0.62222 0.37778
0.48821 0.51179
0.27471 0.72529
0.95498 0.04502
0.29239 0.70761
0.99946 0.00054
0.19919 0.80081
0.29822 0.70178
0.26838 0.73162
0.87518 0.12482
0.35865 0.64135
0.36477 0.63523
0.32225 0.67775
0.30664 0.69336
0.27641 0.72359
0.27754 0.72246
0.33358 0.66642
0.42468 0.57532
0.39826 0.60174
0.42468 0.57532
0.39826 0.60174
0.99969 0.00031
0.99824 0.00176
0.98457 0.01543
0.98918 0.01082
0.99945 0.00055
0.99945 0.00055
0.91318 0.08682
0.93011 0.06989
0.81169 0.18831
0.81169 0.18831
0.83759 0.16241
0.86634 0.13366
0.85740 0.14260
0.85740 0.14260
0.87795 0.12205
0.99953 0.00047
0.99894 0.00106
0.99894 0.00106
0.85711 0.14289
0.88299 0.11701
0.99976 0.00024
0.99972 0.00028
0.66770 0.33230
0.66770 0.33230
0.99146 0.00854
0.82927 0.17073
0.85861 0.14139
0.99893 0.00107
0.99677 0.00323
0.27001 0.72999
0.82776 0.17224
0.38672 0.61328
0.99801 0.00199
0.30493 0.69507
0.87292 0.12708
0.76780 0.23220
0.46554 0.53446
0.26624 0.73376
0.26624 0.73376
0.53983 0.46017
0.53983 0.46017
0.99778 0.00222
0.99778 0.00222
0.64871 0.35129
0.64871 0.35129
0.85231 0.14769
0.98433 0.01567
0.69882 0.30118
0.15570 0.84430
0.64959 0.35041
0.38911 0.61089
0.84283 0.15717
0.23109 0.76891
0.64959 0.35041
0.38911 0.61089
0.82357 0.17643
0.22150 0.77850
0.64959 0.35041
0.38911 0.61089
0.59498 0.40502
0.99799 0.00201
0.18382 0.81618
0.18382 0.81618
0.15861 0.84139
0.15861 0.84139
0.67293 0.32707
0.67293 0.32707
0.64907 0.35093
0.78724 0.21276
0.74129 0.25871
0.47333 0.52667
0.47333 0.52667
0.28790 0.71210
0.39087 0.60913
0.96751 0.03249
0.98395 0.01605
0.44600 0.55400
0.98730 0.01270
0.99519 0.00481
0.98873 0.01127
0.52540 0.47460
0.37238 0.62761
0.98576 0.01424
0.39436 0.60564
0.53998 0.46002
0.99381 0.00619
0.22942 0.77058
0.33313 0.66687
0.14061 0.85939
0.99863 0.00137
0.09783 0.90217
0.11651 0.88349
0.49628 0.50372
0.28158 0.71842
0.95518 0.04482
0.97963 0.02037
0.49890 0.50110
0.98180 0.01820
0.65128 0.34872
0.54273 0.45727
0.75833 0.24167
0.99852 0.00148
0.99635 0.00365
0.84798 0.15202
0.98119 0.01881
0.99635 0.00365
0.99592 0.00408
0.99635 0.00365
0.68697 0.31303
0.98385 0.01615
0.68579 0.31421
0.99269 0.00731
0.42377 0.57623
0.97601 0.02399
0.99619 0.00381
0.99655 0.00345
0.81275 0.18725
0.58419 0.41581
0.98815 0.01185
0.99595 0.00405
0.99498 0.00502
0.54455 0.45545
0.72226 0.27774
0.47616 0.52384
0.99557 0.00443
0.67086 0.32914
0.10766 0.89234
0.10189 0.89811
0.24040 0.75960
0.11886 0.88114
0.34541 0.65459
0.55332 0.44668
0.31639 0.68361
0.55332 0.44668
0.47410 0.52590
0.13146 0.86854
0.35535 0.64465
0.21806 0.78194
0.55457 0.44543
0.12343 0.87657
0.12841 0.87159
0.44917 0.55083
0.64372 0.35628
0.61615 0.38385
0.09843 0.90157
0.18870 0.81130
0.62489 0.37511
0.98687 0.01313
0.97844 0.02156
0.80679 0.19321
0.78379 0.21621
0.90483 0.09517
0.68885 0.31115
0.99412 0.00588
0.99405 0.00595
0.83507 0.16493
0.86686 0.13314
0.88545 0.11455
0.99992 0.00008
0.91915 0.08085
0.99920 0.00080
0.99920 0.00080
0.99898 0.00102
0.99158 0.00842
0.99158 0.00842
0.99937 0.00063
0.99937 0.00063
0.99937 0.00063
0.99937 0.00063
0.99976 0.00024
0.99976 0.00024
0.99932 0.00068
0.99932 0.00068
0.99985 0.00015
0.53241 0.46759
0.99987 0.00013
0.99926 0.00074
0.06155 0.93845
0.15697 0.84303
0.15709 0.84291
0.16938 0.83062
0.18925 0.81075
0.06114 0.93886
0.06598 0.93402
0.27067 0.72933
0.91501 0.08499
0.37139 0.62861
0.16435 0.83565
0.79886 0.20114
0.20834 0.79166
0.22865 0.77135
0.80114 0.19886
0.99947 0.00053
0.99306 0.00694
0.99927 0.00073
0.54542 0.45458
0.98053 0.01947
0.97942 0.02058
0.99926 0.00074
0.99871 0.00129
0.99871 0.00129
0.99871 0.00129
0.86155 0.13845
0.88278 0.11722
0.99871 0.00129
0.89228 0.10772
0.99785 0.00215
0.90681 0.09319
0.55611 0.44389
0.61409 0.38591
0.57443 0.42557
0.24056 0.75944
0.51725 0.48275
0.62625 0.37375
0.08679 0.91321
0.65134 0.34866
0.11995 0.88005
0.51250 0.48750
0.16248 0.83752
0.76945 0.23055
0.32109 0.67891
0.57428 0.42572
0.86253 0.13747
0.49661 0.50339
0.35993 0.64007
0.61596 0.38404
0.88616 0.11384
0.25074 0.74926
0.64783 0.35217
0.66687 0.33313
0.99963 0.00037
0.98156 0.01844
0.99991 0.00009
0.30829 0.69171
0.64595 0.35405
0.15303 0.84697
0.72129 0.27871
0.99818 0.00182
0.22588 0.77412
0.03938 0.96062
0.07739 0.92261
0.25483 0.74517
0.99862 0.00138
0.08768 0.91232
0.65224 0.34776
0.12701 0.87299
0.12388 0.87612
0.92306 0.07694
0.71293 0.28707
0.95710 0.04290
0.21092 0.78908
0.99031 0.00969
0.84135 0.15865
0.64977 0.35023
0.06216 0.93784
0.11906 0.88094
0.18883 0.81117
0.60116 0.39884
0.51643 0.48357
0.41464 0.58536
0.38433 0.61567
0.79910 0.20090
0.39052 0.60948
0.78890 0.21110
0.48128 0.51872
0.71316 0.28684
0.19350 0.80650
0.71316 0.28684
0.46556 0.53444
0.96156 0.03844
0.98995 0.01005
0.98995 0.01005
0.56248 0.43752
0.91717 0.08283
0.10344 0.89656
0.07687 0.92313
0.57916 0.42084
0.39383 0.60617
0.99998 0.00002
0.32607 0.67393
0.18308 0.81692
0.16118 0.83882
0.40162 0.59838
0.33784 0.66216
0.30522 0.69478
0.23983 0.76017
0.89365 0.10635
0.81953 0.18047
0.76399 0.23601
0.94318 0.05682
0.94636 0.05364
0.78400 0.21600
0.78129 0.21871
0.78400 0.21600
0.78129 0.21871
0.29710 0.70290
0.36599 0.63401
0.91434 0.08566
0.14013 0.85987
0.11490 0.88510
0.28059 0.71941
0.28059 0.71941
0.97484 0.02516
0.96066 0.03934
0.96066 0.03934
0.97405 0.02595
0.95936 0.04064
0.95936 0.04064
0.12549 0.87451
0.10004 0.89996
0.07513 0.92487
0.06929 0.93071
0.22006 0.77994
0.59810 0.40190
0.80465 0.19535
0.33832 0.66168
0.33832 0.66168
0.39003 0.60997
0.75453 0.24547
0.79896 0.20104
0.79896 0.20104
0.98547 0.01453
0.75453 0.24547
0.65325 0.34675
0.43735 0.56265
0.56022 0.43978
0.99890 0.00110
0.84048 0.15952
0.99976 0.00024
0.99342 0.00658
0.65926 0.34074
0.98628 0.01372
0.84516 0.15484
0.19136 0.80864
0.77636 0.22364
0.44214 0.55786
0.92542 0.07458
0.27087 0.72913
0.15133 0.84867
0.17758 0.82242
0.33817 0.66183
0.76839 0.23161
0.95941 0.04059
0.18626 0.81374
0.63704 0.36296
0.58152 0.41848
0.42963 0.57037
0.63704 0.36296
0.58152 0.41848
0.42963 0.57037
0.99441 0.00559
0.99274 0.00726
0.81511 0.18489
0.35330 0.64670
0.15479 0.84521
0.20559 0.79441
0.20559 0.79441
0.42737 0.57263
0.42737 0.57263
0.20559 0.79441
0.20559 0.79441
0.79936 0.20064
0.98827 0.01173
0.96023 0.03976
0.64148 0.35852
0.10689 0.89311
0.67314 0.32686
0.96053 0.03947
0.97613 0.02387
0.92924 0.07076
0.57649 0.42351
0.95889 0.04111
0.91430 0.08570
0.92816 0.07184
0.82645 0.17355
0.38511 0.61489
0.80987 0.19013
0.63158 0.36842
0.19930 0.80070
0.79716 0.20284
0.99535 0.00465
0.18831 0.81169
0.25154 0.74846
0.32211 0.67789
0.32211 0.67789
0.32211 0.67789
0.23465 0.76535
0.33772 0.66228
0.33772 0.66228
0.54416 0.45584
0.91121 0.08879
0.86837 0.13163
0.86867 0.13133
0.41199 0.58801
0.85139 0.14861
0.40113 0.59887
0.38853 0.61147
0.43470 0.56530
0.99736 0.00264
0.17692 0.82308
0.16846 0.83154
0.26215 0.73785
0.11338 0.88662
0.13290 0.86710
0.15569 0.84431
0.17588 0.82412
0.16262 0.83738
0.46676 0.53324
0.57215 0.42785
0.99886 0.00114
0.57215 0.42785
0.57215 0.42785
0.57860 0.42140
0.29680 0.70320
0.32601 0.67399
0.32601 0.67399
0.19308 0.80692
0.72808 0.27192
0.90119 0.09881
0.99935 0.00065
0.23243 0.76757
0.91377 0.08623
0.87848 0.12152
0.75155 0.24845
0.99791 0.00209
0.99909 0.00091
0.97539 0.02461
0.26609 0.73391
0.99702 0.00298
0.22150 0.77850
0.32287 0.67713
0.97245 0.02755
0.94711 0.05289
0.99754 0.00246
0.97264 0.02736
0.99871 0.00129
0.99871 0.00129
0.18670 0.81330
0.18670 0.81330
0.81693 0.18307
0.77032 0.22968
0.72747 0.27253
0.72747 0.27253
0.83873 0.16127
0.75548 0.24452
0.22498 0.77502
0.79247 0.20753
0.53529 0.46471
0.48495 0.51505
0.48495 0.51505
0.86387 0.13613
0.63096 0.36904
0.63096 0.36904
0.86387 0.13613
0.86387 0.13613
0.63096 0.36904
0.64443 0.35557
0.80797 0.19203
0.84482 0.15518
0.82346 0.17654
0.80624 0.19376
0.33528 0.66472
0.17930 0.82070
0.99988 0.00012
0.17930 0.82070
0.99988 0.00012
0.99982 0.00018
0.99982 0.00018
0.99646 0.00354
0.99938 0.00062
0.99999 0.00001
0.34439 0.65561
0.99990 0.00010
0.06078 0.93922
0.23082 0.76918
0.24521 0.75479
0.23786 0.76214
0.13269 0.86731
0.13269 0.86731
0.14488 0.85512
0.14488 0.85512
0.14993 0.85007
0.14993 0.85007
0.14672 0.85328
0.26273 0.73727
0.21086 0.78914
0.68699 0.31301
0.68799 0.31201
0.68699 0.31301
0.68799 0.31201
0.12722 0.87278
0.46451 0.53549
0.99491 0.00509
0.08659 0.91341
0.48531 0.51469
0.47083 0.52917
0.96282 0.03718
0.16227 0.83773
0.86867 0.13133
0.50488 0.49512
0.83765 0.16235
0.85100 0.14900
0.53157 0.46843
0.53442 0.46558
0.61932 0.38068
0.55487 0.44513
0.63933 0.36067
0.99873 0.00127
0.46092 0.53908
0.85100 0.14900
0.53157 0.46843
0.18420 0.81580
0.67767 0.32233
0.75429 0.24571
0.10816 0.89184
0.10816 0.89184
0.20198 0.79802
0.20198 0.79802
0.30092 0.69908
0.30092 0.69908
0.13766 0.86234
0.34541 0.65459
0.76039 0.23961
0.10986 0.89014
0.37155 0.62845
0.44010 0.55990
0.17802 0.82198
0.99270 0.00730
0.34904 0.65096
0.99860 0.00140
0.33898 0.66102
0.99992 0.00008
0.99988 0.00012
0.99820 0.00180
0.99996 0.00004
1.00000 0.00000
0.93461 0.06539
0.97945 0.02055
0.86620 0.13380
0.64693 0.35307
0.18996 0.81004
0.22430 0.77570
0.99764 0.00236
0.35815 0.64185
0.40194 0.59806
0.35394 0.64606
0.40637 0.59363
0.45277 0.54723
0.40363 0.59637
0.88360 0.11640
0.96396 0.03604
0.98771 0.01229
0.83337 0.16663
0.93180 0.06820
0.93757 0.06243
0.92042 0.07958
0.92042 0.07958
0.92317 0.07683
0.92042 0.07958
0.98738 0.01262
0.98556 0.01444
0.97478 0.02522
0.97337 0.02663
0.99997 0.00003
0.64130 0.35870
0.61731 0.38269
0.66222 0.33778
0.99944 0.00056
0.63722 0.36278
0.99944 0.00056
0.65632 0.34368
0.65299 0.34701
0.63145 0.36855
0.97626 0.02374
0.99998 0.00002
0.99998 0.00002
0.33447 0.66553
0.33447 0.66553
0.86955 0.13045
0.86955 0.13045
0.88643 0.11357
0.88643 0.11357
0.44840 0.55160
0.44840 0.55160
0.99130 0.00870
0.99130 0.00870
0.35192 0.64808
0.35192 0.64808
0.72361 0.27639
0.72361 0.27639
0.67928 0.32072
0.67928 0.32072
0.50161 0.49839
0.50161 0.49839
0.90752 0.09248
0.90013 0.09987
0.99974 0.00026
0.99974 0.00026
0.63642 0.36358
0.61866 0.38134
0.44800 0.55200
0.44800 0.55200
0.98399 0.01601
0.54479 0.45521
0.57307 0.42693
0.99991 0.00009
0.99785 0.00215
0.96782 0.03218
0.99421 0.00579
0.99433 0.00567
0.99900 0.00100
0.28498 0.71502
0.25314 0.74686
0.33939 0.66061
0.99949 0.00051
0.99516 0.00484
0.99808 0.00192
0.98843 0.01157
0.12675 0.87325
0.99886 0.00114
0.16526 0.83474
0.95512 0.04488
0.99919 0.00081
0.99198 0.00802
0.99997 0.00003
0.99985 0.00015
0.99984 0.00016
0.99996 0.00004
0.99982 0.00018
0.31328 0.68672
0.48099 0.51901
0.30324 0.69676
0.38443 0.61557
0.55772 0.44228
0.37193 0.62807
0.99984 0.00016
0.99996 0.00004
0.99982 0.00018
0.40664 0.59336
0.38332 0.61668
0.57688 0.42312
0.59712 0.40288
0.26054 0.73946
0.88866 0.11134
0.90212 0.09788
0.73786 0.26214
0.34003 0.65997
0.39728 0.60272
0.33943 0.66057
0.98889 0.01111
0.99352 0.00648
0.99733 0.00267
0.76270 0.23730
0.99587 0.00413
0.26230 0.73770
0.60045 0.39955
0.51472 0.48528
0.18891 0.81109
0.04428 0.95572
0.93572 0.06428
0.32321 0.67679
0.95728 0.04272
0.39200 0.60800
0.96219 0.03781
0.98259 0.01741
0.94349 0.05651
0.97111 0.02889
0.92549 0.07451
0.29542 0.70458
0.45775 0.54225
0.97225 0.02775
0.74000 0.26000
0.62367 0.37633
0.42034 0.57966
0.47451 0.52549
0.69165 0.30835
0.58696 0.41304
0.12556 0.87444
0.45369 0.54631
0.99645 0.00355
0.98716 0.01284
0.96216 0.03784
0.89940 0.10060
0.77985 0.22015
0.77985 0.22015
0.59079 0.40921
0.59079 0.40921
0.60709 0.39291
0.68731 0.31269
0.99445 0.00555
0.99536 0.00464
0.99738 0.00262
0.99182 0.00818
0.44609 0.55391
0.43320 0.56680
0.99791 0.00209
0.95955 0.04045
0.96766 0.03234
0.97410 0.02590
0.23370 0.76630
0.90880 0.09120
0.93155 0.06845
0.89115 0.10885
0.39388 0.60612
0.75186 0.24814
0.99962 0.00038
0.18275 0.81725
0.73653 0.26347
0.97593 0.02407
0.97591 0.02409
0.99997 0.00003
0.33998 0.66002
0.87188 0.12812
0.32824 0.67176
0.85485 0.14515
0.86469 0.13531
0.31273 0.68727
0.48491 0.51509
0.69805 0.30195
0.99188 0.00812
0.80875 0.19125
0.90915 0.09085
0.03524 0.96476
0.87149 0.12851
0.34742 0.65258
0.31386 0.68614
0.34742 0.65258
0.31386 0.68614
0.25232 0.74768
0.23526 0.76474
0.99636 0.00364
0.29190 0.70810
0.29814 0.70186
0.61855 0.38145
0.12062 0.87938
0.92290 0.07710
0.31818 0.68182
0.89360 0.10640
0.11919 0.88081
0.47660 0.52340
0.23938 0.76062
0.23938 0.76062
0.47660 0.52340
0.23938 0.76062
0.25869 0.74131
0.20523 0.79477
0.42975 0.57025
0.71043 0.28957
0.81449 0.18551
0.76616 0.23384
0.98394 0.01606
0.97425 0.02575
0.68877 0.31123
0.97307 0.02693
0.90730 0.09270
0.52435 0.47565
0.49542 0.50458
0.22952 0.77048
0.22883 0.77117
0.65848 0.34152
0.64078 0.35922
0.14504 0.85496
0.12285 0.87715
0.88209 0.11791
0.36109 0.63891
0.93435 0.06565
0.92019 0.07981
0.88656 0.11344
0.47511 0.52489
0.59835 0.40165
0.13892 0.86108
0.31927 0.68073
0.22751 0.77249
0.46890 0.53110
0.28795 0.71205
0.28795 0.71205
0.36061 0.63939
0.36061 0.63939
0.34626 0.65374
0.34626 0.65374
0.26160 0.73840
0.22827 0.77173
0.26160 0.73840
0.26294 0.73706
0.22827 0.77173
0.29502 0.70498
0.29502 0.70498
0.40113 0.59887
0.43124 0.56876
0.51345 0.48655
0.48970 0.51030
0.97036 0.02964
0.95961 0.04039
0.42383 0.57617
0.38573 0.61427
0.87429 0.12571
0.99981 0.00019
0.30317 0.69683
0.20849 0.79151
0.99134 0.00866
0.94976 0.05024
0.29559 0.70441
0.96313 0.03687
0.29559 0.70441
0.96313 0.03687
0.99998 0.00002
0.14213 0.85787
0.18079 0.81921
0.14424 0.85576
0.44001 0.55999
0.40331 0.59669
0.99996 0.00004
0.99708 0.00292
0.87350 0.12650
0.56697 0.43303
0.18033 0.81967
0.22852 0.77148
0.35580 0.64420
0.77974 0.22026
0.42107 0.57893
0.98869 0.01131
0.98863 0.01137
0.96721 0.03279
0.27135 0.72865
0.47371 0.52629
0.28775 0.71225
0.97972 0.02028
0.25735 0.74265
0.99480 0.00520
0.19123 0.80877
0.20750 0.79250
0.18743 0.81257
0.93658 0.06342
0.21993 0.78007
0.21166 0.78834
0.97000 0.03000
0.95746 0.04254
0.97423 0.02577
0.96347 0.03653
0.19305 0.80695
0.25578 0.74422
0.87514 0.12486
0.26895 0.73105
0.28614 0.71386
0.54855 0.45145
0.56978 0.43022
0.05142 0.94858
0.92903 0.07097
0.20507 0.79493
0.98592 0.01408
0.21450 0.78550
0.19698 0.80302
0.19083 0.80917
0.21616 0.78384
0.20957 0.79043
0.25844 0.74156
0.98634 0.01366
0.24064 0.75936
0.99749 0.00251
0.99777 0.00223
0.04858 0.95142
0.48175 0.51825
0.14825 0.85175
0.82627 0.17373
0.31473 0.68527
0.85764 0.14236
0.90222 0.09778
0.92787 0.07213
0.26157 0.73843
0.84705 0.15295
0.92246 0.07754
0.99984 0.00016
0.92246 0.07754
0.99984 0.00016
0.99928 0.00072
0.55169 0.44831
0.98628 0.01372
0.98628 0.01372
0.96046 0.03954
0.49380 0.50620
0.22567 0.77433
0.50973 0.49027
0.17354 0.82646
0.50301 0.49699
0.99555 0.00445
0.99878 0.00122
0.99742 0.00258
0.77611 0.22389
0.99831 0.00169
0.99496 0.00504
0.50802 0.49198
0.28570 0.71430
0.93713 0.06287
0.86411 0.13589
0.99998 0.00002
0.31192 0.68808
0.26399 0.73601
0.52078 0.47922
0.39477 0.60523
0.29865 0.70135
0.57548 0.42452
0.81636 0.18364
0.75435 0.24565
0.68320 0.31680
0.18282 0.81718
0.59856 0.40144
0.81388 0.18612
0.09652 0.90348
0.90598 0.09402
0.97974 0.02026
0.29718 0.70282
0.41926 0.58074
0.86580 0.13420
0.99018 0.00982
0.40799 0.59201
0.97639 0.02361
0.99999 0.00001
0.99992 0.00008
0.99996 0.00004
0.48177 0.51823
0.99998 0.00002
0.99988 0.00012
0.99998 0.00002
0.49708 0.50292
0.99997 0.00003
0.99984 0.00016
0.99994 0.00006
0.41298 0.58702
0.58557 0.41443
0.99957 0.00043
0.94817 0.05183
0.41645 0.58355
0.57218 0.42782
0.99592 0.00408
0.97197 0.02803
0.59183 0.40817
0.87074 0.12926
0.46313 0.53687
0.99437 0.00563
0.96020 0.03980
0.74520 0.25480
0.85787 0.14213
0.85243 0.14757
0.97958 0.02042
0.71221 0.28779
0.31236 0.68764
0.91775 0.08225
0.94172 0.05828
0.96354 0.03646
0.77987 0.22013
0.24673 0.75327
0.99897 0.00103
0.07529 0.92471
0.17947 0.82053
0.19961 0.80039
0.15396 0.84604
0.55790 0.44210
0.54621 0.45379
0.55790 0.44210
0.55790 0.44210
0.68418 0.31582
0.09063 0.90937
0.09578 0.90422
0.68211 0.31789
0.99576 0.00424
0.99910 0.00090
0.99576 0.00424
0.99910 0.00090
0.32602 0.67398
0.38296 0.61704
0.99171 0.00829
0.32385 0.67615
0.23934 0.76066
0.70690 0.29310
0.11715 0.88285
0.93893 0.06107
0.34394 0.65606
0.53316 0.46684
0.06759 0.93241
0.52011 0.47989
0.53694 0.46306
0.52011 0.47989
0.32379 0.67621
0.47238 0.52762
0.77044 0.22956
0.63159 0.36841
0.95806 0.04194
0.55674 0.44326
0.93693 0.06307
0.99977 0.00023
0.99539 0.00461
0.99664 0.00336
0.56645 0.43355
0.99960 0.00040
0.45584 0.54416
0.70206 0.29794
0.99929 0.00071
0.58920 0.41080
0.99993 0.00007
0.99908 0.00092
0.99996 0.00004
0.03127 0.96873
0.74424 0.25576
0.94893 0.05107
0.08002 0.91998
0.67764 0.32236
0.99885 0.00115
0.85345 0.14655
0.39030 0.60970
0.99917 0.00083
0.59196 0.40804
0.40748 0.59252
0.99930 0.00070
0.61134 0.38866
0.98647 0.01353
0.90844 0.09156
0.99902 0.00098
0.91399 0.08601
0.85084 0.14916
0.99999 0.00001
0.94036 0.05964
1.00000 0.00000
0.33939 0.66061
0.58381 0.41619
0.99368 0.00632
0.97247 0.02753
0.99368 0.00632
0.97247 0.02753
0.99099 0.00901
0.99618 0.00382
0.74138 0.25862
0.99934 0.00066
0.85699 0.14301
0.99967 0.00033
0.85699 0.14301
0.99967 0.00033
0.38656 0.61344
0.65384 0.34616
0.99990 0.00010
0.99647 0.00353
0.11510 0.88490
0.45379 0.54621
0.11723 0.88277
0.42119 0.57881
0.99981 0.00019
0.12722 0.87278
0.11601 0.88399
0.99518 0.00482
0.15261 0.84739
0.08192 0.91808
0.88264 0.11736
0.22095 0.77905
0.89944 0.10056
0.93623 0.06377
0.80524 0.19476
0.82199 0.17801
0.99798 0.00202
0.99782 0.00218
0.99205 0.00795
0.94143 0.05857
0.12716 0.87284
0.04139 0.95861
0.11562 0.88438
0.09524 0.90476
0.15952 0.84048
0.79509 0.20491
0.15952 0.84048
0.79509 0.20491
0.24139 0.75861
0.16657 0.83343
0.19049 0.80951
0.10720 0.89280
0.99998 0.00002
0.87301 0.12699
0.88153 0.11847
0.95999 0.04001
0.79418 0.20582
0.99989 0.00011
0.62171 0.37829
0.73630 0.26370
0.80414 0.19586
0.63714 0.36286
0.63620 0.36380
0.95999 0.04001
0.79418 0.20582
0.99989 0.00011
0.62171 0.37829
0.72695 0.27305
0.82085 0.17915
0.63714 0.36286
0.63620 0.36380
0.67363 0.32637
0.31920 0.68080
0.99829 0.00171
0.16363 0.83637
0.94316 0.05684
0.13883 0.86117
0.81758 0.18242
0.56061 0.43939
0.56061 0.43939
0.28350 0.71650
0.28169 0.71831
0.97899 0.02101
0.29357 0.70643
0.37300 0.62700
0.29004 0.70995
0.37081 0.62919
0.64423 0.35577
0.19580 0.80420
0.25388 0.74612
0.94985 0.05015
0.27695 0.72305
0.42088 0.57912
0.50967 0.49033
0.84994 0.15006
0.18275 0.81725
0.96101 0.03899
0.17086 0.82914
0.26966 0.73034
0.64335 0.35665
0.77185 0.22815
0.26027 0.73973
0.69007 0.30993
0.58442 0.41558
0.71777 0.28223
0.28388 0.71612
0.54457 0.45543
0.64731 0.35269
0.64731 0.35269
0.88340 0.11660
0.64731 0.35269
0.56039 0.43961
0.64772 0.35228
0.64772 0.35228
0.88216 0.11784
0.64772 0.35228
0.54043 0.45957
0.64352 0.35648
0.64352 0.35648
0.87571 0.12429
0.64352 0.35648
0.61565 0.38435
0.61565 0.38435
0.85176 0.14824
0.61172 0.38828
0.37229 0.62771
0.99776 0.00224
0.27896 0.72104
0.20029 0.79971
0.50750 0.49250
0.99859 0.00141
0.55104 0.44896
0.99624 0.00376
0.99818 0.00182
0.98762 0.01238
0.88381 0.11619
0.99360 0.00640
0.99020 0.00980
0.88900 0.11100
0.88900 0.11100
0.88900 0.11100
0.88900 0.11100
0.64552 0.35448
0.64552 0.35448
0.90157 0.09843
0.64552 0.35448
0.64552 0.35448
0.90157 0.09843
0.86885 0.13115
0.79380 0.20620
0.60152 0.39848
0.86885 0.13115
0.79380 0.20620
0.60152 0.39848
0.87790 0.12210
0.12504 0.87496
0.32116 0.67884
0.97964 0.02036
0.99906 0.00094
0.99924 0.00076
0.07906 0.92094
0.09592 0.90409
0.37960 0.62040
0.37960 0.62040
0.55561 0.44439
0.35597 0.64403
0.99878 0.00122
0.99610 0.00390
0.50287 0.49713
0.64434 0.35566
0.51712 0.48288
0.64434 0.35566
0.23044 0.76956
0.94153 0.05847
0.99925 0.00075
0.57120 0.42880
0.08280 0.91720
0.12628 0.87372
0.24665 0.75335
0.33627 0.66373
0.18860 0.81140
0.13332 0.86668
0.35346 0.64654
0.23704 0.76296
0.59001 0.40999
0.43955 0.56045
0.60509 0.39491
0.99936 0.00064
0.35817 0.64183
0.24319 0.75681
0.98351 0.01649
0.98116 0.01884
0.87563 0.12437
0.91493 0.08507
0.95878 0.04122
0.49668 0.50332
0.99659 0.00341
0.99626 0.00374
0.99842 0.00158
0.99945 0.00055
0.42083 0.57917
0.99492 0.00508
0.99999 0.00001
0.99999 0.00001
0.97824 0.02176
0.11386 0.88614
0.99628 0.00372
0.99628 0.00372
0.13758 0.86242
0.13758 0.86242
0.99512 0.00488
0.99480 0.00520
0.93614 0.06386
0.32522 0.67478
0.42172 0.57828
0.94511 0.05489
0.76995 0.23005
0.18236 0.81764
0.51765 0.48235
0.85615 0.14385
0.45827 0.54173
0.49235 0.50765
0.19630 0.80370
0.08180 0.91820
0.10617 0.89383
0.09283 0.90717
0.97911 0.02089
0.69827 0.30173
0.88825 0.11175
0.20685 0.79315
0.41293 0.58707
0.98818 0.01182
0.99312 0.00688
0.99312 0.00688
0.95027 0.04973
0.94683 0.05317
0.86678 0.13322
0.99645 0.00355
0.99518 0.00482
0.99378 0.00622
0.99312 0.00688
0.75109 0.24891
0.99966 0.00034
0.72535 0.27465
0.22861 0.77139
0.81960 0.18040
0.72501 0.27499
0.37743 0.62257
0.37743 0.62257
0.38126 0.61874
0.38126 0.61874
0.20426 0.79574
0.06055 0.93945
0.21981 0.78019
0.92028 0.07972
0.69158 0.30842
0.24022 0.75978
0.24022 0.75978
0.04856 0.95144
0.19421 0.80579
0.90582 0.09418
0.27500 0.72500
0.44545 0.55455
0.37200 0.62800
0.14998 0.85002
0.33133 0.66867
0.34272 0.65728
0.20474 0.79526
0.34272 0.65728
0.20474 0.79526
0.83491 0.16509
0.83897 0.16103
0.57388 0.42612
0.57388 0.42612
0.83289 0.16711
0.57388 0.42612
0.73208 0.26792
0.43577 0.56423
0.83444 0.16556
0.59775 0.40225
0.10496 0.89504
0.36806 0.63194
0.20360 0.79640
0.06110 0.93890
0.97374 0.02626
0.27780 0.72220
0.94134 0.05866
0.13284 0.86716
0.82642 0.17358
0.84789 0.15211
0.10646 0.89354
0.99516 0.00484
0.49509 0.50491
0.99564 0.00436
0.53736 0.46264
0.95159 0.04841
0.99347 0.00653
0.96294 0.03706
0.73498 0.26502
0.50606 0.49394
0.33249 0.66751
0.45854 0.54146
0.45854 0.54146
0.85142 0.14858
0.68620 0.31380
0.54157 0.45843
0.99682 0.00318
0.11408 0.88592
0.99990 0.00010
0.20800 0.79200
0.22543 0.77457
0.99561 0.00439
0.36217 0.63783
0.23188 0.76812
0.17982 0.82018
0.35152 0.64848
0.34599 0.65401
0.36218 0.63782
0.35629 0.64371
0.24869 0.75131
0.99994 0.00006
0.99937 0.00063
0.99959 0.00041
0.48667 0.51333
0.41609 0.58391
0.49482 0.50518
0.95410 0.04590
0.08032 0.91968
0.99680 0.00320
0.89517 0.10483
0.97919 0.02081
0.95403 0.04597
0.41645 0.58355
0.93042 0.06958
0.97513 0.02487
0.97599 0.02401
0.96130 0.03870
0.98391 0.01609
0.98060 0.01940
0.98251 0.01749
0.23832 0.76168
0.35967 0.64033
0.50372 0.49628
0.52155 0.47845
0.98862 0.01138
0.73956 0.26044
0.74386 0.25614
0.68202 0.31798
0.99842 0.00158
0.68647 0.31353
0.25427 0.74573
0.55296 0.44704
0.65357 0.34643
0.71130 0.28870
0.16251 0.83749
0.14758 0.85242
0.15098 0.84902
0.11152 0.88848
0.10835 0.89165
0.18051 0.81949
0.14933 0.85067
0.14933 0.85067
0.14933 0.85067
0.13465 0.86535
0.22031 0.77969
0.27083 0.72917
0.27133 0.72867
0.99004 0.00996
0.11500 0.88500
0.89598 0.10402
0.99759 0.00241
0.99909 0.00091
0.39668 0.60332
0.19990 0.80010
0.23752 0.76248
0.35327 0.64673
0.65751 0.34249
0.14217 0.85783
0.32956 0.67044
0.21217 0.78783
0.21237 0.78763
0.24778 0.75222
0.36022 0.63978
0.99145 0.00855
0.34676 0.65324
0.34676 0.65324
0.34676 0.65324
0.34550 0.65450
0.99336 0.00664
0.99752 0.00248
0.99766 0.00234
0.99754 0.00246
0.47354 0.52646
0.99178 0.00822
0.48351 0.51649
0.40694 0.59306
0.99583 0.00417
0.99881 0.00119
0.98974 0.01026
0.98758 0.01242
0.34310 0.65690
0.25082 0.74918
0.08641 0.91359
0.35349 0.64651
0.33653 0.66347
0.77720 0.22280
0.93368 0.06632
0.84255 0.15745
0.51081 0.48919
0.96488 0.03512
0.47907 0.52093
0.53262 0.46738
0.31822 0.68178
0.80333 0.19667
0.79616 0.20384
0.44441 0.55559
0.72283 0.27717
0.16020 0.83980
0.55968 0.44032
0.45843 0.54157
0.44949 0.55051
0.99966 0.00034
0.99976 0.00024
0.99988 0.00012
0.99958 0.00042
0.81303 0.18697
0.99962 0.00038
0.99972 0.00028
0.99986 0.00014
0.99952 0.00048
0.79509 0.20491
0.99998 0.00002
0.24249 0.75751
0.99998 0.00002
0.25936 0.74064
0.10370 0.89630
0.10995 0.89005
0.94997 0.05003
0.37585 0.62415
0.30728 0.69272
0.21861 0.78139
0.25234 0.74766
0.30358 0.69642
0.22592 0.77408
0.19631 0.80369
0.20744 0.79256
0.38900 0.61100
0.39035 0.60965
0.99999 0.00001
0.99997 0.00003
0.96721 0.03279
0.99999 0.00001
0.99995 0.00005
0.90380 0.09620
0.18753 0.81247
0.13892 0.86108
0.12961 0.87039
0.33820 0.66180
0.26514 0.73486
0.25605 0.74395
0.19550 0.80450
0.24113 0.75887
0.18323 0.81677
0.99916 0.00084
0.49702 0.50298
0.70854 0.29146
0.39576 0.60424
0.99984 0.00016
0.37756 0.62244
0.70854 0.29146
0.39576 0.60424
0.99984 0.00016
0.37756 0.62244
0.99916 0.00084
0.49702 0.50298
0.96050 0.03950
0.97591 0.02409
0.94700 0.05300
0.55702 0.44298
0.53172 0.46828
0.31857 0.68143
0.32123 0.67877
1.00000 0.00000
0.99950 0.00050
0.94432 0.05568
0.99894 0.00106
0.37199 0.62801
0.99944 0.00056
0.83980 0.16020
0.84757 0.15243
0.84265 0.15735
0.93972 0.06028
0.77659 0.22341
0.73564 0.26436
0.77659 0.22341
0.74713 0.25287
0.97647 0.02353
0.93307 0.06693
0.99661 0.00339
0.81782 0.18218
0.85828 0.14172
0.85828 0.14172
0.50875 0.49125
0.35823 0.64177
0.57079 0.42921
0.46478 0.53522
0.78394 0.21606
0.32059 0.67941
0.64620 0.35380
0.88531 0.11469
0.88531 0.11469
0.81551 0.18449
0.81551 0.18449
0.73020 0.26980
0.95278 0.04722
0.58139 0.41861
0.89980 0.10020
0.92052 0.07948
0.98434 0.01566
0.98437 0.01563
0.74433 0.25567
0.32239 0.67761
0.69484 0.30516
0.71174 0.28826
0.73027 0.26973
0.92171 0.07829
0.92564 0.07436
0.80432 0.19568
0.78456 0.21544
0.79217 0.20783
0.99994 0.00006
0.99994 0.00006
0.83070 0.16930
0.26531 0.73469
0.69671 0.30329
0.16003 0.83997
0.08773 0.91227
0.54161 0.45839
0.88137 0.11863
0.24950 0.75050
0.41125 0.58875
0.46624 0.53376
0.88367 0.11633
0.48105 0.51895
0.95502 0.04498
0.97759 0.02241
0.94711 0.05289
0.61758 0.38242
0.95772 0.04228
0.69156 0.30844
0.35294 0.64706
0.98489 0.01511
0.99424 0.00576
0.99727 0.00273
0.34948 0.65052
0.42192 0.57808
0.99696 0.00304
0.82152 0.17848
0.89252 0.10748
0.99796 0.00204
0.18974 0.81026
0.23692 0.76308
0.98783 0.01217
0.71633 0.28367
0.81733 0.18267
0.99180 0.00820
0.93832 0.06168
0.97480 0.02520
0.98521 0.01479
0.97173 0.02827
0.99037 0.00963
0.99507 0.00493
0.39493 0.60507
0.49696 0.50304
0.99416 0.00584
0.84678 0.15322
0.91615 0.08385
0.99623 0.00377
0.84684 0.15316
0.27171 0.72829
0.69681 0.30319
0.83465 0.16535
0.26407 0.73593
0.75870 0.24130
0.88932 0.11068
0.40602 0.59398
0.94136 0.05864
0.85803 0.14197
0.90375 0.09625
0.16793 0.83207
0.12036 0.87964
0.11864 0.88136
0.12143 0.87857
0.57073 0.42927
0.62361 0.37639
0.96324 0.03676
0.58962 0.41038
0.67205 0.32795
0.08333 0.91667
0.10894 0.89106
0.56625 0.43375
0.51812 0.48188
0.63156 0.36844
0.99502 0.00498
0.99502 0.00498
0.78838 0.21162
0.78838 0.21162
0.48615 0.51385
0.48615 0.51385
0.66587 0.33413
0.86901 0.13099
0.12352 0.87648
0.10904 0.89096
0.98168 0.01832
0.96905 0.03095
0.97727 0.02273
0.53607 0.46393
0.94272 0.05728
0.99956 0.00044
0.20269 0.79731
1.00000 0.00000
0.39433 0.60567
0.54975 0.45025
0.54975 0.45025
0.97130 0.02870
0.50351 0.49649
0.96156 0.03844
0.99999 0.00001
0.99999 0.00001
0.45785 0.54215
0.99998 0.00002
0.59915 0.40085
0.95114 0.04886
0.52284 0.47716
0.91417 0.08583
0.98546 0.01454
0.84709 0.15291
0.92513 0.07487
0.60374 0.39626
0.13599 0.86401
0.50644 0.49356
0.55237 0.44763
0.17858 0.82142
0.14810 0.85190
0.14810 0.85190
0.99951 0.00049
0.24289 0.75711
0.75386 0.24614
0.17921 0.82079
0.29201 0.70799
0.82774 0.17226
0.99974 0.00026
0.82774 0.17226
0.82774 0.17226
0.71775 0.28225
0.48362 0.51638
0.63145 0.36855
0.08257 0.91743
0.16209 0.83791
0.79389 0.20611
0.83481 0.16519
0.87749 0.12251
0.96555 0.03445
0.99947 0.00053
0.09158 0.90842
0.97154 0.02846
0.16959 0.83041
0.16852 0.83148
0.89269 0.10731
0.99237 0.00763
0.10357 0.89643
0.11547 0.88453
0.13490 0.86510
0.74577 0.25423
0.11375 0.88625
0.94863 0.05137
0.41433 0.58567
0.05381 0.94619
0.70220 0.29780
0.20018 0.79982
0.74275 0.25725
0.71802 0.28198
0.11760 0.88240
0.30099 0.69901
0.16140 0.83860
0.99996 0.00004
0.26412 0.73588
0.99905 0.00095
0.87899 0.12101
0.87899 0.12101
0.99476 0.00524
0.99520 0.00480
0.32881 0.67119
0.24532 0.75468
0.18539 0.81461
0.26337 0.73663
0.26458 0.73542
0.22374 0.77626
0.60880 0.39120
0.56886 0.43114
0.62977 0.37023
0.16437 0.83563
0.07514 0.92486
0.19639 0.80361
0.34855 0.65145
1.00000 0.00000
0.99938 0.00062
0.80664 0.19336
0.80664 0.19336
0.15717 0.84283
0.20185 0.79815
0.97401 0.02599
0.16844 0.83156
0.68175 0.31825
0.37694 0.62306
0.70421 0.29579
0.54846 0.45154
0.82759 0.17241
0.99688 0.00312
0.97561 0.02439
0.42201 0.57799
0.68698 0.31302
0.22434 0.77566
0.96215 0.03785
0.33262 0.66738
0.21089 0.78911
0.44007 0.55993
0.88833 0.11167
0.15059 0.84941
0.24959 0.75042
0.82141 0.17859
0.23460 0.76540
0.12842 0.87158
0.75048 0.24952
0.25889 0.74111
0.30276 0.69724
0.69971 0.30029
0.29632 0.70368
0.23407 0.76593
0.91429 0.08571
0.46234 0.53766
0.51279 0.48721
0.88263 0.11737
0.52082 0.47918
0.42984 0.57016
0.41674 0.58326
0.46305 0.53695
0.44205 0.55795
0.42768 0.57232
0.41674 0.58326
0.73260 0.26740
0.22143 0.77857
0.24128 0.75872
0.67893 0.32107
0.22280 0.77720
0.19903 0.80097
0.16304 0.83696
0.16767 0.83233
0.92650 0.07350
0.98802 0.01198
0.35601 0.64399
0.65757 0.34243
0.65757 0.34243
0.65757 0.34243
0.65757 0.34243
0.41335 0.58665
0.50705 0.49295
0.27774 0.72226
0.87772 0.12228
0.60355 0.39645
0.60355 0.39645
0.85196 0.14804
0.79748 0.20252
0.79748 0.20252
0.72813 0.27187
0.72813 0.27187
0.79570 0.20430
0.60779 0.39221
0.70676 0.29324
0.76237 0.23763
0.11523 0.88477
0.12441 0.87559
0.12356 0.87644
0.10598 0.89402
0.10731 0.89269
0.10331 0.89669
0.80367 0.19633
0.48639 0.51361
0.18201 0.81799
0.77962 0.22038
0.17663 0.82337
0.77962 0.22038
0.38002 0.61998
0.85551 0.14449
0.32421 0.67579
0.91115 0.08885
0.90962 0.09038
0.98996 0.01004
0.98989 0.01011
0.43454 0.56546
0.42102 0.57898
0.43454 0.56546
0.42102 0.57898
0.89864 0.10136
0.28587 0.71413
0.22614 0.77386
0.97411 0.02589
0.80801 0.19199
0.97411 0.02589
0.94591 0.05409
0.46580 0.53420
0.40659 0.59341
0.40659 0.59341
0.92543 0.07457
0.48691 0.51309
0.49056 0.50944
0.40650 0.59350
0.35224 0.64776
0.86819 0.13181
0.84078 0.15922
0.84666 0.15334
0.45314 0.54686
0.62542 0.37458
0.41466 0.58534
0.41186 0.58814
0.96159 0.03841
0.95808 0.04192
0.92155 0.07845
0.91658 0.08342
0.77277 0.22723
0.77277 0.22723
0.38474 0.61526
0.38474 0.61526
0.86282 0.13718
0.86282 0.13718
0.81407 0.18593
0.81407 0.18593
0.92106 0.07894
0.98638 0.01362
0.80594 0.19406
0.06381 0.93619
0.76928 0.23072
0.54297 0.45703
0.16012 0.83988
0.80036 0.19964
0.82297 0.17703
0.44209 0.55791
0.65894 0.34106
0.79378 0.20622
0.34867 0.65133
0.23531 0.76469
0.24925 0.75075
0.55652 0.44348
0.93376 0.06624
0.51211 0.48789
0.59503 0.40497
0.61288 0.38712
0.74263 0.25737
0.61196 0.38804
0.74312 0.25688
0.45286 0.54714
0.99717 0.00283
0.35857 0.64143
0.66388 0.33612
0.66388 0.33612
0.59583 0.40417
0.67171 0.32829
0.41489 0.58511
0.79315 0.20685
0.76715 0.23285
0.99987 0.00013
0.99964 0.00036
0.30759 0.69241
0.84978 0.15022
0.99992 0.00008
0.93573 0.06427
0.91735 0.08265
0.79315 0.20685
0.99849 0.00151
0.17544 0.82456
0.86483 0.13517
0.14269 0.85731
0.08023 0.91977
0.10779 0.89221
0.96849 0.03151
0.12492 0.87508
0.62994 0.37006
0.98637 0.01363
0.45351 0.54649
0.43222 0.56778
0.47497 0.52503
0.98619 0.01381
0.78969 0.21031
0.98507 0.01493
0.72287 0.27713
0.76217 0.23783
0.76217 0.23783
0.20146 0.79854
0.62618 0.37382
0.15410 0.84590
0.96190 0.03810
0.68107 0.31893
0.25983 0.74017
0.99863 0.00137
0.69023 0.30977
0.52813 0.47187
0.87288 0.12712
0.18496 0.81504
0.99989 0.00011
0.92761 0.07239
0.92761 0.07239
0.99673 0.00327
0.54271 0.45729
0.64714 0.35286
0.92987 0.07013
0.86990 0.13010
0.99973 0.00027
0.19785 0.80215
0.91489 0.08511
0.52044 0.47956
0.31890 0.68110
0.34584 0.65416
0.49435 0.50565
0.52593 0.47407
0.76082 0.23918
0.78468 0.21532
0.48912 0.51088
0.45688 0.54312
0.58051 0.41949
0.62748 0.37252
0.53761 0.46239
0.39505 0.60495
0.37844 0.62156
0.74432 0.25568
0.74432 0.25568
0.77711 0.22289
0.77711 0.22289
0.92868 0.07132
0.93162 0.06838
0.90285 0.09715
0.90201 0.09799
0.87483 0.12517
0.85820 0.14180
0.95427 0.04573
0.85872 0.14128
0.87582 0.12418
0.83702 0.16298
0.83316 0.16684
0.90934 0.09066
0.95666 0.04334
0.06905 0.93095
0.93689 0.06311
0.95453 0.04546
0.97556 0.02444
0.22565 0.77435
0.88054 0.11946
0.22565 0.77435
0.88054 0.11946
0.99735 0.00265
0.19759 0.80241
0.99735 0.00265
0.99936 0.00064
0.99991 0.00009
0.99936 0.00064
0.16483 0.83517
0.99011 0.00989
0.16898 0.83102
0.99912 0.00088
0.52090 0.47910
0.55783 0.44217
0.11965 0.88035
0.57858 0.42142
0.57858 0.42142
0.18653 0.81347
0.20310 0.79690
0.63098 0.36902
0.23939 0.76061
0.14601 0.85399
0.14601 0.85399
0.18242 0.81758
0.31726 0.68274
0.99254 0.00746
0.12102 0.87898
0.87166 0.12834
0.95375 0.04625
0.33181 0.66819
0.89867 0.10133
0.70402 0.29598
0.18108 0.81892
0.79928 0.20072
0.64466 0.35534
0.14762 0.85238
0.75440 0.24560
0.27224 0.72776
0.87752 0.12248
0.74061 0.25939
0.99999 0.00001
0.88525 0.11475
0.60794 0.39206
0.60794 0.39206
0.88014 0.11986
0.84471 0.15529
0.74291 0.25709
0.41005 0.58995
0.40029 0.59971
0.55479 0.44521
0.39549 0.60451
0.60927 0.39073
0.63323 0.36677
0.43192 0.56808
0.96790 0.03210
0.57650 0.42350
0.72923 0.27077
0.41065 0.58935
0.99785 0.00215
0.92754 0.07246
0.42123 0.57877
0.21984 0.78016
0.21984 0.78016
0.53843 0.46157
0.52650 0.47350
0.53898 0.46102
0.53331 0.46669
0.43436 0.56564
0.99596 0.00404
0.37073 0.62927
0.91920 0.08080
0.48216 0.51784
0.96520 0.03480
0.41506 0.58494
0.40017 0.59983
0.96053 0.03947
0.37384 0.62616
0.36047 0.63953
0.14668 0.85332
0.14668 0.85332
0.21875 0.78125
0.16371 0.83629
0.24636 0.75364
0.17755 0.82245
0.25582 0.74418
0.34036 0.65964
0.55814 0.44186
0.88681 0.11319
0.12930 0.87070
0.32795 0.67205
0.78585 0.21415
0.59863 0.40137
0.11900 0.88100
0.24470 0.75530
0.62255 0.37745
0.99600 0.00400
0.19266 0.80734
0.14847 0.85153
0.95438 0.04562
0.93340 0.06660
0.93340 0.06660
0.93340 0.06660
0.93340 0.06660
0.89608 0.10392
0.18023 0.81977
0.23164 0.76836
0.30241 0.69759
0.98461 0.01539
0.31976 0.68024
0.30540 0.69460
0.99913 0.00087
0.99698 0.00302
0.31986 0.68014
0.25911 0.74089
0.43389 0.56611
0.16481 0.83519
0.30121 0.69879
0.39263 0.60737
0.29618 0.70382
0.28249 0.71751
0.12666 0.87334
0.14598 0.85402
0.12151 0.87849
0.12151 0.87849
0.14598 0.85402
0.12151 0.87849
0.79807 0.20193
0.86989 0.13011
0.86989 0.13011
0.31372 0.68628
0.43905 0.56095
0.77266 0.22734
0.77960 0.22040
0.81699 0.18301
0.73614 0.26386
0.80009 0.19991
0.83916 0.16084
0.65388 0.34612
0.97829 0.02171
0.99410 0.00590
0.99711 0.00289
0.99670 0.00330
0.89705 0.10295
0.94617 0.05383
0.90699 0.09301
0.45106 0.54894
0.74362 0.25638
0.83367 0.16633
0.83694 0.16306
0.83694 0.16306
0.99971 0.00029
0.83694 0.16306
0.99969 0.00031
0.99969 0.00031
0.26537 0.73463
0.30219 0.69781
0.32539 0.67461
0.30219 0.69781
0.32539 0.67461
0.12017 0.87983
0.18145 0.81855
0.50014 0.49986
0.99368 0.00632
0.49482 0.50518
0.99375 0.00625
0.98877 0.01123
0.99139 0.00861
0.43024 0.56976
0.60425 0.39575
0.99945 0.00055
0.83703 0.16297
0.99830 0.00170
0.91250 0.08750
0.99988 0.00012
0.99988 0.00012
0.91179 0.08821
0.99986 0.00014
0.99984 0.00016
0.99984 0.00016
0.99986 0.00014
0.59246 0.40754
0.99993 0.00007
0.99993 0.00007
0.58889 0.41111
0.45955 0.54045
0.99986 0.00014
0.99986 0.00014
0.45593 0.54407
0.35381 0.64619
0.49951 0.50049
0.97717 0.02283
0.11351 0.88649
0.16036 0.83964
0.17894 0.82106
0.23675 0.76325
0.18157 0.81843
0.23475 0.76525
0.18594 0.81406
0.12808 0.87192
0.29009 0.70991
0.99184 0.00816
0.29009 0.70991
0.27060 0.72940
0.33211 0.66789
0.23647 0.76353
0.21628 0.78372
0.26788 0.73212
0.99987 0.00013
0.99987 0.00013
0.99719 0.00281
0.99719 0.00281
0.62416 0.37584
0.62416 0.37584
0.67125 0.32875
0.67125 0.32875
0.66044 0.33956
0.66044 0.33956
0.62416 0.37584
0.62416 0.37584
0.66519 0.33481
0.78493 0.21507
0.98030 0.01970
0.99846 0.00154
0.66519 0.33481
0.78493 0.21507
0.66519 0.33481
0.78493 0.21507
0.70213 0.29787
0.81415 0.18585
0.12438 0.87562
0.99428 0.00572
0.17348 0.82652
0.97017 0.02983
0.16683 0.83317
0.95959 0.04041
0.09341 0.90659
0.58340 0.41660
0.66445 0.33555
0.99303 0.00697
0.68109 0.31891
0.86183 0.13817
0.69122 0.30878
0.06892 0.93108
0.94669 0.05331
0.47630 0.52370
0.22987 0.77013
0.25682 0.74318
0.99957 0.00043
0.08555 0.91445
0.68928 0.31072
0.26341 0.73659
0.76552 0.23448
0.98004 0.01996
0.91861 0.08139
0.72715 0.27285
0.16735 0.83265
0.69854 0.30146
0.69854 0.30146
0.09437 0.90563
0.54324 0.45676
0.53148 0.46852
0.79231 0.20769
0.86307 0.13693
0.86307 0.13693
0.07671 0.92329
0.25327 0.74673
0.12495 0.87505
0.26778 0.73222
0.09611 0.90389
0.09329 0.90671
0.18975 0.81025
0.52187 0.47813
0.91950 0.08050
0.26039 0.73961
0.97573 0.02427
0.59344 0.40656
0.97573 0.02427
0.59344 0.40656
0.09951 0.90049
0.50492 0.49508
0.59338 0.40662
0.91827 0.08173
0.41895 0.58105
0.92690 0.07310
0.49821 0.50179
0.83236 0.16764
0.84301 0.15699
0.76312 0.23688
0.76637 0.23363
0.15025 0.84975
0.10414 0.89586
0.82873 0.17127
0.33793 0.66207
0.30253 0.69747
0.35405 0.64595
0.21936 0.78064
0.09601 0.90399
0.15045 0.84955
0.17494 0.82506
0.20801 0.79199
0.71096 0.28904
0.08042 0.91958
0.18603 0.81397
0.50422 0.49578
0.34120 0.65880
0.11880 0.88120
0.03777 0.96223
0.08442 0.91558
0.45075 0.54924
0.47314 0.52686
0.12483 0.87517
0.12403 0.87597
0.97943 0.02057
0.99772 0.00228
0.96967 0.03033
0.99110 0.00890
0.99761 0.00239
0.97943 0.02057
0.99772 0.00228
0.96967 0.03033
0.99110 0.00890
0.99761 0.00239
0.18975 0.81025
0.74918 0.25082
0.19113 0.80887
0.73303 0.26697
0.30414 0.69586
0.14977 0.85023
0.95351 0.04649
0.76099 0.23901
0.62050 0.37950
0.68378 0.31622
0.89616 0.10384
0.86859 0.13141
0.99859 0.00141
0.91367 0.08633
0.99917 0.00083
0.75989 0.24011
0.99984 0.00016
0.69133 0.30867
0.99984 0.00016
0.75866 0.24134
0.85110 0.14890
0.83483 0.16517
0.54020 0.45980
0.72287 0.27713
0.47140 0.52860
0.84351 0.15649
0.98206 0.01794
0.77340 0.22660
0.98183 0.01817
0.99976 0.00024
0.97439 0.02561
0.89334 0.10666
0.97866 0.02134
0.99973 0.00027
0.73636 0.26364
0.93445 0.06555
0.21703 0.78297
0.12594 0.87406
0.14253 0.85747
0.43046 0.56954
0.16384 0.83616
0.70089 0.29911
0.93161 0.06839
0.32660 0.67340
0.80315 0.19685
0.99373 0.00627
0.99763 0.00237
0.59879 0.40121
0.28992 0.71008
0.42957 0.57043
0.92510 0.07490
0.92510 0.07490
0.95545 0.04455
0.72171 0.27829
0.72171 0.27829
0.98203 0.01797
0.68238 0.31762
0.68238 0.31762
0.97823 0.02177
0.49360 0.50640
0.48979 0.51021
0.98612 0.01388
0.92510 0.07490
0.92510 0.07490
0.95545 0.04455
0.68238 0.31762
0.68238 0.31762
0.97823 0.02177
0.92510 0.07490
0.92510 0.07490
0.95545 0.04455
0.98544 0.01456
0.98544 0.01456
0.63676 0.36324
0.63676 0.36324
0.98225 0.01775
0.39316 0.60684
0.62797 0.37203
0.37751 0.62249
0.90456 0.09544
0.93771 0.06229
0.94128 0.05872
0.99995 0.00005
0.39096 0.60904
0.39279 0.60721
0.18639 0.81361
0.26233 0.73767
0.26411 0.73589
0.71849 0.28151
0.34125 0.65875
0.34326 0.65674
0.99540 0.00460
0.99685 0.00315
0.95104 0.04896
0.99991 0.00009
0.99988 0.00012
0.99970 0.00030
0.99974 0.00026
0.79421 0.20579
0.81719 0.18281
0.84987 0.15013
0.72482 0.27518
0.84717 0.15283
0.21222 0.78778
0.99821 0.00179
0.99922 0.00078
0.81171 0.18829
0.90428 0.09572
0.33567 0.66433
0.93535 0.06465
0.85373 0.14627
0.53730 0.46270
0.71312 0.28688
0.80944 0.19056
0.52192 0.47808
0.63239 0.36761
0.91303 0.08697
0.99714 0.00286
0.99876 0.00124
0.75473 0.24527
0.99854 0.00146
0.99932 0.00068
0.50748 0.49252
0.99998 0.00002
0.99999 0.00001
0.81981 0.18019
0.55852 0.44148
1.00000 0.00000
1.00000 0.00000
1.00000 0.00000
0.82560 0.17440
0.72181 0.27819
0.86472 0.13528
0.94564 0.05436
0.22456 0.77544
0.96052 0.03948
0.98126 0.01874
0.94771 0.05229
0.73133 0.26867
0.82097 0.17903
0.07760 0.92240
0.29498 0.70502
0.91055 0.08945
0.94545 0.05455
0.26949 0.73051
0.58407 0.41593
0.70474 0.29526
0.34422 0.65578
0.87828 0.12172
0.87828 0.12172
0.82779 0.17221
0.30394 0.69607
0.55643 0.44357
0.10011 0.89989
0.30241 0.69759
0.97255 0.02745
0.63850 0.36150
0.58069 0.41931
0.52513 0.47487
0.18246 0.81754
0.20666 0.79334
0.22481 0.77519
0.11419 0.88581
0.32983 0.67017
0.65678 0.34322
0.78028 0.21972
0.65000 0.35000
0.16168 0.83832
0.27138 0.72862
0.54886 0.45114
0.67234 0.32766
0.56901 0.43099
0.27138 0.72862
0.54886 0.45114
0.64069 0.35931
0.99628 0.00372
0.62904 0.37096
0.99109 0.00891
0.99627 0.00373
0.73408 0.26592
0.24885 0.75115
0.53884 0.46116
0.82650 0.17350
0.84661 0.15339
0.37857 0.62143
0.40486 0.59514
0.70402 0.29598
0.72870 0.27130
0.23868 0.76132
0.39155 0.60845
0.23868 0.76132
0.39155 0.60845
0.63883 0.36117
0.46887 0.53113
0.91181 0.08819
0.82986 0.17014
0.63228 0.36772
0.99381 0.00619
0.26428 0.73572
0.30943 0.69057
0.99780 0.00220
0.99686 0.00314
0.98834 0.01166
0.98834 0.01166
0.33391 0.66609
0.39976 0.60024
0.39976 0.60024
0.31305 0.68695
0.62627 0.37373
0.62627 0.37373
0.59699 0.40301
0.42910 0.57090
0.92995 0.07005
0.59699 0.40301
0.42910 0.57090
0.92995 0.07005
0.59699 0.40301
0.42910 0.57090
0.92995 0.07005
0.09008 0.90992
0.09096 0.90904
0.11031 0.88969
0.09599 0.90401
0.14295 0.85705
0.38734 0.61266
0.18278 0.81722
0.51795 0.48205
0.58569 0.41431
0.70161 0.29839
0.62974 0.37026
0.99593 0.00407
0.56382 0.43618
0.24321 0.75679
0.65308 0.34692
0.79597 0.20403
0.84376 0.15624
0.99365 0.00635
0.99897 0.00103
0.99996 0.00004
0.80515 0.19485
0.99976 0.00024
0.81658 0.18342
0.99976 0.00024
0.81290 0.18710
0.98420 0.01580
0.97395 0.02605
0.88276 0.11724
0.97395 0.02605
0.60554 0.39446
0.30596 0.69404
0.13405 0.86595
0.58380 0.41620
0.97423 0.02577
0.99640 0.00360
0.98280 0.01720
0.58380 0.41620
0.97423 0.02577
0.20788 0.79212
0.15928 0.84072
0.22451 0.77549
0.52686 0.47314
0.48604 0.51396
0.24431 0.75569
0.99991 0.00009
0.99976 0.00024
0.37193 0.62807
0.46344 0.53656
0.38224 0.61776
1.00000 0.00000
1.00000 0.00000
0.99993 0.00007
0.99997 0.00003
0.34122 0.65878
0.98108 0.01892
0.96477 0.03523
0.28095 0.71905
0.99958 0.00042
0.24180 0.75820
0.92341 0.07659
0.99634 0.00366
0.99991 0.00009
0.99936 0.00064
0.95860 0.04140
0.99984 0.00016
0.99992 0.00008
0.95848 0.04152
0.96559 0.03441
0.99984 0.00016
0.31695 0.68305
0.80893 0.19107
0.91578 0.08423
0.81338 0.18662
0.86514 0.13486
0.88402 0.11598
0.89989 0.10011
0.81956 0.18044
0.84652 0.15348
0.72628 0.27372
0.97305 0.02695
0.98378 0.01622
0.81146 0.18854
0.98289 0.01711
0.63007 0.36993
0.26788 0.73212
0.71951 0.28049
0.97009 0.02991
0.09120 0.90880
0.52999 0.47001
0.78713 0.21287
0.22294 0.77706
0.26908 0.73092
0.74536 0.25464
0.18922 0.81078
0.24896 0.75104
0.99994 0.00006
0.14255 0.85745
0.19867 0.80133
0.15185 0.84815
0.69747 0.30253
0.27400 0.72600
0.60313 0.39687
0.99921 0.00079
0.34173 0.65827
0.85450 0.14550
0.90790 0.09210
0.99996 0.00004
0.99772 0.00228
0.75258 0.24742
0.27279 0.72721
0.54647 0.45353
0.65573 0.34427
0.72394 0.27606
0.59214 0.40786
0.07738 0.92262
0.19522 0.80478
0.17861 0.82139
0.73432 0.26568
0.97524 0.02476
0.96102 0.03898
0.71141 0.28859
0.50898 0.49102
0.99998 0.00002
0.08190 0.91810
0.15525 0.84475
0.16254 0.83746
0.33820 0.66180
0.09994 0.90006
0.08524 0.91476
0.99646 0.00354
0.03780 0.96220
0.11933 0.88067
0.84932 0.15068
0.10552 0.89448
0.09824 0.90176
0.89365 0.10635
0.99999 0.00001
0.87877 0.12123
0.93214 0.06786
0.96692 0.03308
0.92812 0.07188
0.92477 0.07523
0.84917 0.15083
0.99973 0.00027
0.86190 0.13810
0.92477 0.07523
0.84917 0.15083
0.51530 0.48470
0.43411 0.56589
0.43990 0.56010
0.22209 0.77791
0.98425 0.01575
0.24880 0.75120
0.99502 0.00498
0.30796 0.69204
0.31618 0.68382
0.98517 0.01483
0.50694 0.49306
0.36342 0.63658
0.42932 0.57068
0.36887 0.63113
0.46161 0.53839
0.36887 0.63113
0.43509 0.56491
0.15848 0.84152
0.99991 0.00009
0.33005 0.66995
0.36430 0.63570
0.99331 0.00669
0.97569 0.02431
0.37874 0.62126
0.48311 0.51689
0.80230 0.19770
0.46174 0.53826
0.29434 0.70566
0.23117 0.76883
0.82532 0.17468
0.85831 0.14169
0.75499 0.24501
0.39359 0.60641
0.84139 0.15861
0.15685 0.84315
0.75364 0.24636
0.18241 0.81759
0.59096 0.40904
0.59096 0.40904
0.24686 0.75314
0.60467 0.39533
0.60015 0.39985
0.95647 0.04353
0.87466 0.12534
0.77563 0.22437
0.95647 0.04353
0.28153 0.71847
0.76815 0.23185
0.70920 0.29080
0.89503 0.10497
0.39283 0.60717
0.44954 0.55046
0.45308 0.54692
0.53481 0.46519
0.53481 0.46519
0.38678 0.61322
0.38678 0.61322
0.46061 0.53939
0.46061 0.53939
0.44840 0.55160
0.44840 0.55160
0.53424 0.46576
0.61619 0.38381
0.43335 0.56665
0.52868 0.47132
0.50329 0.49671
0.47580 0.52420
0.56344 0.43656
0.54657 0.45343
0.41643 0.58357
0.41643 0.58357
0.96597 0.03403
0.71605 0.28395
0.77815 0.22185
0.63909 0.36091
0.43949 0.56051
0.50791 0.49209
0.12471 0.87529
0.28484 0.71516
0.15924 0.84076
0.15924 0.84076
0.71186 0.28814
0.71186 0.28814
0.17848 0.82152
0.17848 0.82152
0.19485 0.80515
0.62696 0.37304
0.43173 0.56827
0.85107 0.14893
0.85107 0.14893
0.96681 0.03319
0.91942 0.08058
0.48429 0.51571
0.35111 0.64889
0.75184 0.24816
0.73734 0.26266
0.32569 0.67431
0.26738 0.73262
0.91225 0.08775
0.45356 0.54644
0.88835 0.11165
0.99953 0.00047
0.94586 0.05414
0.41349 0.58651
0.93258 0.06742
0.39220 0.60780
0.92541 0.07459
0.99978 0.00022
0.96684 0.03316
0.39256 0.60744
0.36642 0.63358
0.31116 0.68884
0.32627 0.67373
0.94217 0.05783
0.84142 0.15858
0.84142 0.15858
0.84142 0.15858
0.84142 0.15858
0.86265 0.13735
0.89869 0.10131
0.86265 0.13735
0.89869 0.10131
0.06879 0.93121
0.97123 0.02877
0.99860 0.00140
0.39042 0.60958
0.79471 0.20529
0.77244 0.22756
0.52795 0.47205
0.60004 0.39996
0.58170 0.41830
0.60004 0.39996
0.74928 0.25072
0.57945 0.42055
0.57945 0.42055
0.60142 0.39858
0.60142 0.39858
0.72421 0.27579
0.71172 0.28828
0.72421 0.27579
0.71172 0.28828
0.10517 0.89483
0.51670 0.48330
0.53364 0.46636
0.38031 0.61969
0.31037 0.68963
0.12407 0.87593
0.11962 0.88038
0.81705 0.18295
0.86290 0.13710
0.15570 0.84430
0.97462 0.02538
0.50525 0.49475
0.31395 0.68605
0.44302 0.55698
0.26672 0.73328
0.20367 0.79633
0.16036 0.83964
0.19334 0.80666
0.18612 0.81388
0.99825 0.00175
0.99731 0.00269
0.79870 0.20130
0.95038 0.04962
0.98750 0.01250
0.98750 0.01250
0.98742 0.01258
0.98742 0.01258
0.15287 0.84713
0.30805 0.69195
0.84719 0.15281
0.90148 0.09852
0.66623 0.33377
0.43623 0.56377
0.86141 0.13859
0.74313 0.25687
0.86141 0.13859
0.33090 0.66910
0.21546 0.78454
0.62811 0.37189
0.42266 0.57734
0.98708 0.01292
0.17694 0.82306
0.21203 0.78797
0.22688 0.77312
0.40988 0.59012
0.47461 0.52539
0.49277 0.50723
0.62011 0.37989
0.70358 0.29642
0.76199 0.23801
0.97749 0.02251
0.94036 0.05964
0.56294 0.43706
0.30293 0.69707
0.82862 0.17138
0.72462 0.27538
0.42101 0.57898
0.90185 0.09815
0.20981 0.79019
0.80082 0.19918
0.63083 0.36917
0.77390 0.22610
0.95877 0.04123
0.95877 0.04123
0.54773 0.45227
0.36414 0.63586
0.77518 0.22482
0.54773 0.45227
0.77518 0.22482
0.99113 0.00887
0.99807 0.00193
0.47500 0.52500
0.99113 0.00887
0.47500 0.52500
0.45885 0.54115
0.99898 0.00102
0.96510 0.03490
0.99947 0.00053
0.96497 0.03503
0.92284 0.07716
0.99800 0.00200
0.82718 0.17282
0.71837 0.28163
0.99710 0.00290
0.73325 0.26675
0.74954 0.25046
0.60379 0.39621
0.87325 0.12675
0.87325 0.12675
0.84176 0.15824
0.90068 0.09932
0.92017 0.07983
0.18806 0.81194
0.93553 0.06447
0.92392 0.07608
0.97436 0.02564
0.99850 0.00150
0.96544 0.03456
0.84719 0.15281
0.99992 0.00008
0.19733 0.80267
0.89631 0.10369
0.15505 0.84495
0.97824 0.02176
0.91618 0.08382
0.50217 0.49783
0.94654 0.05346
0.99633 0.00367
0.94527 0.05473
0.99628 0.00372
0.99633 0.00367
0.94527 0.05473
0.99628 0.00372
0.99924 0.00076
0.93153 0.06847
0.99923 0.00077
0.99924 0.00076
0.93153 0.06847
0.99923 0.00077
0.98351 0.01649
0.18130 0.81870
0.88957 0.11043
0.92912 0.07088
0.08486 0.91514
0.99220 0.00780
0.99496 0.00504
0.99066 0.00934
0.99245 0.00755
0.74407 0.25593
0.98835 0.01165
0.27869 0.72131
0.99191 0.00809
0.89662 0.10338
0.99916 0.00084
0.90796 0.09204
0.90796 0.09204
0.56669 0.43331
0.57830 0.42170
0.12975 0.87025
0.92461 0.07539
0.99774 0.00226
0.86740 0.13260
0.11347 0.88653
0.11241 0.88759
0.79422 0.20578
0.12306 0.87694
0.13132 0.86868
0.12551 0.87449
0.06065 0.93935
0.20162 0.79838
0.15769 0.84231
0.80596 0.19404
0.27711 0.72289
0.99984 0.00016
0.99983 0.00017
0.99983 0.00017
0.99983 0.00017
0.99830 0.00170
0.82940 0.17060
0.94811 0.05189
0.96668 0.03332
0.88525 0.11475
0.47236 0.52764
0.28190 0.71810
0.25400 0.74600
0.27488 0.72512
0.18677 0.81323
0.20308 0.79692
0.47798 0.52202
0.71979 0.28021
0.22936 0.77064
0.45649 0.54351
0.99522 0.00478
0.99544 0.00456
0.99967 0.00033
0.99967 0.00033
0.99967 0.00033
0.99967 0.00033
0.99985 0.00015
0.99985 0.00015
0.99984 0.00016
0.87970 0.12030
0.41429 0.58571
0.99984 0.00016
0.56367 0.43633
0.99984 0.00016
0.99663 0.00337
0.99676 0.00324
0.99676 0.00324
0.13215 0.86785
0.21470 0.78530
0.25044 0.74956
0.13056 0.86944
0.67430 0.32570
0.48092 0.51908
0.90213 0.09787
0.18581 0.81419
0.65557 0.34443
0.33403 0.66597
0.98113 0.01887
0.98790 0.01210
0.48480 0.51520
0.26010 0.73990
0.26836 0.73164
0.99843 0.00157
0.87422 0.12578
0.12837 0.87163
0.98228 0.01772
0.12245 0.87755
0.19826 0.80174
0.31511 0.68489
0.25296 0.74704
0.39766 0.60234
0.93946 0.06054
0.27174 0.72826
0.71554 0.28446
0.48384 0.51616
0.96887 0.03113
0.98303 0.01697
0.96525 0.03475
0.98981 0.01019
0.97930 0.02070
0.99502 0.00498
0.16835 0.83165
0.99549 0.00451
0.99549 0.00451
0.99549 0.00451
0.99369 0.00631
0.99369 0.00631
0.99369 0.00631
0.22598 0.77402
0.38336 0.61664
0.99974 0.00026
0.97822 0.02178
0.99903 0.00097
0.98512 0.01488
0.88593 0.11407
0.97667 0.02333
0.99903 0.00097
0.98512 0.01488
0.91938 0.08062
0.73691 0.26309
0.16417 0.83583
0.99434 0.00566
0.99852 0.00148
0.98861 0.01139
0.99835 0.00165
0.18609 0.81391
0.35951 0.64049
0.57846 0.42154
0.84972 0.15028
0.88395 0.11605
0.39820 0.60180
0.23744 0.76256
0.29951 0.70049
0.35679 0.64321
0.35679 0.64321
0.37689 0.62311
0.37689 0.62311
0.42365 0.57635
0.97825 0.02175
0.98543 0.01457
0.61750 0.38250
0.82850 0.17150
0.97544 0.02456
0.18215 0.81785
0.75669 0.24331
0.99929 0.00071
0.99998 0.00002
0.77737 0.22263
0.98709 0.01291
0.98709 0.01291
0.98709 0.01291
0.89810 0.10190
0.89810 0.10190
0.89810 0.10190
0.98709 0.01291
0.98709 0.01291
0.98709 0.01291
0.98709 0.01291
0.98709 0.01291
0.98709 0.01291
0.96695 0.03305
0.99759 0.00241
0.67259 0.32741
0.99963 0.00037
0.99601 0.00399
0.67649 0.32351
0.64717 0.35283
0.85429 0.14571
0.74227 0.25773
0.99991 0.00009
0.58107 0.41893
0.99991 0.00009
0.10818 0.89182
0.99242 0.00758
0.98888 0.01112
0.49018 0.50982
0.49084 0.50916
0.49190 0.50810
0.14144 0.85856
0.24609 0.75391
0.38319 0.61681
0.30211 0.69789
0.37530 0.62470
0.03950 0.96050
0.76358 0.23642
0.89788 0.10212
0.10697 0.89303
0.24822 0.75178
0.99962 0.00038
0.98093 0.01907
0.99259 0.00741
0.85398 0.14602
0.99723 0.00277
0.99851 0.00149
0.99920 0.00080
0.48228 0.51772
0.27640 0.72360
0.13725 0.86275
0.13725 0.86275
0.14182 0.85818
0.30274 0.69726
0.26250 0.73750
0.42639 0.57361
0.42639 0.57361
0.98134 0.01866
0.94550 0.05450
0.94786 0.05214
0.92182 0.07819
0.92449 0.07551
0.95056 0.04944
0.95258 0.04742
0.22374 0.77626
0.22374 0.77626
0.15861 0.84139
0.97357 0.02643
0.99679 0.00321
0.29424 0.70576
0.53103 0.46897
0.13280 0.86720
0.12649 0.87351
0.13280 0.86720
0.12649 0.87351
0.13965 0.86035
0.22688 0.77312
0.08033 0.91967
0.16887 0.83113
0.18294 0.81706
0.19796 0.80204
0.23873 0.76127
0.23873 0.76127
0.34159 0.65841
0.33537 0.66463
0.99532 0.00468
0.83586 0.16414
0.58066 0.41934
0.82627 0.17373
0.59029 0.40971
0.59029 0.40971
0.83514 0.16486
0.60430 0.39570
0.60430 0.39570
0.18232 0.81769
0.42342 0.57658
0.43805 0.56195
0.34024 0.65976
0.47199 0.52801
0.37546 0.62454
0.37546 0.62454
0.25628 0.74372
0.56307 0.43693
0.21182 0.78818
0.14375 0.85625
0.05768 0.94232
0.10305 0.89695
0.97839 0.02161
0.99219 0.00781
0.25729 0.74271
0.86436 0.13564
0.10292 0.89708
0.99328 0.00672
0.99972 0.00028
0.99968 0.00032
0.99999 0.00001
0.99979 0.00021
0.05415 0.94585
0.28682 0.71318
0.12932 0.87068
0.76594 0.23406
0.21049 0.78951
0.45767 0.54233
0.98336 0.01664
0.99685 0.00315
0.99760 0.00240
0.99760 0.00240
0.02895 0.97105
0.45325 0.54675
0.75570 0.24430
0.36652 0.63348
0.99982 0.00018
0.84354 0.15646
0.86717 0.13283
0.99996 0.00004
0.99995 0.00005
0.99996 0.00004
0.44133 0.55867
0.99975 0.00025
0.39034 0.60966
0.99970 0.00030
0.43688 0.56312
0.99974 0.00026
0.44690 0.55310
0.99978 0.00022
0.46623 0.53377
0.70286 0.29714
0.23730 0.76270
0.92179 0.07821
0.86259 0.13741
0.87794 0.12206
0.92588 0.07412
0.92484 0.07516
0.91481 0.08519
0.96943 0.03057
0.96992 0.03008
0.96548 0.03452
0.97921 0.02079
0.97707 0.02293
0.97707 0.02293
0.94182 0.05818
0.93687 0.06313
0.93687 0.06313
0.11416 0.88584
0.92311 0.07689
0.46280 0.53720
0.96266 0.03734
0.36806 0.63194
0.99136 0.00864
0.93792 0.06208
0.97958 0.02042
0.97246 0.02754
0.22432 0.77568
0.31975 0.68025
0.82325 0.17675
0.95884 0.04116
0.86736 0.13264
0.09547 0.90453
0.09156 0.90844
0.09727 0.90273
0.09547 0.90453
0.09156 0.90844
0.09727 0.90273
0.99863 0.00137
0.35729 0.64271
0.43579 0.56421
0.39643 0.60357
0.99884 0.00116
0.80661 0.19339
0.70856 0.29144
0.99964 0.00036
0.66423 0.33577
0.78295 0.21705
0.99813 0.00187
0.99953 0.00047
0.63558 0.36442
0.99951 0.00049
0.99853 0.00147
0.92090 0.07910
0.99815 0.00185
0.45998 0.54002
0.52887 0.47113
0.48527 0.51473
0.99815 0.00185
0.99757 0.00243
0.99396 0.00604
0.99757 0.00243
0.99390 0.00610
0.99990 0.00010
0.56634 0.43366
0.45423 0.54577
0.56634 0.43366
0.45336 0.54664
0.74486 0.25514
0.49247 0.50753
0.38108 0.61892
0.49247 0.50753
0.38002 0.61998
0.68445 0.31555
0.99757 0.00243
0.99396 0.00604
0.99757 0.00243
0.99390 0.00610
0.99990 0.00010
0.51908 0.48092
0.40731 0.59269
0.51908 0.48092
0.40592 0.59408
0.70699 0.29301
0.99998 0.00002
0.99960 0.00040
0.99993 0.00007
0.63173 0.36827
0.90997 0.09003
0.97650 0.02350
0.97507 0.02493
0.81411 0.18589
0.81411 0.18589
0.97507 0.02493
0.97714 0.02286
0.97578 0.02422
0.81662 0.18338
0.81662 0.18338
0.97578 0.02422
0.97089 0.02911
0.96951 0.03049
0.79213 0.20787
0.79213 0.20787
0.96951 0.03049
0.41443 0.58557
0.99432 0.00568
0.38427 0.61573
0.38427 0.61573
0.99432 0.00568
0.99407 0.00593
0.93658 0.06342
0.92776 0.07224
0.92776 0.07224
0.93658 0.06342
0.99538 0.00462
0.94959 0.05041
0.42622 0.57378
0.42622 0.57378
0.94959 0.05041
0.99538 0.00462
0.94959 0.05041
0.42622 0.57378
0.42622 0.57378
0.94959 0.05041
0.97640 0.02360
0.15243 0.84757
0.06797 0.93203
0.19781 0.80219
0.12809 0.87191
0.10147 0.89853
0.21198 0.78802
0.39112 0.60888
0.37615 0.62385
0.50925 0.49075
0.51733 0.48267
0.10477 0.89523
0.30562 0.69438
0.28648 0.71352
0.38700 0.61300
0.27427 0.72573
0.11579 0.88421
0.22168 0.77832
0.22221 0.77779
0.21288 0.78712
0.46266 0.53734
0.84270 0.15730
0.99157 0.00843
0.74290 0.25710
0.98343 0.01657
0.84270 0.15730
0.99157 0.00843
0.74290 0.25710
0.98343 0.01657
0.84571 0.15429
0.96786 0.03214
0.84571 0.15429
0.96786 0.03214
0.75615 0.24385
0.94178 0.05822
0.85553 0.14447
0.96786 0.03214
0.97896 0.02104
0.91452 0.08548
0.97896 0.02104
0.91452 0.08548
0.96227 0.03773
0.85531 0.14469
0.73392 0.26608
0.68064 0.31936
0.93483 0.06517
0.73392 0.26608
0.68064 0.31936
0.93483 0.06517
0.63524 0.36476
0.57369 0.42631
0.89599 0.10401
0.98990 0.01010
0.31155 0.68845
0.33955 0.66045
0.52856 0.47144
0.27177 0.72823
0.59908 0.40092
0.28825 0.71175
0.99843 0.00157
0.99847 0.00153
0.33889 0.66111
0.99526 0.00474
0.84113 0.15887
0.99734 0.00266
0.34876 0.65124
0.99941 0.00059
0.99360 0.00640
0.99876 0.00124
0.85569 0.14431
0.98940 0.01060
0.99382 0.00618
0.86903 0.13097
0.66462 0.33538
0.74723 0.25277
0.23682 0.76318
0.12048 0.87952
0.14828 0.85172
0.99657 0.00343
0.99657 0.00343
0.99657 0.00343
0.29425 0.70575
0.35101 0.64899
0.29425 0.70575
0.35101 0.64899
0.29425 0.70575
0.35101 0.64899
0.29425 0.70575
0.35101 0.64899
0.77700 0.22300
0.84209 0.15791
0.77700 0.22300
0.84209 0.15791
0.29425 0.70575
0.35101 0.64899
0.29425 0.70575
0.35101 0.64899
0.52853 0.47147
0.95123 0.04877
0.52853 0.47147
0.20331 0.79669
0.88826 0.11174
0.16281 0.83719
0.20392 0.79608
0.82023 0.17977
0.78936 0.21064
0.24894 0.75106
0.94259 0.05741
0.17804 0.82196
0.75935 0.24065
0.24333 0.75667
0.98593 0.01407
0.99782 0.00218
0.70388 0.29612
0.70605 0.29395
0.21180 0.78820
0.70605 0.29395
0.21180 0.78820
0.84658 0.15342
0.93707 0.06293
0.48544 0.51456
0.53624 0.46376
0.30325 0.69675
0.48350 0.51650
0.53430 0.46570
0.81866 0.18134
0.59851 0.40149
0.42098 0.57902
0.42098 0.57902
0.42098 0.57902
0.42098 0.57902
0.75674 0.24326
0.28393 0.71607
0.43897 0.56103
0.32314 0.67686
0.20665 0.79335
0.17536 0.82464
0.87643 0.12357
0.68748 0.31252
0.21741 0.78259
0.34837 0.65163
0.25093 0.74907
0.64109 0.35891
0.44007 0.55993
0.40323 0.59677
0.22889 0.77111
0.97451 0.02549
0.30044 0.69956
0.35550 0.64450
0.95676 0.04324
0.90596 0.09404
0.28344 0.71656
0.24232 0.75768
0.11350 0.88649
0.53780 0.46220
0.19014 0.80986
0.78988 0.21012
0.71913 0.28087
0.14249 0.85751
0.14299 0.85701
0.69463 0.30537
0.12527 0.87473
0.13297 0.86703
0.66029 0.33971
0.12480 0.87520
0.11741 0.88259
0.52229 0.47771
0.35585 0.64415
0.52229 0.47771
0.35585 0.64415
0.17810 0.82190
0.25924 0.74076
0.42652 0.57348
0.57750 0.42250
0.62867 0.37133
0.57240 0.42760
0.73297 0.26703
0.25753 0.74247
0.44721 0.55279
0.69951 0.30049
0.44721 0.55279
0.69951 0.30049
0.99106 0.00894
0.76176 0.23824
0.99104 0.00896
0.88470 0.11530
0.88365 0.11635
0.53630 0.46370
0.53501 0.46499
0.53630 0.46370
0.53501 0.46499
0.53630 0.46370
0.53630 0.46370
0.95320 0.04680
0.95338 0.04662
0.56146 0.43854
0.98973 0.01027
0.22835 0.77165
0.70334 0.29666
0.57164 0.42836
0.60655 0.39345
0.99858 0.00142
0.32005 0.67995
0.31116 0.68884
0.32707 0.67293
0.25857 0.74143
0.79132 0.20868
0.12695 0.87305
0.14145 0.85855
0.14781 0.85219
0.38996 0.61004
0.19988 0.80012
0.87127 0.12873
0.57080 0.42920
0.63106 0.36894
0.14977 0.85023
0.14977 0.85023
0.14977 0.85023
0.14835 0.85165
0.14835 0.85165
0.14835 0.85165
0.23821 0.76179
0.23821 0.76179
0.23821 0.76179
0.99131 0.00869
0.97293 0.02707
0.99236 0.00764
0.32471 0.67529
0.29440 0.70560
0.99951 0.00049
0.32752 0.67248
0.97851 0.02149
0.95431 0.04569
0.37401 0.62599
0.38068 0.61932
0.99686 0.00314
0.99890 0.00110
0.97776 0.02224
0.99828 0.00172
0.99922 0.00078
0.99995 0.00005
0.94107 0.05893
0.97824 0.02176
0.17064 0.82936
0.44885 0.55116
0.07919 0.92081
0.20437 0.79563
0.24805 0.75195
0.99757 0.00243
0.99809 0.00191
0.09705 0.90295
0.64807 0.35193
0.91793 0.08207
0.99996 0.00004
0.99961 0.00039
0.94625 0.05375
0.17083 0.82917
0.61464 0.38536
0.92155 0.07845
0.12925 0.87075
0.90212 0.09788
0.36137 0.63863
0.33297 0.66703
0.38205 0.61795
0.36340 0.63660
0.38358 0.61642
0.52960 0.47040
0.50028 0.49972
0.52960 0.47040
0.50028 0.49972
0.32494 0.67506
0.99974 0.00026
0.50603 0.49397
0.99972 0.00028
0.35175 0.64825
0.28854 0.71146
0.28854 0.71146
0.32122 0.67878
0.23098 0.76902
0.23346 0.76654
0.80471 0.19529
0.87684 0.12316
0.20587 0.79413
0.33808 0.66192
0.37583 0.62417
0.22327 0.77673
0.51494 0.48506
0.79409 0.20591
0.64955 0.35045
0.89131 0.10869
0.54530 0.45470
0.46706 0.53294
0.52350 0.47650
0.78627 0.21373
0.66884 0.33116
0.95531 0.04469
0.66884 0.33116
0.95379 0.04621
0.16993 0.83007
0.29663 0.70337
0.98332 0.01668
0.29663 0.70337
0.29663 0.70337
0.98304 0.01696
0.29663 0.70337
0.16316 0.83684
0.83529 0.16471
0.27533 0.72467
0.18740 0.81260
0.27948 0.72052
0.23223 0.76777
0.27533 0.72467
0.18740 0.81260
0.27948 0.72052
0.23223 0.76777
0.10200 0.89800
0.62581 0.37419
0.61182 0.38818
0.31777 0.68223
0.71378 0.28622
0.62017 0.37983
0.24187 0.75813
0.24187 0.75813
0.28912 0.71088
0.99946 0.00054
0.77072 0.22928
0.78070 0.21930
0.14958 0.85042
0.81886 0.18114
0.80881 0.19119
0.59535 0.40465
0.99980 0.00020
0.99980 0.00020
0.99998 0.00002
0.99985 0.00015
0.99985 0.00015
0.59561 0.40439
0.99960 0.00040
0.99963 0.00037
0.47374 0.52626
0.47115 0.52885
0.47115 0.52885
0.27376 0.72624
0.27225 0.72775
0.27225 0.72775
0.99843 0.00157
0.38488 0.61512
0.38488 0.61512
0.97117 0.02883
0.81264 0.18736
0.86506 0.13494
0.99784 0.00216
0.15467 0.84533
0.12902 0.87098
0.20006 0.79994
0.19806 0.80194
0.89841 0.10159
0.96491 0.03509
0.99982 0.00018
0.99425 0.00575
0.99822 0.00178
0.35268 0.64732
0.39510 0.60490
0.99286 0.00714
0.40087 0.59913
0.19579 0.80421
0.98904 0.01096
0.99705 0.00295
0.99826 0.00174
0.75336 0.24664
0.75973 0.24027
0.89295 0.10705
0.99560 0.00440
0.85911 0.14089
0.79988 0.20012
0.99514 0.00486
0.79988 0.20012
0.99530 0.00470
0.99530 0.00470
0.99530 0.00470
0.76116 0.23884
0.73456 0.26544
0.88722 0.11278
0.88722 0.11278
0.75053 0.24947
0.87104 0.12896
0.22265 0.77735
0.32505 0.67495
0.33725 0.66275
0.53725 0.46275
0.43210 0.56790
0.97469 0.02531
0.61075 0.38925
0.61075 0.38925
0.97952 0.02048
0.18155 0.81845
0.24914 0.75086
0.87119 0.12881
0.99997 0.00003
0.94859 0.05141
0.43548 0.56452
0.74790 0.25210
0.27066 0.72934
0.99937 0.00063
0.84690 0.15310
0.94302 0.05698
0.99993 0.00007
0.70149 0.29851
0.09468 0.90532
0.55971 0.44029
0.16650 0.83350
0.99958 0.00042
0.99996 0.00004
0.99958 0.00042
0.99996 0.00004
0.99947 0.00053
0.26366 0.73634
0.67379 0.32621
0.75897 0.24103
0.78531 0.21469
0.83647 0.16353
0.87686 0.12314
0.89360 0.10640
0.67499 0.32501
0.74803 0.25197
0.77354 0.22646
0.93229 0.06771
0.18520 0.81480
0.99934 0.00066
0.32360 0.67640
0.82629 0.17371
0.38550 0.61450
0.33125 0.66875
0.38550 0.61450
0.33125 0.66875
0.24850 0.75150
0.19780 0.80220
0.18967 0.81033
0.98843 0.01157
0.79243 0.20757
0.35084 0.64916
0.98843 0.01157
0.79243 0.20757
0.35084 0.64916
0.72489 0.27511
0.22757 0.77243
0.31027 0.68973
0.76040 0.23960
0.31027 0.68973
0.76040 0.23960
0.99450 0.00550
0.64880 0.35120
0.08380 0.91620
0.09179 0.90821
0.08080 0.91920
0.17262 0.82738
0.85867 0.14133
0.98645 0.01355
0.23289 0.76711
0.68689 0.31311
0.87024 0.12976
0.79600 0.20400
0.18939 0.81061
0.72424 0.27576
0.99932 0.00068
0.38448 0.61552
0.17258 0.82742
0.99970 0.00030
0.99984 0.00016
0.89859 0.10141
0.98474 0.01526
0.54732 0.45268
0.98474 0.01526
0.98474 0.01526
0.29091 0.70909
0.99366 0.00634
0.99836 0.00164
0.99366 0.00634
0.99309 0.00691
0.84860 0.15140
0.20373 0.79627
0.88284 0.11716
0.65574 0.34426
0.80637 0.19363
0.64691 0.35309
0.96293 0.03707
0.65959 0.34041
0.36092 0.63908
0.94680 0.05320
0.87432 0.12568
0.94894 0.05106
0.99631 0.00369
0.99904 0.00096
0.86552 0.13448
0.89848 0.10152
0.52772 0.47228
0.89646 0.10354
0.52772 0.47228
0.89646 0.10354
0.99999 0.00001
0.30377 0.69623
0.95903 0.04097
0.48761 0.51239
0.53787 0.46213
0.96346 0.03654
0.99995 0.00005
0.82779 0.17221
0.99980 0.00020
0.87879 0.12121
0.41613 0.58387
0.26107 0.73893
0.43034 0.56966
0.99016 0.00984
0.62654 0.37346
0.99678 0.00322
0.55121 0.44879
0.13853 0.86147
0.69340 0.30660
0.08778 0.91222
0.95944 0.04056
0.97047 0.02953
0.07352 0.92648
0.99669 0.00331
0.99927 0.00073
0.99675 0.00325
0.31095 0.68905
0.34199 0.65801
0.96254 0.03746
0.20501 0.79499
0.52635 0.47365
0.99955 0.00045
0.99655 0.00345
0.99909 0.00091
0.99403 0.00597
0.34050 0.65950
0.90553 0.09447
0.99861 0.00139
0.44561 0.55439
0.99973 0.00027
0.99953 0.00047
0.99989 0.00011
0.99953 0.00047
0.99989 0.00011
0.99974 0.00026
0.97712 0.02288
0.73370 0.26630
0.91641 0.08359
0.64391 0.35609
0.81471 0.18529
0.25566 0.74434
0.95927 0.04073
0.13581 0.86419
0.89172 0.10828
0.91340 0.08660
0.94645 0.05355
0.22288 0.77712
0.89638 0.10362
0.99998 0.00002
0.58786 0.41214
0.76462 0.23538
0.83038 0.16962
0.76462 0.23538
0.77931 0.22069
0.23563 0.76437
0.11101 0.88899
0.20299 0.79701
0.17830 0.82170
0.98474 0.01526
0.15834 0.84166
0.13418 0.86582
0.44780 0.55220
0.35725 0.64275
0.98445 0.01555
0.52165 0.47835
0.99379 0.00621
0.35655 0.64345
0.32662 0.67338
0.28326 0.71674
0.18003 0.81997
0.30535 0.69465
0.29857 0.70143
0.19599 0.80401
0.44720 0.55280
0.16079 0.83921
0.75688 0.24312
0.22787 0.77213
0.99451 0.00549
0.99996 0.00004
0.99840 0.00160
0.92807 0.07193
0.88301 0.11699
0.45318 0.54682
0.22131 0.77869
0.17516 0.82484
0.85609 0.14391
0.17612 0.82388
0.70332 0.29668
0.73746 0.26254
0.60084 0.39916
0.99360 0.00640
0.86861 0.13139
0.99397 0.00603
0.33052 0.66948
0.99032 0.00968
0.17127 0.82873
0.15306 0.84694
0.17913 0.82087
0.15306 0.84694
0.17913 0.82087
0.49514 0.50486
0.49514 0.50486
0.99725 0.00275
0.99936 0.00064
0.98012 0.01988
0.49514 0.50486
0.49514 0.50486
0.49514 0.50486
0.99725 0.00275
0.99936 0.00064
0.98012 0.01988
0.49514 0.50486
0.30704 0.69296
0.99523 0.00477
0.99301 0.00699
0.30704 0.69296
0.30704 0.69296
0.99523 0.00477
0.99301 0.00699
0.30704 0.69296
0.99499 0.00501
0.29149 0.70851
0.38025 0.61975
0.95344 0.04656
0.96685 0.03315
0.15059 0.84941
0.15361 0.84639
0.30921 0.69079
0.87598 0.12402
0.80231 0.19769
0.89044 0.10956
0.80021 0.19979
0.31043 0.68957
0.45241 0.54759
0.43369 0.56631
0.99414 0.00586
0.43369 0.56631
0.44698 0.55302
0.99414 0.00586
0.36125 0.63875
0.36125 0.63875
0.87351 0.12649
0.32745 0.67255
0.70397 0.29603
0.93914 0.06086
0.43449 0.56551
0.49243 0.50757
0.66240 0.33760
0.10341 0.89659
0.17720 0.82280
0.91047 0.08953
0.11601 0.88399
0.40437 0.59563
0.69194 0.30806
0.65561 0.34439
0.99944 0.00056
0.99878 0.00122
0.99294 0.00706
0.99900 0.00100
0.99776 0.00224
0.99733 0.00267
0.99475 0.00525
0.98815 0.01185
0.36775 0.63225
0.31306 0.68694
0.97643 0.02357
0.97643 0.02357
0.94477 0.05523
0.94477 0.05523
0.99648 0.00352
0.99150 0.00850
0.99274 0.00726
0.46736 0.53264
0.39283 0.60717
0.77439 0.22561
0.81171 0.18829
0.66763 0.33237
0.69479 0.30521
0.65175 0.34825
0.17002 0.82998
0.99132 0.00868
0.26219 0.73781
0.99743 0.00257
0.28204 0.71796
0.15298 0.84702
0.07020 0.92980
0.11729 0.88271
0.38361 0.61639
0.19401 0.80599
0.99033 0.00967
0.94446 0.05554
0.95102 0.04898
0.08723 0.91277
0.12490 0.87510
0.81859 0.18141
0.39284 0.60716
0.99244 0.00756
0.99995 0.00005
0.84722 0.15278
0.96860 0.03140
0.31674 0.68326
0.93346 0.06654
0.96643 0.03357
0.67311 0.32689
0.54954 0.45046
0.98749 0.01251
0.99924 0.00076
0.43011 0.56989
0.99891 0.00109
0.10014 0.89986
0.33801 0.66199
0.99627 0.00373
1.00000 0.00000
1.00000 0.00000
0.98901 0.01099
0.99660 0.00340
0.99951 0.00049
0.90540 0.09460
0.07648 0.92352
0.35262 0.64738
0.10554 0.89446
0.98148 0.01852
0.07887 0.92113
0.99943 0.00057
0.99968 0.00032
0.26402 0.73598
0.37072 0.62928
0.99822 0.00178
0.99887 0.00113
0.99907 0.00093
0.95368 0.04632
0.98285 0.01715
0.15254 0.84746
0.14555 0.85445
0.99822 0.00178
0.42645 0.57355
0.94779 0.05221
0.14197 0.85803
0.43199 0.56801
0.98853 0.01147
0.24290 0.75710
0.29176 0.70824
0.59614 0.40386
0.49769 0.50231
0.72338 0.27662
0.55173 0.44827
0.83863 0.16137
0.99504 0.00496
0.96025 0.03975
0.98652 0.01348
0.99690 0.00310
0.98915 0.01085
