0.51985 0.48015
0.58813 0.41187
0.77824 0.22176
0.56039 0.43961
0.56890 0.43110
0.73762 0.26238
0.52014 0.47986
0.52638 0.47362
0.69790 0.30210
0.46410 0.53590
0.46037 0.53963
0.52588 0.47412
0.50726 0.49274
0.53110 0.46890
0.52060 0.47940
0.50105 0.49895
0.55581 0.44419
0.52642 0.47358
0.51673 0.48327
0.69821 0.30179
0.71855 0.28145
0.70086 0.29914
0.48341 0.51659
0.45456 0.54544
0.52396 0.47604
0.54758 0.45242
0.73275 0.26725
0.66777 0.33223
0.71399 0.28601
0.50345 0.49655
0.59932 0.40068
0.51164 0.48836
0.57079 0.42921
0.58463 0.41537
0.97324 0.02676
0.97324 0.02676
0.97324 0.02676
0.77347 0.22653
0.97958 0.02042
0.97475 0.02525
0.97475 0.02525
0.97475 0.02525
0.77347 0.22653
0.97958 0.02042
0.97475 0.02525
0.97475 0.02525
0.97475 0.02525
0.80133 0.19867
0.80841 0.19159
0.80133 0.19867
0.78118 0.21882
0.94884 0.05116
0.78118 0.21882
0.94884 0.05116
0.77155 0.22845
0.59693 0.40307
0.47488 0.52512
0.46103 0.53897
0.70116 0.29884
0.72039 0.27961
0.52848 0.47152
0.55166 0.44834
0.48474 0.51526
0.80065 0.19935
0.55336 0.44664
0.55336 0.44664
0.84539 0.15461
0.97755 0.02245
0.65777 0.34223
0.50791 0.49209
0.50791 0.49209
0.49337 0.50663
0.51815 0.48185
0.73205 0.26795
0.51728 0.48272
0.53630 0.46370
0.66500 0.33500
0.50754 0.49246
0.55851 0.44149
0.50482 0.49518
0.70416 0.29584
0.52334 0.47666
0.54915 0.45085
0.56110 0.43890
0.56875 0.43125
0.56110 0.43890
0.54979 0.45021
0.54271 0.45729
0.52398 0.47602
0.58366 0.41634
0.55757 0.44243
0.48438 0.51562
0.47392 0.52608
0.48438 0.51562
0.47392 0.52608
0.57193 0.42807
0.53854 0.46146
0.77451 0.22549
0.55260 0.44740
0.54883 0.45117
0.72381 0.27619
0.48420 0.51580
0.47320 0.52680
0.46399 0.53601
0.46920 0.53080
0.46717 0.53283
0.48826 0.51174
0.54165 0.45835
0.54150 0.45850
0.54053 0.45947
0.55598 0.44402
0.46542 0.53458
0.62092 0.37908
0.47566 0.52434
0.99036 0.00964
0.99072 0.00928
0.81027 0.18973
0.81196 0.18804
0.54268 0.45732
0.99069 0.00931
0.99498 0.00502
0.99515 0.00485
0.47191 0.52809
0.96613 0.03387
0.96780 0.03220
0.51455 0.48545
0.53412 0.46588
0.47535 0.52465
0.54998 0.45002
0.49658 0.50342
0.46769 0.53231
0.49620 0.50380
0.52721 0.47279
0.52721 0.47279
0.52836 0.47164
0.52836 0.47164
0.50040 0.49960
0.51608 0.48392
0.55877 0.44123
0.55877 0.44123
0.46180 0.53820
0.50896 0.49104
0.50475 0.49525
0.52512 0.47488
0.51988 0.48012
0.53585 0.46415
0.53290 0.46710
0.52563 0.47437
0.53538 0.46462
0.53545 0.46455
0.51316 0.48684
0.46560 0.53440
0.47055 0.52945
0.51364 0.48636
0.59161 0.40839
0.62029 0.37971
0.52738 0.47262
0.50678 0.49322
0.49553 0.50447
0.51369 0.48631
0.51559 0.48441
0.51369 0.48631
0.51559 0.48441
0.85622 0.14378
0.69922 0.30078
0.66071 0.33929
0.57740 0.42260
0.54636 0.45364
0.79730 0.20270
0.54547 0.45453
0.54595 0.45405
0.79730 0.20270
0.79730 0.20270
0.79730 0.20270
0.49865 0.50135
0.66678 0.33322
0.51644 0.48356
0.53376 0.46624
0.66088 0.33912
0.51913 0.48087
0.88537 0.11463
0.54773 0.45227
0.83551 0.16449
0.46760 0.53240
0.58045 0.41955
0.50908 0.49092
0.83427 0.16573
0.72041 0.27959
0.53338 0.46662
0.89775 0.10225
0.90139 0.09861
0.55989 0.44011
0.53539 0.46461
0.67084 0.32916
0.59381 0.40619
0.56375 0.43625
0.94701 0.05299
0.50564 0.49436
0.51073 0.48927
0.58107 0.41893
0.58929 0.41071
0.53318 0.46682
0.52385 0.47615
0.72706 0.27294
0.72706 0.27294
0.79037 0.20963
0.79037 0.20963
0.55636 0.44364
0.55636 0.44364
0.54667 0.45333
0.77273 0.22727
0.71791 0.28209
0.67481 0.32519
0.57401 0.42599
0.55226 0.44774
0.53991 0.46009
0.88333 0.11667
0.78728 0.21272
0.78728 0.21272
0.54261 0.45739
0.54261 0.45739
0.61720 0.38280
0.57814 0.42186
0.49786 0.50214
0.53075 0.46925
0.52704 0.47296
0.51525 0.48475
0.52378 0.47622
0.55947 0.44053
0.51412 0.48588
0.51335 0.48665
0.49223 0.50777
0.54538 0.45462
0.93538 0.06462
0.94047 0.05953
0.92315 0.07685
0.83332 0.16668
0.80258 0.19742
0.55617 0.44383
0.50464 0.49536
0.55617 0.44383
0.55617 0.44383
0.50464 0.49536
0.55617 0.44383
0.63864 0.36136
0.50006 0.49994
0.66421 0.33579
0.50233 0.49767
0.50233 0.49767
0.79878 0.20122
0.61389 0.38611
0.65666 0.34334
0.76677 0.23323
0.58701 0.41299
0.56567 0.43433
0.73740 0.26260
0.50643 0.49357
0.72229 0.27771
0.51074 0.48926
0.78722 0.21278
0.53622 0.46378
0.58964 0.41036
0.91786 0.08214
0.62784 0.37216
0.54259 0.45741
0.66181 0.33819
0.50655 0.49345
0.84054 0.15946
0.46506 0.53494
0.46464 0.53536
0.52724 0.47276
0.53519 0.46481
0.82676 0.17324
0.55288 0.44712
0.88669 0.11331
0.57772 0.42228
0.57637 0.42363
0.88385 0.11615
0.57237 0.42763
0.57102 0.42898
0.65825 0.34175
0.74167 0.25833
0.73880 0.26120
0.96979 0.03021
0.96867 0.03133
0.96216 0.03784
0.96122 0.03878
0.96876 0.03124
0.96764 0.03236
0.68821 0.31179
0.86981 0.13019
0.73365 0.26635
0.50588 0.49412
0.50748 0.49252
0.79713 0.20287
0.79406 0.20594
0.52556 0.47444
0.50661 0.49339
0.71850 0.28150
0.50661 0.49339
0.71850 0.28150
0.50817 0.49183
0.60054 0.39946
0.98075 0.01925
0.49931 0.50069
0.53604 0.46396
0.53547 0.46453
0.52664 0.47336
0.85443 0.14557
0.71946 0.28054
0.53210 0.46790
0.71946 0.28054
0.69353 0.30647
0.66816 0.33184
0.76751 0.23249
0.71380 0.28620
0.72098 0.27901
0.94683 0.05317
0.73617 0.26383
0.53965 0.46035
0.74427 0.25573
0.96870 0.03130
0.83466 0.16534
0.81411 0.18589
0.72570 0.27430
0.72745 0.27255
0.72997 0.27003
0.51108 0.48892
0.72570 0.27430
0.72745 0.27255
0.72997 0.27003
0.51108 0.48892
0.81850 0.18150
0.81406 0.18594
0.85644 0.14356
0.79739 0.20261
0.87347 0.12653
0.96333 0.03667
0.58287 0.41713
0.58108 0.41892
0.58734 0.41266
0.75710 0.24290
0.75710 0.24290
0.76253 0.23747
0.87044 0.12956
0.86577 0.13423
0.76117 0.23883
0.75477 0.24523
0.63386 0.36614
0.52237 0.47763
0.59442 0.40558
0.58576 0.41424
0.59442 0.40558
0.58576 0.41424
0.58667 0.41333
0.86072 0.13928
0.58667 0.41333
0.86072 0.13928
0.51854 0.48146
0.50671 0.49329
0.64098 0.35902
0.55586 0.44414
0.65119 0.34881
0.53270 0.46730
0.51682 0.48318
0.60599 0.39401
0.58527 0.41473
0.55280 0.44720
0.53573 0.46427
0.52999 0.47001
0.52451 0.47549
0.53156 0.46844
0.52450 0.47550
0.65563 0.34437
0.65563 0.34437
0.55675 0.44325
0.55675 0.44325
0.57733 0.42267
0.57733 0.42267
0.56681 0.43319
0.88439 0.11561
0.56709 0.43291
0.89039 0.10961
0.61911 0.38089
0.61911 0.38089
0.61911 0.38089
0.75675 0.24325
0.75675 0.24325
0.75675 0.24325
0.61911 0.38089
0.61911 0.38089
0.61911 0.38089
0.61911 0.38089
0.61911 0.38089
0.61911 0.38089
0.50852 0.49148
0.68028 0.31972
0.69957 0.30043
0.51164 0.48836
0.93387 0.06613
0.52373 0.47627
0.84498 0.15502
0.54206 0.45794
0.52295 0.47705
0.75581 0.24419
0.80465 0.19535
0.80465 0.19535
0.56735 0.43265
0.56735 0.43265
0.67970 0.32030
0.50790 0.49210
0.73690 0.26310
0.52569 0.47431
0.65931 0.34069
0.57299 0.42701
0.57299 0.42701
0.57522 0.42478
0.56053 0.43947
0.56208 0.43792
0.80669 0.19331
0.54181 0.45819
0.54354 0.45646
0.68802 0.31198
0.70773 0.29227
0.95067 0.04933
0.65159 0.34841
0.66794 0.33206
0.95123 0.04877
0.65336 0.34664
0.66967 0.33033
0.52093 0.47907
0.65966 0.34034
0.50886 0.49114
0.52009 0.47991
0.50423 0.49577
0.50818 0.49182
0.69929 0.30071
0.70999 0.29001
0.75178 0.24822
0.76248 0.23752
0.94090 0.05910
0.72212 0.27788
0.72379 0.27621
0.52668 0.47331
0.52415 0.47585
0.58969 0.41031
0.57956 0.42044
0.89179 0.10821
0.99266 0.00734
0.91126 0.08874
0.99126 0.00874
0.51568 0.48432
0.51745 0.48255
0.51403 0.48597
0.51574 0.48426
0.49520 0.50480
0.51795 0.48205
0.51497 0.48503
0.51834 0.48166
0.50717 0.49283
0.50717 0.49283
0.57572 0.42428
0.56583 0.43417
0.57726 0.42274
0.56425 0.43575
0.57447 0.42553
0.56462 0.43538
0.57605 0.42395
0.56301 0.43699
0.75273 0.24727
0.72200 0.27800
0.72324 0.27676
0.72867 0.27133
0.72694 0.27306
0.72197 0.27803
0.72200 0.27800
0.72324 0.27676
0.72867 0.27133
0.72694 0.27306
0.72197 0.27803
0.62497 0.37503
0.61641 0.38359
0.85071 0.14929
0.84066 0.15934
0.50511 0.49489
0.99337 0.00663
0.99343 0.00657
0.86408 0.13592
0.88377 0.11623
0.61634 0.38366
0.98658 0.01342
0.85783 0.14217
0.89114 0.10886
0.86057 0.13943
0.58462 0.41538
0.58462 0.41538
0.58462 0.41538
0.63236 0.36764
0.63056 0.36944
0.66443 0.33557
0.73471 0.26529
0.73483 0.26517
0.86369 0.13631
0.66360 0.33640
0.66341 0.33659
0.50296 0.49704
0.84442 0.15558
0.88374 0.11626
0.84615 0.15385
0.64499 0.35501
0.48289 0.51711
0.65475 0.34525
0.74195 0.25805
0.52714 0.47286
0.50743 0.49257
0.51364 0.48636
0.47288 0.52712
0.46398 0.53602
0.52549 0.47451
0.68457 0.31543
0.66770 0.33230
0.87915 0.12085
0.79536 0.20464
0.79536 0.20464
0.51000 0.49000
0.55983 0.44017
0.95256 0.04744
0.72931 0.27069
0.56106 0.43894
0.75121 0.24879
0.75121 0.24879
0.75527 0.24473
0.74720 0.25280
0.65044 0.34956
0.80800 0.19200
0.50578 0.49422
0.82007 0.17993
0.51420 0.48580
0.80620 0.19380
0.96706 0.03294
0.81379 0.18621
0.79425 0.20575
0.80807 0.19193
0.50577 0.49423
0.80800 0.19200
0.50578 0.49422
0.82007 0.17993
0.51420 0.48580
0.81781 0.18219
0.97022 0.02978
0.89856 0.10144
0.54088 0.45912
0.53362 0.46638
0.61713 0.38287
0.91973 0.08027
0.62752 0.37248
0.92172 0.07828
0.63021 0.36979
0.92272 0.07728
0.61686 0.38314
0.91764 0.08236
0.55442 0.44558
0.55442 0.44558
0.55442 0.44558
0.55442 0.44558
0.91390 0.08610
0.59464 0.40536
0.48999 0.51001
0.69852 0.30148
0.52912 0.47088
0.54751 0.45249
0.91660 0.08340
0.55304 0.44696
0.97959 0.02041
0.47254 0.52746
0.52617 0.47383
0.51742 0.48258
0.52888 0.47112
0.56078 0.43922
0.53337 0.46663
0.52833 0.47167
0.53437 0.46563
0.52831 0.47169
0.52855 0.47145
0.52092 0.47908
0.51796 0.48204
0.52060 0.47940
0.51796 0.48204
0.52060 0.47940
0.96990 0.03010
0.85154 0.14846
0.81447 0.18553
0.82532 0.17468
0.98174 0.01826
0.98174 0.01826
0.80535 0.19465
0.81237 0.18763
0.78026 0.21974
0.78026 0.21974
0.79589 0.20411
0.80313 0.19687
0.78431 0.21569
0.78431 0.21569
0.79972 0.20028
0.98404 0.01596
0.98069 0.01931
0.98069 0.01931
0.79879 0.20121
0.80595 0.19405
0.99269 0.00731
0.97120 0.02880
0.61117 0.38883
0.61117 0.38883
0.89551 0.10449
0.71113 0.28887
0.71966 0.28034
0.77415 0.22585
0.80104 0.19896
0.56867 0.43133
0.83047 0.16953
0.57877 0.42123
0.86457 0.13543
0.53663 0.46337
0.73522 0.26478
0.73796 0.26204
0.54622 0.45378
0.51354 0.48646
0.51354 0.48646
0.66107 0.33893
0.66107 0.33893
0.95245 0.04755
0.95245 0.04755
0.66325 0.33675
0.66325 0.33675
0.68134 0.31866
0.89160 0.10840
0.67735 0.32265
0.49887 0.50113
0.67557 0.32443
0.62962 0.37038
0.68955 0.31045
0.50445 0.49555
0.67557 0.32443
0.62962 0.37038
0.68766 0.31234
0.50323 0.49677
0.67557 0.32443
0.62962 0.37038
0.54499 0.45501
0.91506 0.08494
0.54040 0.45960
0.54040 0.45960
0.53819 0.46181
0.53819 0.46181
0.82548 0.17452
0.82548 0.17452
0.56427 0.43573
0.71099 0.28901
0.71575 0.28425
0.79809 0.20191
0.79809 0.20191
0.51492 0.48508
0.52562 0.47438
0.54498 0.45502
0.56495 0.43505
0.68435 0.31565
0.73104 0.26896
0.79921 0.20079
0.78647 0.21353
0.75270 0.24730
0.73383 0.26617
0.62285 0.37715
0.57397 0.42603
0.74072 0.25928
0.79338 0.20662
0.46237 0.53763
0.62497 0.37503
0.51181 0.48819
0.95180 0.04820
0.48999 0.51001
0.49575 0.50425
0.56682 0.43318
0.50882 0.49118
0.93870 0.06130
0.63656 0.36344
0.60320 0.39680
0.80791 0.19209
0.72586 0.27414
0.72355 0.27645
0.70958 0.29042
0.77558 0.22442
0.76423 0.23577
0.71282 0.28718
0.74343 0.25657
0.76423 0.23577
0.77764 0.22236
0.76423 0.23577
0.69606 0.30394
0.76097 0.23903
0.72704 0.27296
0.79516 0.20484
0.73520 0.26480
0.60066 0.39934
0.79170 0.20830
0.85810 0.14190
0.65553 0.34447
0.63549 0.36451
0.67797 0.32203
0.70924 0.29076
0.83661 0.16339
0.52966 0.47034
0.67002 0.32998
0.65529 0.34471
0.85576 0.14424
0.46915 0.53085
0.46888 0.53112
0.46641 0.53359
0.47070 0.52930
0.48069 0.51931
0.66856 0.33144
0.64831 0.35169
0.53606 0.46394
0.64831 0.35169
0.70114 0.29886
0.50840 0.49160
0.69742 0.30258
0.51712 0.48288
0.67797 0.32203
0.51493 0.48507
0.52035 0.47965
0.58051 0.41949
0.55887 0.44113
0.78138 0.21862
0.49509 0.50491
0.56881 0.43119
0.47705 0.52295
0.50255 0.49745
0.51337 0.48663
0.47883 0.52117
0.53619 0.46381
0.51149 0.48851
0.51724 0.48276
0.66508 0.33492
0.81180 0.18820
0.51930 0.48070
0.58532 0.41468
0.81338 0.18662
0.98978 0.01022
0.84258 0.15742
0.97558 0.02442
0.97558 0.02442
0.86840 0.13160
0.75999 0.24001
0.75999 0.24001
0.96890 0.03110
0.96890 0.03110
0.96863 0.03137
0.96863 0.03137
0.97115 0.02885
0.97115 0.02885
0.96797 0.03203
0.96797 0.03203
0.96380 0.03620
0.50122 0.49878
0.96448 0.03552
0.75804 0.24196
0.47171 0.52829
0.51207 0.48793
0.51521 0.48479
0.51141 0.48859
0.51768 0.48232
0.50904 0.49096
0.50799 0.49201
0.49061 0.50939
0.75943 0.24057
0.53526 0.46474
0.51033 0.48967
0.73042 0.26958
0.49555 0.50445
0.49532 0.50468
0.75433 0.24567
0.96611 0.03389
0.78956 0.21044
0.96556 0.03444
0.56270 0.43730
0.87883 0.12117
0.77991 0.22009
0.97181 0.02819
0.97102 0.02898
0.97102 0.02898
0.97102 0.02898
0.79779 0.20221
0.79658 0.20342
0.97102 0.02898
0.65545 0.34455
0.83199 0.16801
0.67592 0.32408
0.50826 0.49174
0.64927 0.35073
0.63901 0.36099
0.50551 0.49449
0.63602 0.36398
0.50156 0.49844
0.49156 0.50844
0.89468 0.10532
0.55883 0.44117
0.73434 0.26566
0.51131 0.48869
0.63481 0.36519
0.53176 0.46824
0.56294 0.43706
0.64148 0.35852
0.54659 0.45341
0.53326 0.46674
0.56445 0.43555
0.64314 0.35686
0.53617 0.46383
0.65115 0.34885
0.65194 0.34806
0.95423 0.04577
0.83650 0.16350
0.96877 0.03123
0.51852 0.48148
0.69070 0.30930
0.49663 0.50337
0.71266 0.28734
0.94604 0.05396
0.51516 0.48484
0.46706 0.53294
0.48012 0.51988
0.52444 0.47556
0.80920 0.19080
0.53550 0.46450
0.76698 0.23302
0.52455 0.47545
0.53083 0.46917
0.85976 0.14024
0.48941 0.51059
0.82975 0.17025
0.51295 0.48705
0.87254 0.12746
0.49290 0.50710
0.69780 0.30220
0.47635 0.52365
0.49628 0.50372
0.52316 0.47684
0.53104 0.46896
0.53000 0.47000
0.52391 0.47609
0.51861 0.48139
0.65726 0.34274
0.51767 0.48233
0.68175 0.31825
0.52380 0.47620
0.70202 0.29798
0.51297 0.48703
0.70202 0.29798
0.54534 0.45466
0.72083 0.27917
0.92963 0.07037
0.92963 0.07037
0.55030 0.44970
0.69881 0.30119
0.51176 0.48824
0.51136 0.48864
0.58985 0.41015
0.56624 0.43376
0.99651 0.00349
0.56581 0.43419
0.51814 0.48186
0.51789 0.48211
0.49529 0.50471
0.49507 0.50493
0.51527 0.48473
0.51497 0.48503
0.70181 0.29819
0.77543 0.22457
0.78659 0.21341
0.78140 0.21860
0.82377 0.17623
0.71265 0.28735
0.71065 0.28935
0.71265 0.28735
0.71065 0.28935
0.54854 0.45146
0.55236 0.44764
0.80086 0.19914
0.46613 0.53387
0.46698 0.53302
0.47065 0.52935
0.47065 0.52935
0.60986 0.39014
0.61011 0.38989
0.61011 0.38989
0.60631 0.39369
0.60664 0.39336
0.60664 0.39336
0.46787 0.53213
0.46833 0.53167
0.46545 0.53455
0.46595 0.53405
0.53104 0.46896
0.60445 0.39555
0.63527 0.36473
0.54917 0.45083
0.54917 0.45083
0.55222 0.44778
0.63801 0.36199
0.64172 0.35828
0.64172 0.35828
0.67516 0.32484
0.63801 0.36199
0.55017 0.44983
0.53457 0.46543
0.55336 0.44664
0.95079 0.04921
0.94850 0.05150
0.99301 0.00699
0.86292 0.13708
0.85363 0.14637
0.85965 0.14035
0.67771 0.32229
0.50422 0.49578
0.77135 0.22865
0.54145 0.45855
0.76611 0.23389
0.49217 0.50783
0.48666 0.51334
0.51274 0.48726
0.52300 0.47700
0.77385 0.22615
0.77552 0.22448
0.52527 0.47473
0.57190 0.42810
0.56113 0.43887
0.53887 0.46113
0.57190 0.42810
0.56113 0.43887
0.53887 0.46113
0.81170 0.18830
0.79476 0.20524
0.73109 0.26891
0.61028 0.38972
0.49655 0.50345
0.50616 0.49384
0.50616 0.49384
0.51452 0.48548
0.51452 0.48548
0.50616 0.49384
0.50616 0.49384
0.60950 0.39050
0.59584 0.40416
0.91153 0.08847
0.79242 0.20758
0.50980 0.49020
0.62916 0.37084
0.65243 0.34757
0.69874 0.30126
0.60486 0.39514
0.55051 0.44949
0.66721 0.33279
0.60070 0.39930
0.68198 0.31802
0.58875 0.41125
0.53588 0.46412
0.58177 0.41823
0.57887 0.42113
0.52688 0.47312
0.77247 0.22753
0.80762 0.19238
0.48964 0.51036
0.49345 0.50655
0.49937 0.50063
0.49937 0.50063
0.49937 0.50063
0.49318 0.50682
0.51883 0.48117
0.51883 0.48117
0.50167 0.49833
0.51830 0.48170
0.82846 0.17154
0.61015 0.38985
0.66773 0.33227
0.62182 0.37818
0.53545 0.46455
0.55289 0.44711
0.55571 0.44429
0.81609 0.18391
0.46514 0.53486
0.47165 0.52835
0.50245 0.49755
0.49551 0.50449
0.50202 0.49798
0.50363 0.49637
0.46897 0.53103
0.46848 0.53152
0.51301 0.48699
0.57401 0.42599
0.88329 0.11671
0.57401 0.42599
0.57401 0.42599
0.57533 0.42467
0.55141 0.44859
0.55323 0.44677
0.55323 0.44677
0.45976 0.54024
0.50642 0.49358
0.53801 0.46199
0.96996 0.03004
0.51810 0.48190
0.50184 0.49816
0.67544 0.32456
0.64402 0.35598
0.86218 0.13782
0.97208 0.02792
0.79412 0.20588
0.52368 0.47632
0.78174 0.21826
0.50452 0.49548
0.51139 0.48861
0.58777 0.41223
0.57689 0.42311
0.79309 0.20691
0.73931 0.26069
0.96777 0.03223
0.96777 0.03223
0.48311 0.51689
0.48311 0.51689
0.82209 0.17791
0.82171 0.17829
0.72404 0.27596
0.72404 0.27596
0.76652 0.23348
0.69128 0.30872
0.53492 0.46508
0.87445 0.12555
0.84434 0.15566
0.77342 0.22658
0.77342 0.22658
0.90233 0.09767
0.87246 0.12754
0.87246 0.12754
0.90233 0.09767
0.90233 0.09767
0.87246 0.12754
0.48935 0.51065
0.64530 0.35470
0.66234 0.33766
0.73069 0.26931
0.72857 0.27143
0.48716 0.51284
0.51261 0.48739
0.99272 0.00728
0.51261 0.48739
0.99272 0.00728
0.98704 0.01296
0.98704 0.01296
0.84431 0.15569
0.87069 0.12931
0.99761 0.00239
0.52777 0.47223
0.99179 0.00821
0.45912 0.54088
0.54231 0.45769
0.49801 0.50199
0.52710 0.47290
0.51724 0.48276
0.51724 0.48276
0.51749 0.48251
0.51749 0.48251
0.51871 0.48129
0.51871 0.48129
0.52100 0.47900
0.52326 0.47674
0.52247 0.47753
0.51783 0.48217
0.51794 0.48206
0.51783 0.48217
0.51794 0.48206
0.48496 0.51504
0.55837 0.44163
0.75634 0.24366
0.52413 0.47587
0.54520 0.45480
0.54115 0.45885
0.68347 0.31653
0.47636 0.52364
0.61427 0.38573
0.51139 0.48861
0.85354 0.14646
0.82084 0.17916
0.56849 0.43151
0.57090 0.42910
0.57450 0.42550
0.57659 0.42341
0.58015 0.41985
0.97731 0.02269
0.56846 0.43154
0.82084 0.17916
0.56849 0.43151
0.50022 0.49978
0.61693 0.38307
0.73135 0.26865
0.47270 0.52730
0.47270 0.52730
0.52245 0.47755
0.52245 0.47755
0.52840 0.47160
0.52840 0.47160
0.47057 0.52943
0.51726 0.48274
0.57010 0.42990
0.54080 0.45920
0.57750 0.42250
0.57822 0.42178
0.54209 0.45791
0.89202 0.10798
0.61258 0.38742
0.92689 0.07311
0.50298 0.49702
0.96562 0.03438
0.96475 0.03525
0.89677 0.10323
0.99409 0.00591
0.99897 0.00103
0.87465 0.12535
0.62874 0.37126
0.55315 0.44685
0.51575 0.48425
0.46808 0.53192
0.46766 0.53234
0.84807 0.15193
0.53587 0.46413
0.54907 0.45093
0.54791 0.45209
0.53597 0.46403
0.54918 0.45082
0.54801 0.45199
0.66965 0.33035
0.66486 0.33514
0.68825 0.31175
0.65115 0.34885
0.74230 0.25770
0.73212 0.26788
0.73274 0.26726
0.73274 0.26726
0.73251 0.26749
0.73274 0.26726
0.70390 0.29610
0.70507 0.29493
0.83006 0.16994
0.83040 0.16960
0.98724 0.01276
0.57599 0.42401
0.57677 0.42323
0.60754 0.39246
0.89593 0.10407
0.60846 0.39154
0.89593 0.10407
0.56906 0.43094
0.56740 0.43260
0.56820 0.43180
0.65335 0.34665
0.99020 0.00980
0.99020 0.00980
0.55435 0.44565
0.55435 0.44565
0.84880 0.15120
0.84880 0.15120
0.85178 0.14822
0.85178 0.14822
0.55946 0.44054
0.55946 0.44054
0.89734 0.10266
0.89734 0.10266
0.51720 0.48280
0.51720 0.48280
0.69066 0.30934
0.69066 0.30934
0.68579 0.31421
0.68579 0.31421
0.52080 0.47920
0.52080 0.47920
0.67208 0.32792
0.67885 0.32115
0.91135 0.08865
0.91135 0.08865
0.58167 0.41833
0.58830 0.41170
0.54500 0.45500
0.54500 0.45500
0.79724 0.20276
0.58310 0.41690
0.58847 0.41153
0.99231 0.00769
0.87930 0.12070
0.74796 0.25204
0.76087 0.23913
0.89752 0.10248
0.90624 0.09376
0.55050 0.44950
0.53758 0.46242
0.54929 0.45071
0.95116 0.04884
0.76939 0.23061
0.79439 0.20561
0.76930 0.23070
0.57084 0.42916
0.98852 0.01148
0.52227 0.47773
0.73584 0.26416
0.94634 0.05366
0.74971 0.25029
0.97504 0.02496
0.96324 0.03676
0.99020 0.00980
0.99183 0.00817
0.99001 0.00999
0.57452 0.42548
0.58397 0.41603
0.57261 0.42739
0.57505 0.42495
0.58449 0.41551
0.57313 0.42687
0.99020 0.00980
0.99183 0.00817
0.99001 0.00999
0.66292 0.33708
0.66373 0.33627
0.50867 0.49133
0.50892 0.49108
0.50892 0.49108
0.51411 0.48589
0.51473 0.48527
0.51255 0.48745
0.56559 0.43441
0.55910 0.44090
0.56049 0.43951
0.80938 0.19062
0.81112 0.18888
0.96287 0.03713
0.71106 0.28894
0.94677 0.05323
0.52275 0.47725
0.70385 0.29615
0.54114 0.45886
0.50153 0.49847
0.46978 0.53022
0.74861 0.25139
0.54320 0.45680
0.75844 0.24156
0.55075 0.44925
0.75723 0.24277
0.69925 0.30075
0.74963 0.25037
0.69006 0.30994
0.74768 0.25232
0.54216 0.45784
0.49917 0.50083
0.83061 0.16939
0.78477 0.21523
0.76585 0.23415
0.71207 0.28793
0.72371 0.27629
0.80843 0.19157
0.79000 0.21000
0.53312 0.46688
0.74782 0.25218
0.94351 0.05649
0.93822 0.06178
0.69986 0.30014
0.68234 0.31766
0.60974 0.39026
0.60974 0.39026
0.59122 0.40878
0.59122 0.40878
0.62334 0.37666
0.62210 0.37790
0.88356 0.11644
0.86592 0.13408
0.96843 0.03157
0.86784 0.13216
0.60227 0.39773
0.59117 0.40883
0.66577 0.33423
0.73986 0.26014
0.74370 0.25630
0.57842 0.42158
0.51761 0.48239
0.82238 0.17762
0.83864 0.16136
0.82037 0.17963
0.57586 0.42414
0.60250 0.39750
0.93071 0.06929
0.48866 0.51134
0.50002 0.49998
0.89781 0.10219
0.90054 0.09946
0.92799 0.07201
0.50116 0.49884
0.82701 0.17299
0.53394 0.46606
0.74514 0.25486
0.66321 0.33679
0.54694 0.45306
0.54585 0.45415
0.71277 0.28723
0.93154 0.06846
0.56978 0.43022
0.80387 0.19613
0.48280 0.51720
0.83819 0.16181
0.54627 0.45373
0.53631 0.46369
0.54627 0.45373
0.53631 0.46369
0.53101 0.46899
0.53032 0.46968
0.96664 0.03336
0.53853 0.46147
0.52746 0.47254
0.84171 0.15829
0.54266 0.45734
0.76822 0.23178
0.69854 0.30146
0.76635 0.23365
0.50334 0.49666
0.57368 0.42632
0.50851 0.49149
0.50851 0.49149
0.57368 0.42632
0.50851 0.49149
0.55856 0.44144
0.55478 0.44522
0.69964 0.30036
0.81448 0.18552
0.82787 0.17213
0.56266 0.43734
0.58400 0.41600
0.55950 0.44050
0.55250 0.44750
0.57336 0.42664
0.54655 0.45345
0.51937 0.48063
0.52477 0.47523
0.53630 0.46370
0.55274 0.44726
0.52087 0.47913
0.51881 0.48119
0.51075 0.48925
0.50552 0.49448
0.65852 0.34148
0.53109 0.46891
0.69193 0.30807
0.83958 0.16042
0.85565 0.14435
0.59662 0.40338
0.60102 0.39898
0.50787 0.49213
0.70849 0.29151
0.51342 0.48658
0.62357 0.37643
0.76630 0.23370
0.76630 0.23370
0.76901 0.23099
0.76901 0.23099
0.76662 0.23338
0.76662 0.23338
0.79866 0.20134
0.79581 0.20420
0.79866 0.20134
0.79622 0.20378
0.79581 0.20420
0.51118 0.48882
0.51118 0.48882
0.51828 0.48172
0.55301 0.44699
0.55298 0.44702
0.55348 0.44652
0.84874 0.15126
0.84168 0.15832
0.51975 0.48025
0.51730 0.48270
0.73624 0.26376
0.97687 0.02313
0.50511 0.49489
0.49354 0.50646
0.78943 0.21057
0.79848 0.20152
0.55279 0.44721
0.79432 0.20568
0.55279 0.44721
0.79432 0.20568
0.99012 0.00988
0.57200 0.42800
0.52663 0.47337
0.52622 0.47378
0.55234 0.44766
0.55393 0.44607
0.99180 0.00820
0.89640 0.10360
0.80262 0.19738
0.57618 0.42382
0.52065 0.47935
0.52161 0.47839
0.51285 0.48715
0.55646 0.44354
0.52582 0.47418
0.89689 0.10311
0.87140 0.12860
0.87567 0.12433
0.46770 0.53230
0.58526 0.41474
0.57970 0.42030
0.63147 0.36853
0.53048 0.46952
0.92018 0.07982
0.54944 0.45056
0.53796 0.46204
0.53723 0.46277
0.76194 0.23806
0.53810 0.46190
0.53615 0.46385
0.91267 0.08733
0.91043 0.08957
0.85772 0.14228
0.85468 0.14532
0.50333 0.49667
0.51347 0.48653
0.64324 0.35676
0.54590 0.45410
0.54157 0.45843
0.56367 0.43633
0.55918 0.44082
0.51244 0.48756
0.70470 0.29530
0.57054 0.42946
0.76867 0.23133
0.52460 0.47540
0.50290 0.49710
0.50006 0.49994
0.50640 0.49360
0.50368 0.49632
0.52401 0.47599
0.70400 0.29600
0.51846 0.48154
0.88147 0.11853
0.84941 0.15059
0.54490 0.45510
0.60104 0.39896
0.49774 0.50226
0.55420 0.44580
0.52838 0.47162
0.70874 0.29126
0.82354 0.17645
0.83759 0.16241
0.55690 0.44310
0.65963 0.34037
0.74201 0.25799
0.94743 0.05257
0.74201 0.25799
0.94743 0.05257
0.89069 0.10931
0.58282 0.41718
0.77558 0.22442
0.77558 0.22442
0.48930 0.51070
0.47764 0.52236
0.47154 0.52846
0.47474 0.52526
0.47318 0.52682
0.55736 0.44264
0.80774 0.19226
0.85270 0.14730
0.85435 0.14565
0.71114 0.28886
0.80172 0.19828
0.78086 0.21914
0.60498 0.39502
0.50659 0.49341
0.63753 0.36247
0.77268 0.22732
0.99211 0.00789
0.52701 0.47299
0.52144 0.47856
0.61936 0.38064
0.54842 0.45158
0.53901 0.46099
0.55167 0.44833
0.69895 0.30105
0.61510 0.38490
0.60782 0.39218
0.48409 0.51591
0.57310 0.42690
0.74927 0.25073
0.48432 0.51568
0.71402 0.28598
0.92729 0.07271
0.48786 0.51214
0.53326 0.46674
0.73013 0.26987
0.54560 0.45440
0.51246 0.48754
0.65408 0.34592
0.99555 0.00445
0.99344 0.00656
0.99490 0.00510
0.59706 0.40294
0.99510 0.00490
0.99278 0.00722
0.99555 0.00445
0.59527 0.40473
0.99504 0.00496
0.99270 0.00730
0.99465 0.00535
0.58803 0.41197
0.61275 0.38725
0.99191 0.00809
0.90286 0.09714
0.58802 0.41198
0.52977 0.47023
0.66825 0.33175
0.54467 0.45533
0.51484 0.48516
0.51164 0.48836
0.46860 0.53140
0.93915 0.06085
0.58409 0.41591
0.52329 0.47671
0.50846 0.49154
0.76531 0.23469
0.84174 0.15826
0.60344 0.39656
0.50519 0.49481
0.58101 0.41899
0.58800 0.41200
0.86369 0.13631
0.46469 0.53531
0.46566 0.53434
0.82254 0.17746
0.46090 0.53910
0.54127 0.45873
0.54519 0.45481
0.46424 0.53576
0.57720 0.42280
0.58083 0.41917
0.57720 0.42280
0.57720 0.42280
0.62110 0.37890
0.46707 0.53293
0.46459 0.53541
0.77956 0.22044
0.84262 0.15738
0.90526 0.09474
0.84262 0.15738
0.90526 0.09474
0.54007 0.45993
0.55375 0.44625
0.91848 0.08152
0.54078 0.45922
0.52485 0.47515
0.62992 0.37008
0.48179 0.51821
0.73871 0.26129
0.49986 0.50014
0.71916 0.28084
0.51066 0.48934
0.53159 0.46841
0.53378 0.46622
0.53159 0.46841
0.55049 0.44951
0.54100 0.45900
0.58954 0.41046
0.55594 0.44406
0.61171 0.38829
0.54677 0.45323
0.60172 0.39828
0.96792 0.03208
0.79631 0.20369
0.80770 0.19230
0.55500 0.44500
0.96698 0.03302
0.55010 0.44990
0.57586 0.42414
0.86751 0.13249
0.57019 0.42981
0.98473 0.01527
0.85801 0.14199
0.98526 0.01474
0.45177 0.54823
0.54942 0.45058
0.81927 0.18073
0.48226 0.51774
0.69977 0.30023
0.94035 0.05965
0.73765 0.26235
0.54524 0.45476
0.94386 0.05614
0.56795 0.43205
0.54531 0.45469
0.94298 0.05702
0.56891 0.43109
0.67026 0.32974
0.57954 0.42046
0.83003 0.16997
0.61519 0.38481
0.83856 0.16144
0.99757 0.00243
0.84669 0.15331
0.99776 0.00224
0.54440 0.45560
0.56501 0.43499
0.77716 0.22284
0.74074 0.25926
0.77716 0.22284
0.74074 0.25926
0.76996 0.23004
0.75406 0.24594
0.64237 0.35763
0.90902 0.09098
0.65376 0.34624
0.91361 0.08639
0.65376 0.34624
0.91361 0.08639
0.52645 0.47355
0.54784 0.45216
0.96166 0.03834
0.95819 0.04181
0.53654 0.46346
0.58671 0.41329
0.48026 0.51974
0.59347 0.40653
0.94611 0.05389
0.52958 0.47042
0.48677 0.51323
0.77809 0.22191
0.52683 0.47317
0.48181 0.51819
0.68027 0.31973
0.49612 0.50388
0.58190 0.41810
0.67645 0.32355
0.64825 0.35175
0.65558 0.34442
0.72089 0.27911
0.86195 0.13805
0.68571 0.31429
0.78588 0.21412
0.50545 0.49455
0.51427 0.48573
0.50133 0.49867
0.54408 0.45592
0.52074 0.47926
0.82354 0.17646
0.52074 0.47926
0.82354 0.17646
0.54331 0.45669
0.48342 0.51658
0.55239 0.44761
0.47276 0.52724
0.98517 0.01483
0.58668 0.41332
0.58777 0.41223
0.81081 0.18919
0.58653 0.41347
0.98105 0.01895
0.56927 0.43073
0.58403 0.41597
0.58761 0.41239
0.57329 0.42671
0.57037 0.42963
0.81081 0.18919
0.58653 0.41347
0.98105 0.01895
0.56927 0.43073
0.58348 0.41652
0.58930 0.41070
0.57329 0.42671
0.57037 0.42963
0.52974 0.47026
0.57610 0.42390
0.97037 0.02963
0.54662 0.45338
0.72508 0.27492
0.59529 0.40471
0.83453 0.16547
0.79578 0.20422
0.79578 0.20422
0.47406 0.52594
0.49124 0.50876
0.80657 0.19343
0.51461 0.48539
0.54773 0.45227
0.53000 0.47000
0.54823 0.45177
0.57833 0.42167
0.47139 0.52861
0.51685 0.48315
0.72780 0.27220
0.52002 0.47998
0.53054 0.46946
0.54427 0.45573
0.71159 0.28841
0.49808 0.50192
0.72981 0.27019
0.49761 0.50239
0.52892 0.47108
0.71992 0.28008
0.72764 0.27236
0.53110 0.46890
0.72377 0.27623
0.71728 0.28272
0.72718 0.27282
0.52985 0.47015
0.56821 0.43179
0.57675 0.42325
0.57675 0.42325
0.86840 0.13160
0.57675 0.42325
0.56926 0.43074
0.57674 0.42326
0.57674 0.42326
0.86501 0.13499
0.57674 0.42326
0.56778 0.43222
0.57636 0.42364
0.57636 0.42364
0.86837 0.13163
0.57636 0.42364
0.56681 0.43319
0.56681 0.43319
0.72686 0.27314
0.57379 0.42621
0.53490 0.46510
0.87525 0.12475
0.52865 0.47135
0.51652 0.48348
0.54328 0.45672
0.95305 0.04695
0.54858 0.45142
0.77709 0.22291
0.87776 0.12224
0.69453 0.30547
0.67586 0.32414
0.71120 0.28880
0.83522 0.16478
0.65378 0.34622
0.65378 0.34622
0.65378 0.34622
0.65378 0.34622
0.65990 0.34010
0.65990 0.34010
0.68092 0.31908
0.65990 0.34010
0.65990 0.34010
0.68092 0.31908
0.55800 0.44200
0.54619 0.45381
0.53376 0.46624
0.55800 0.44200
0.54619 0.45381
0.53376 0.46624
0.72366 0.27634
0.45709 0.54291
0.53972 0.46028
0.78526 0.21474
0.80456 0.19544
0.83853 0.16147
0.52019 0.47981
0.47512 0.52488
0.51614 0.48386
0.51614 0.48386
0.60526 0.39474
0.58987 0.41013
0.85853 0.14147
0.84748 0.15252
0.50546 0.49454
0.51287 0.48713
0.50291 0.49709
0.51287 0.48713
0.52019 0.47981
0.65365 0.34635
0.76722 0.23278
0.53782 0.46218
0.48245 0.51755
0.48273 0.51727
0.52723 0.47277
0.53078 0.46922
0.53313 0.46687
0.52918 0.47082
0.55692 0.44308
0.55143 0.44857
0.66968 0.33032
0.66500 0.33500
0.83781 0.16219
0.99133 0.00867
0.52977 0.47023
0.51834 0.48166
0.59997 0.40003
0.64823 0.35177
0.71423 0.28577
0.73527 0.26473
0.74331 0.25669
0.52435 0.47565
0.75773 0.24227
0.91067 0.08933
0.92395 0.07605
0.93071 0.06929
0.51979 0.48021
0.75228 0.24772
0.99427 0.00573
0.99444 0.00556
0.61251 0.38749
0.47461 0.52539
0.78279 0.21721
0.78279 0.21721
0.51561 0.48439
0.51561 0.48439
0.82854 0.17146
0.82680 0.17320
0.61690 0.38310
0.48440 0.51560
0.48591 0.51409
0.64130 0.35870
0.57422 0.42578
0.57754 0.42246
0.55707 0.44293
0.83819 0.16181
0.59187 0.40813
0.58707 0.41293
0.48498 0.51502
0.47491 0.52509
0.46974 0.53026
0.46998 0.53002
0.58733 0.41267
0.56681 0.43319
0.62890 0.37110
0.50911 0.49089
0.55743 0.44257
0.62354 0.37646
0.97968 0.02032
0.97968 0.02032
0.83091 0.16909
0.83487 0.16513
0.88308 0.11692
0.88436 0.11564
0.86979 0.13021
0.87213 0.12787
0.86893 0.13107
0.85232 0.14768
0.98740 0.01260
0.63652 0.36348
0.46037 0.53963
0.56738 0.43262
0.50822 0.49178
0.49875 0.50125
0.49875 0.50125
0.55711 0.44289
0.55711 0.44289
0.47219 0.52781
0.51583 0.48417
0.50966 0.49034
0.60924 0.39076
0.73268 0.26732
0.57287 0.42713
0.57287 0.42713
0.46347 0.53653
0.51692 0.48308
0.67431 0.32569
0.55547 0.44453
0.59269 0.40731
0.53744 0.46256
0.63324 0.36676
0.68158 0.31842
0.74734 0.25266
0.70235 0.29765
0.74734 0.25266
0.70235 0.29765
0.79258 0.20742
0.79479 0.20521
0.74736 0.25264
0.74736 0.25264
0.79426 0.20574
0.74736 0.25264
0.86456 0.13544
0.82633 0.17367
0.74198 0.25802
0.70325 0.29675
0.48625 0.51375
0.53691 0.46309
0.52376 0.47624
0.46721 0.53279
0.83724 0.16276
0.54954 0.45046
0.81101 0.18899
0.48507 0.51493
0.52366 0.47634
0.71069 0.28931
0.52361 0.47639
0.96527 0.03473
0.59413 0.40587
0.96481 0.03519
0.59216 0.40784
0.59804 0.40196
0.62251 0.37749
0.71542 0.28458
0.54918 0.45082
0.54401 0.45599
0.53533 0.46467
0.55118 0.44882
0.55118 0.44882
0.71074 0.28926
0.48594 0.51406
0.56303 0.43697
0.95189 0.04811
0.52998 0.47002
0.95140 0.04860
0.47471 0.52529
0.52488 0.47512
0.75803 0.24197
0.51343 0.48657
0.52342 0.47658
0.55329 0.44671
0.54355 0.45645
0.54316 0.45684
0.54380 0.45620
0.54322 0.45678
0.60331 0.39669
0.98926 0.01074
0.91626 0.08374
0.91959 0.08041
0.51972 0.48028
0.51109 0.48891
0.52061 0.47939
0.62405 0.37595
0.45808 0.54192
0.86732 0.13268
0.67099 0.32901
0.69897 0.30103
0.68567 0.31433
0.54540 0.45460
0.65774 0.34226
0.69430 0.30570
0.68462 0.31538
0.66691 0.33309
0.81324 0.18676
0.80237 0.19763
0.83666 0.16334
0.54087 0.45913
0.46687 0.53313
0.47667 0.52333
0.56753 0.43247
0.85940 0.14060
0.58065 0.41935
0.58332 0.41668
0.56032 0.43968
0.90944 0.09056
0.55166 0.44834
0.53027 0.46973
0.54883 0.45117
0.56015 0.43985
0.56697 0.43303
0.50101 0.49899
0.50498 0.49502
0.50166 0.49834
0.52333 0.47667
0.52038 0.47962
0.52193 0.47807
0.53734 0.46266
0.53734 0.46266
0.53734 0.46266
0.50143 0.49857
0.53748 0.46252
0.53823 0.46177
0.50697 0.49303
0.62034 0.37966
0.47296 0.52704
0.67970 0.32030
0.82968 0.17032
0.87018 0.12982
0.53605 0.46395
0.51440 0.48560
0.53919 0.46081
0.57019 0.42981
0.59265 0.40735
0.58922 0.41078
0.61006 0.38994
0.55274 0.44726
0.54996 0.45004
0.53010 0.46990
0.50629 0.49371
0.61697 0.38303
0.52233 0.47767
0.52233 0.47767
0.52233 0.47767
0.52355 0.47645
0.84635 0.15365
0.81953 0.18047
0.80318 0.19682
0.81750 0.18250
0.53864 0.46136
0.78665 0.21335
0.53659 0.46341
0.52023 0.47977
0.62957 0.37043
0.81640 0.18360
0.64157 0.35843
0.64701 0.35299
0.52768 0.47232
0.55115 0.44885
0.52294 0.47706
0.51781 0.48219
0.54106 0.45894
0.53111 0.46889
0.55206 0.44794
0.64782 0.35218
0.55983 0.44017
0.80287 0.19713
0.50467 0.49533
0.57411 0.42589
0.56450 0.43550
0.84043 0.15957
0.84172 0.15828
0.53581 0.46419
0.74942 0.25058
0.53469 0.46531
0.72544 0.27456
0.71510 0.28490
0.71641 0.28359
0.97195 0.02805
0.97385 0.02615
0.97810 0.02190
0.97199 0.02801
0.83922 0.16078
0.97146 0.02854
0.97339 0.02661
0.97772 0.02228
0.97151 0.02849
0.83762 0.16238
0.99581 0.00419
0.56619 0.43381
0.99588 0.00412
0.56805 0.43195
0.48071 0.51929
0.48072 0.51928
0.65693 0.34307
0.55236 0.44764
0.53931 0.46069
0.52178 0.47822
0.52914 0.47086
0.54134 0.45866
0.52818 0.47182
0.52283 0.47717
0.52594 0.47406
0.57211 0.42789
0.57726 0.42274
0.96220 0.03780
0.86609 0.13391
0.64434 0.35566
0.99548 0.00452
0.94787 0.05212
0.65441 0.34559
0.56977 0.43023
0.56267 0.43733
0.56063 0.43937
0.59482 0.40518
0.57453 0.42547
0.58747 0.41253
0.56707 0.43293
0.58532 0.41468
0.56490 0.43510
0.86758 0.13242
0.53255 0.46745
0.55696 0.44304
0.52704 0.47296
0.98531 0.01469
0.52554 0.47446
0.55696 0.44304
0.52704 0.47296
0.98531 0.01469
0.52554 0.47446
0.86758 0.13242
0.53255 0.46745
0.60191 0.39809
0.63273 0.36727
0.61787 0.38213
0.56326 0.43674
0.55681 0.44319
0.51730 0.48270
0.51712 0.48288
0.99703 0.00297
0.95558 0.04442
0.66734 0.33266
0.87637 0.12363
0.54402 0.45598
0.98575 0.01425
0.81020 0.18980
0.81482 0.18518
0.82994 0.17006
0.63198 0.36802
0.77017 0.22983
0.64975 0.35025
0.77017 0.22983
0.63396 0.36604
0.77261 0.22739
0.64393 0.35607
0.89606 0.10394
0.58279 0.41721
0.73176 0.26824
0.73176 0.26824
0.51638 0.48362
0.51227 0.48773
0.50258 0.49742
0.53377 0.46623
0.64345 0.35655
0.52725 0.47275
0.63632 0.36368
0.84215 0.15785
0.84215 0.15785
0.84129 0.15871
0.84129 0.15871
0.56722 0.43278
0.71260 0.28740
0.56121 0.43879
0.70558 0.29442
0.61147 0.38853
0.81804 0.18196
0.81096 0.18904
0.66898 0.33102
0.51871 0.48129
0.65529 0.34471
0.65163 0.34837
0.80945 0.19055
0.69655 0.30345
0.69022 0.30978
0.55640 0.44360
0.75687 0.24313
0.75174 0.24826
0.96264 0.03736
0.87533 0.12467
0.57861 0.42139
0.60305 0.39695
0.52224 0.47776
0.73624 0.26376
0.51295 0.48705
0.63265 0.36735
0.85199 0.14801
0.53757 0.46243
0.69747 0.30253
0.70825 0.29175
0.58566 0.41434
0.70410 0.29590
0.61700 0.38300
0.70446 0.29554
0.64690 0.35310
0.54961 0.45039
0.84988 0.15012
0.51768 0.48232
0.53747 0.46253
0.85969 0.14031
0.88981 0.11019
0.90836 0.09164
0.55411 0.44589
0.57242 0.42758
0.90598 0.09402
0.83989 0.16011
0.87228 0.12772
0.90894 0.09106
0.51602 0.48398
0.52457 0.47543
0.81718 0.18282
0.73063 0.26937
0.77136 0.22864
0.82117 0.17883
0.75709 0.24291
0.79718 0.20282
0.82416 0.17584
0.78419 0.21581
0.82293 0.17707
0.84351 0.15649
0.54223 0.45777
0.55929 0.44071
0.83538 0.16462
0.76129 0.23871
0.80074 0.19926
0.84032 0.15968
0.62912 0.37088
0.53656 0.46344
0.73736 0.26264
0.80606 0.19394
0.54181 0.45819
0.75701 0.24299
0.78244 0.21756
0.54514 0.45486
0.61008 0.38992
0.62473 0.37527
0.65013 0.34987
0.51597 0.48403
0.48121 0.51879
0.51353 0.48647
0.51051 0.48949
0.73542 0.26458
0.73650 0.26350
0.73045 0.26955
0.80262 0.19738
0.80299 0.19701
0.49673 0.50327
0.49302 0.50698
0.64551 0.35449
0.64241 0.35759
0.64595 0.35405
0.85058 0.14942
0.85058 0.14942
0.81104 0.18896
0.81104 0.18896
0.54307 0.45693
0.54307 0.45693
0.83767 0.16233
0.84379 0.15621
0.55073 0.44927
0.53310 0.46690
0.86237 0.13763
0.85823 0.14177
0.86155 0.13845
0.61287 0.38713
0.71752 0.28248
0.86328 0.13672
0.50299 0.49701
0.99246 0.00754
0.51733 0.48267
0.54841 0.45159
0.54841 0.45159
0.63563 0.36437
0.52299 0.47701
0.86134 0.13866
0.99354 0.00646
0.99421 0.00579
0.55713 0.44287
0.99291 0.00709
0.57221 0.42779
0.56491 0.43509
0.50794 0.49206
0.54757 0.45243
0.56173 0.43827
0.53288 0.46712
0.64758 0.35242
0.54596 0.45404
0.53531 0.46469
0.57212 0.42788
0.71891 0.28109
0.55753 0.44247
0.51784 0.48216
0.51784 0.48216
0.98805 0.01195
0.54272 0.45728
0.82644 0.17356
0.50793 0.49207
0.50913 0.49087
0.88189 0.11811
0.98606 0.01394
0.88189 0.11811
0.88189 0.11811
0.71315 0.28685
0.53812 0.46188
0.54076 0.45924
0.46545 0.53455
0.50815 0.49185
0.77557 0.22443
0.65965 0.34035
0.65340 0.34660
0.77929 0.22071
0.94877 0.05123
0.46883 0.53117
0.55582 0.44418
0.48107 0.51893
0.51156 0.48844
0.59088 0.40912
0.90924 0.09076
0.55563 0.44437
0.50486 0.49514
0.50682 0.49318
0.80572 0.19428
0.52779 0.47221
0.78000 0.22000
0.76520 0.23480
0.48059 0.51941
0.86153 0.13847
0.54868 0.45132
0.85312 0.14688
0.86207 0.13793
0.47749 0.52251
0.49431 0.50569
0.47948 0.52052
0.98002 0.01998
0.51250 0.48750
0.86826 0.13174
0.78218 0.21782
0.78218 0.21782
0.78142 0.21858
0.79154 0.20846
0.55876 0.44124
0.52471 0.47529
0.52750 0.47250
0.59174 0.40826
0.57442 0.42558
0.57793 0.42207
0.53922 0.46078
0.53832 0.46168
0.53860 0.46140
0.49897 0.50103
0.52071 0.47929
0.51019 0.48981
0.51606 0.48394
0.99073 0.00927
0.91075 0.08925
0.83200 0.16800
0.83200 0.16800
0.49652 0.50348
0.51058 0.48942
0.67612 0.32388
0.53699 0.46301
0.60843 0.39157
0.51890 0.48110
0.59564 0.40436
0.58991 0.41009
0.79363 0.20637
0.96814 0.03186
0.79226 0.20774
0.52640 0.47360
0.59595 0.40405
0.46779 0.53221
0.87545 0.12455
0.53792 0.46208
0.48776 0.51224
0.53459 0.46541
0.74615 0.25385
0.50851 0.49149
0.51404 0.48596
0.73679 0.26321
0.51747 0.48253
0.50840 0.49160
0.76127 0.23873
0.54493 0.45507
0.54437 0.45563
0.75484 0.24516
0.54988 0.45012
0.54478 0.45522
0.66389 0.33611
0.53759 0.46241
0.53667 0.46333
0.65406 0.34594
0.54341 0.45659
0.53746 0.46254
0.55796 0.44204
0.56116 0.43884
0.55839 0.44161
0.55844 0.44156
0.55796 0.44204
0.77434 0.22566
0.53192 0.46808
0.53033 0.46967
0.76953 0.23047
0.53480 0.46520
0.53185 0.46815
0.52261 0.47739
0.52293 0.47707
0.81920 0.18080
0.81697 0.18303
0.52181 0.47819
0.54379 0.45621
0.54379 0.45621
0.54379 0.45621
0.54379 0.45621
0.51586 0.48414
0.60306 0.39694
0.51139 0.48861
0.62407 0.37593
0.56357 0.43643
0.56357 0.43643
0.69653 0.30347
0.59214 0.40786
0.59214 0.40786
0.58533 0.41467
0.58533 0.41467
0.85651 0.14349
0.74567 0.25433
0.65847 0.34153
0.66342 0.33658
0.52170 0.47830
0.52470 0.47530
0.52572 0.47428
0.50885 0.49115
0.51141 0.48859
0.51228 0.48772
0.66224 0.33776
0.58430 0.41570
0.49583 0.50417
0.51650 0.48350
0.49875 0.50125
0.51650 0.48350
0.51035 0.48965
0.63070 0.36930
0.52317 0.47683
0.70818 0.29182
0.71048 0.28952
0.72118 0.27882
0.72340 0.27660
0.52296 0.47704
0.52348 0.47652
0.52296 0.47704
0.52348 0.47652
0.88954 0.11046
0.57602 0.42398
0.57326 0.42674
0.67640 0.32360
0.65523 0.34477
0.67640 0.32360
0.84962 0.15038
0.56645 0.43355
0.56415 0.43585
0.56415 0.43585
0.63545 0.36455
0.53916 0.46084
0.53956 0.46044
0.52807 0.47193
0.52629 0.47371
0.72739 0.27261
0.72578 0.27422
0.67214 0.32786
0.53462 0.46538
0.66087 0.33913
0.56704 0.43296
0.56476 0.43524
0.85761 0.14239
0.85381 0.14619
0.85578 0.14422
0.85198 0.14802
0.79996 0.20004
0.79996 0.20004
0.55342 0.44658
0.55342 0.44658
0.80188 0.19812
0.80188 0.19812
0.69856 0.30144
0.69856 0.30144
0.71187 0.28813
0.76434 0.23566
0.74114 0.25886
0.45449 0.54551
0.60515 0.39485
0.56432 0.43568
0.52364 0.47636
0.60552 0.39448
0.60858 0.39142
0.51126 0.48874
0.52189 0.47811
0.63778 0.36222
0.52929 0.47071
0.48326 0.51674
0.48661 0.51339
0.55021 0.44979
0.59710 0.40290
0.54427 0.45573
0.53500 0.46500
0.53615 0.46385
0.71506 0.28494
0.76136 0.23864
0.84048 0.15952
0.50824 0.49176
0.80304 0.19696
0.52658 0.47342
0.52396 0.47604
0.52396 0.47604
0.56239 0.43761
0.53153 0.46847
0.50991 0.49009
0.55201 0.44799
0.81228 0.18772
0.98565 0.01435
0.98135 0.01865
0.55892 0.44108
0.62197 0.37803
0.98619 0.01381
0.86862 0.13138
0.75637 0.24363
0.68753 0.31247
0.94177 0.05823
0.50684 0.49316
0.64154 0.35846
0.48683 0.51317
0.46817 0.53183
0.48214 0.51786
0.52633 0.47367
0.51651 0.48349
0.48417 0.51583
0.50071 0.49929
0.49998 0.50002
0.49718 0.50282
0.51826 0.48174
0.74107 0.25893
0.72040 0.27960
0.74717 0.25283
0.56152 0.43848
0.83393 0.16607
0.83393 0.16607
0.48970 0.51030
0.49877 0.50123
0.48438 0.51562
0.80448 0.19552
0.77772 0.22228
0.50150 0.49850
0.83350 0.16650
0.58299 0.41701
0.55635 0.44365
0.81256 0.18744
0.46304 0.53696
0.98155 0.01845
0.77328 0.22672
0.77328 0.22672
0.80143 0.19857
0.53436 0.46564
0.51723 0.48277
0.62392 0.37608
0.82663 0.17337
0.97952 0.02048
0.51178 0.48822
0.78527 0.21473
0.55969 0.44031
0.54067 0.45933
0.54161 0.45839
0.56510 0.43490
0.56618 0.43382
0.55689 0.44311
0.55814 0.44186
0.53241 0.46759
0.53098 0.46902
0.52391 0.47609
0.52458 0.47542
0.57876 0.42124
0.56961 0.43039
0.46645 0.53355
0.56170 0.43830
0.56170 0.43830
0.56285 0.43715
0.56285 0.43715
0.86705 0.13295
0.87908 0.12092
0.81939 0.18061
0.79621 0.20379
0.58459 0.41541
0.77608 0.22392
0.74804 0.25196
0.78841 0.21159
0.67765 0.32235
0.66628 0.33372
0.59156 0.40844
0.74666 0.25334
0.74717 0.25283
0.50254 0.49746
0.89475 0.10525
0.61932 0.38068
0.62781 0.37219
0.48898 0.51102
0.51475 0.48525
0.48898 0.51102
0.51475 0.48525
0.81384 0.18616
0.52799 0.47201
0.81384 0.18616
0.82220 0.17780
0.96748 0.03252
0.82220 0.17780
0.53715 0.46285
0.83717 0.16283
0.51502 0.48498
0.88081 0.11919
0.58625 0.41375
0.54644 0.45356
0.48045 0.51955
0.49422 0.50578
0.49422 0.50578
0.48440 0.51560
0.48725 0.51275
0.61226 0.38774
0.50564 0.49436
0.51795 0.48205
0.51795 0.48205
0.51744 0.48256
0.51299 0.48701
0.74004 0.25996
0.47066 0.52934
0.81513 0.18487
0.82634 0.17366
0.51147 0.48853
0.55688 0.44312
0.81581 0.18419
0.54768 0.45232
0.83152 0.16848
0.80888 0.19112
0.53603 0.46397
0.82537 0.17463
0.58389 0.41611
0.91307 0.08693
0.63879 0.36121
0.98341 0.01659
0.78241 0.21759
0.58957 0.41043
0.58957 0.41043
0.66988 0.33012
0.74751 0.25249
0.48939 0.51061
0.49801 0.50199
0.58491 0.41509
0.59715 0.40285
0.58188 0.41812
0.54466 0.45534
0.54768 0.45232
0.53039 0.46961
0.86454 0.13546
0.57781 0.42219
0.59779 0.40221
0.56098 0.43902
0.62909 0.37091
0.79218 0.20782
0.54999 0.45001
0.49719 0.50281
0.49719 0.50281
0.54542 0.45458
0.54456 0.45544
0.54503 0.45497
0.54531 0.45469
0.52418 0.47582
0.85141 0.14859
0.52434 0.47566
0.59014 0.40986
0.54052 0.45948
0.78665 0.21335
0.57021 0.42979
0.56588 0.43412
0.78659 0.21341
0.57010 0.42990
0.56578 0.43422
0.48284 0.51715
0.48284 0.51715
0.53218 0.46782
0.51632 0.48368
0.53227 0.46773
0.51637 0.48363
0.54469 0.45531
0.54132 0.45868
0.52916 0.47084
0.61663 0.38337
0.46021 0.53979
0.49792 0.50208
0.79417 0.20583
0.57994 0.42006
0.51818 0.48182
0.54208 0.45792
0.50560 0.49440
0.87923 0.12077
0.57684 0.42316
0.50408 0.49592
0.73715 0.26285
0.74649 0.25351
0.74649 0.25351
0.74649 0.25351
0.74649 0.25351
0.57875 0.42125
0.46291 0.53709
0.47346 0.52654
0.49723 0.50277
0.67967 0.32033
0.51672 0.48328
0.52246 0.47754
0.94709 0.05291
0.93088 0.06912
0.50074 0.49926
0.50871 0.49129
0.51781 0.48219
0.51402 0.48598
0.50702 0.49298
0.51144 0.48856
0.54295 0.45705
0.53581 0.46419
0.51468 0.48532
0.52055 0.47945
0.51274 0.48726
0.51274 0.48726
0.52055 0.47945
0.51274 0.48726
0.53469 0.46531
0.74526 0.25474
0.74526 0.25474
0.53287 0.46713
0.51858 0.48142
0.59378 0.40622
0.59303 0.40697
0.78423 0.21577
0.69489 0.30511
0.70403 0.29597
0.76900 0.23100
0.69516 0.30484
0.58441 0.41559
0.71465 0.28535
0.74786 0.25214
0.72164 0.27836
0.68932 0.31068
0.60339 0.39661
0.59376 0.40624
0.56917 0.43083
0.81963 0.18037
0.55238 0.44762
0.55521 0.44479
0.55521 0.44479
0.92189 0.07811
0.55521 0.44479
0.92358 0.07642
0.92455 0.07545
0.52709 0.47291
0.51315 0.48685
0.51398 0.48602
0.51315 0.48685
0.51398 0.48602
0.49612 0.50388
0.53692 0.46308
0.53116 0.46884
0.88555 0.11445
0.53114 0.46886
0.88583 0.11417
0.76032 0.23968
0.76847 0.23153
0.58683 0.41317
0.55301 0.44699
0.97176 0.02824
0.75322 0.24678
0.96495 0.03505
0.88510 0.11490
0.99237 0.00763
0.99237 0.00763
0.88502 0.11498
0.99290 0.00710
0.99324 0.00676
0.99324 0.00676
0.99291 0.00709
0.59643 0.40357
0.99314 0.00686
0.99314 0.00686
0.59533 0.40467
0.58601 0.41399
0.99219 0.00781
0.99219 0.00781
0.58492 0.41508
0.52734 0.47266
0.51565 0.48435
0.59946 0.40054
0.52281 0.47719
0.52648 0.47352
0.51204 0.48796
0.51522 0.48478
0.51379 0.48621
0.51714 0.48286
0.51176 0.48824
0.51996 0.48004
0.53842 0.46158
0.93991 0.06009
0.53842 0.46158
0.53850 0.46150
0.54082 0.45918
0.49621 0.50379
0.49820 0.50180
0.49891 0.50109
0.97807 0.02193
0.97807 0.02193
0.94808 0.05192
0.94808 0.05192
0.77098 0.22902
0.77098 0.22902
0.77287 0.22713
0.77287 0.22713
0.77188 0.22812
0.77188 0.22812
0.77098 0.22902
0.77098 0.22902
0.60856 0.39144
0.57114 0.42886
0.75120 0.24880
0.82426 0.17574
0.60856 0.39144
0.57114 0.42886
0.60856 0.39144
0.57114 0.42886
0.61039 0.38961
0.57291 0.42709
0.51140 0.48860
0.78538 0.21462
0.51294 0.48706
0.69710 0.30290
0.52080 0.47920
0.74965 0.25035
0.48210 0.51790
0.61432 0.38568
0.61908 0.38092
0.83565 0.16435
0.52666 0.47334
0.53409 0.46591
0.71222 0.28778
0.47609 0.52391
0.80523 0.19477
0.68656 0.31344
0.51700 0.48300
0.51952 0.48048
0.88690 0.11310
0.46646 0.53354
0.58845 0.41155
0.54855 0.45145
0.59195 0.40805
0.87125 0.12875
0.82126 0.17874
0.49212 0.50788
0.49034 0.50966
0.81118 0.18882
0.81118 0.18882
0.49893 0.50107
0.52794 0.47206
0.71108 0.28892
0.66840 0.33160
0.81543 0.18457
0.81543 0.18457
0.45630 0.54370
0.44735 0.55265
0.50281 0.49719
0.53272 0.46728
0.46897 0.53103
0.49032 0.50968
0.48882 0.51118
0.50980 0.49020
0.59199 0.40801
0.45835 0.54165
0.69892 0.30108
0.56633 0.43367
0.69892 0.30108
0.56633 0.43367
0.58631 0.41369
0.74131 0.25869
0.74557 0.25443
0.76881 0.23119
0.76285 0.23715
0.76574 0.23426
0.76594 0.23406
0.77407 0.22593
0.57983 0.42017
0.57777 0.42223
0.73319 0.26681
0.50313 0.49687
0.49954 0.50046
0.81779 0.18221
0.59781 0.40219
0.58274 0.41726
0.50070 0.49930
0.49617 0.50383
0.46784 0.53216
0.49916 0.50084
0.49442 0.50558
0.49116 0.50884
0.72391 0.27609
0.47982 0.52018
0.45830 0.54170
0.52875 0.47125
0.52471 0.47529
0.48088 0.51912
0.49072 0.50928
0.52839 0.47161
0.53407 0.46593
0.53821 0.46179
0.47158 0.52842
0.47209 0.52791
0.80813 0.19187
0.95881 0.04119
0.77392 0.22608
0.81252 0.18748
0.96023 0.03977
0.80813 0.19187
0.95881 0.04119
0.77392 0.22608
0.81252 0.18748
0.96023 0.03977
0.49556 0.50444
0.58731 0.41269
0.49471 0.50529
0.58594 0.41406
0.50240 0.49760
0.47544 0.52456
0.73974 0.26026
0.63357 0.36643
0.63362 0.36638
0.84907 0.15093
0.88091 0.11909
0.85637 0.14363
0.90318 0.09682
0.85964 0.14036
0.90557 0.09443
0.85118 0.14882
0.99214 0.00786
0.84652 0.15348
0.99341 0.00659
0.83429 0.16571
0.83937 0.16063
0.54340 0.45660
0.53008 0.46992
0.68025 0.31975
0.54536 0.45464
0.56945 0.43055
0.80719 0.19281
0.61344 0.38656
0.91135 0.08865
0.92986 0.07014
0.90106 0.09894
0.82126 0.17874
0.91706 0.08294
0.88345 0.11655
0.52855 0.47145
0.82818 0.17182
0.50468 0.49532
0.49295 0.50705
0.50087 0.49913
0.65051 0.34949
0.49724 0.50276
0.68794 0.31206
0.70444 0.29556
0.52533 0.47467
0.70102 0.29898
0.74853 0.25147
0.95519 0.04481
0.56440 0.43560
0.53392 0.46608
0.55490 0.44510
0.75377 0.24623
0.75377 0.24623
0.68014 0.31986
0.61594 0.38406
0.61594 0.38406
0.68638 0.31362
0.61204 0.38796
0.61204 0.38796
0.68279 0.31721
0.53124 0.46876
0.53100 0.46900
0.81580 0.18420
0.75377 0.24623
0.75377 0.24623
0.68014 0.31986
0.61204 0.38796
0.61204 0.38796
0.68279 0.31721
0.75377 0.24623
0.75377 0.24623
0.68014 0.31986
0.90543 0.09457
0.90543 0.09457
0.67436 0.32564
0.67436 0.32564
0.93009 0.06991
0.55737 0.44263
0.71692 0.28308
0.55325 0.44675
0.61885 0.38115
0.57072 0.42928
0.57242 0.42758
0.99398 0.00602
0.55140 0.44860
0.55195 0.44805
0.52368 0.47632
0.54274 0.45726
0.54331 0.45669
0.82910 0.17090
0.54484 0.45516
0.54541 0.45459
0.94009 0.05991
0.92850 0.07150
0.67143 0.32857
0.96155 0.03845
0.96046 0.03954
0.98291 0.01709
0.98269 0.01731
0.82982 0.17018
0.84939 0.15061
0.84063 0.15937
0.81928 0.18072
0.48625 0.51375
0.47316 0.52684
0.77084 0.22916
0.79309 0.20691
0.72813 0.27187
0.75063 0.24937
0.51522 0.48478
0.76203 0.23797
0.57629 0.42371
0.65198 0.34802
0.66491 0.33509
0.78152 0.21848
0.56904 0.43096
0.58128 0.41872
0.79387 0.20613
0.82319 0.17681
0.83957 0.16043
0.58570 0.41430
0.82801 0.17199
0.84402 0.15598
0.78586 0.21414
0.97228 0.02772
0.98447 0.01553
0.55762 0.44238
0.48308 0.51692
0.99662 0.00338
0.99596 0.00404
0.99594 0.00406
0.62377 0.37623
0.61814 0.38186
0.70313 0.29687
0.83577 0.16423
0.53359 0.46641
0.88929 0.11071
0.89623 0.10377
0.89212 0.10788
0.80127 0.19873
0.80412 0.19588
0.48646 0.51354
0.51105 0.48895
0.86092 0.13908
0.86485 0.13515
0.52947 0.47053
0.49261 0.50739
0.49539 0.50461
0.47675 0.52325
0.85809 0.14191
0.85809 0.14191
0.85311 0.14689
0.54075 0.45925
0.71653 0.28347
0.51811 0.48189
0.65823 0.34177
0.91585 0.08415
0.76874 0.23126
0.75954 0.24046
0.55188 0.44812
0.52252 0.47748
0.52095 0.47905
0.52032 0.47968
0.50425 0.49575
0.67582 0.32418
0.84741 0.15259
0.86134 0.13866
0.82899 0.17101
0.51610 0.48390
0.54017 0.45983
0.75468 0.24532
0.77228 0.22772
0.75650 0.24350
0.54017 0.45983
0.75468 0.24532
0.75656 0.24344
0.92857 0.07143
0.75703 0.24297
0.75440 0.24560
0.77023 0.22977
0.65348 0.34652
0.51431 0.48569
0.63796 0.36204
0.75888 0.24112
0.74674 0.25326
0.51188 0.48812
0.51665 0.48335
0.74781 0.25219
0.73531 0.26469
0.50343 0.49657
0.62267 0.37733
0.50343 0.49657
0.62267 0.37733
0.79432 0.20568
0.78341 0.21659
0.81306 0.18694
0.80073 0.19927
0.58739 0.41261
0.93970 0.06030
0.56390 0.43610
0.56670 0.43330
0.83507 0.16493
0.79755 0.20245
0.86127 0.13873
0.86127 0.13873
0.56187 0.43813
0.57095 0.42905
0.57095 0.42905
0.55972 0.44028
0.59638 0.40362
0.59638 0.40362
0.53917 0.46083
0.52093 0.47907
0.63342 0.36658
0.53917 0.46083
0.52093 0.47907
0.63342 0.36658
0.53917 0.46083
0.52093 0.47907
0.63342 0.36658
0.54450 0.45550
0.52696 0.47304
0.54895 0.45105
0.53132 0.46868
0.52249 0.47751
0.63633 0.36367
0.52717 0.47283
0.64167 0.35833
0.67542 0.32458
0.70296 0.29704
0.67413 0.32587
0.92462 0.07538
0.67319 0.32681
0.53064 0.46936
0.89176 0.10824
0.91210 0.08790
0.70631 0.29369
0.91323 0.08677
0.98218 0.01782
0.98217 0.01783
0.58277 0.41723
0.96695 0.03305
0.57386 0.42614
0.96695 0.03305
0.57462 0.42538
0.70276 0.29724
0.55440 0.44560
0.52451 0.47549
0.55440 0.44560
0.63272 0.36728
0.56292 0.43708
0.49097 0.50903
0.59201 0.40799
0.81290 0.18710
0.82208 0.17792
0.82204 0.17796
0.59201 0.40799
0.81290 0.18710
0.58515 0.41485
0.57528 0.42472
0.50379 0.49621
0.55475 0.44525
0.54141 0.45859
0.48535 0.51465
0.93670 0.06330
0.92462 0.07538
0.56340 0.43660
0.56836 0.43164
0.55775 0.44225
0.98630 0.01370
0.98769 0.01231
0.86322 0.13678
0.99183 0.00817
0.53723 0.46277
0.84592 0.15408
0.83890 0.16110
0.56651 0.43349
0.99219 0.00781
0.54622 0.45378
0.74025 0.25975
0.90282 0.09718
0.99532 0.00468
0.85626 0.14374
0.65927 0.34073
0.98534 0.01466
0.98620 0.01380
0.85719 0.14281
0.74788 0.25212
0.99403 0.00597
0.54019 0.45981
0.65331 0.34669
0.84793 0.15207
0.83855 0.16145
0.84134 0.15866
0.84447 0.15553
0.76429 0.23571
0.75449 0.24551
0.75909 0.24091
0.75047 0.24953
0.70377 0.29623
0.86063 0.13937
0.69551 0.30449
0.70613 0.29387
0.68269 0.31731
0.49809 0.50191
0.68461 0.31539
0.69524 0.30476
0.46531 0.53469
0.49070 0.50930
0.60632 0.39368
0.52104 0.47896
0.56718 0.43282
0.85997 0.14003
0.52043 0.47957
0.52139 0.47861
0.98424 0.01576
0.52113 0.47887
0.53172 0.46828
0.50316 0.49684
0.52751 0.47249
0.51269 0.48731
0.54753 0.45247
0.94842 0.05158
0.57025 0.42975
0.76113 0.23887
0.76819 0.23181
0.97068 0.02932
0.78617 0.21383
0.88994 0.11006
0.53105 0.46895
0.76210 0.23790
0.62902 0.37098
0.63209 0.36791
0.61785 0.38215
0.45752 0.54248
0.51515 0.48485
0.51459 0.48541
0.71637 0.28363
0.69340 0.30660
0.69116 0.30884
0.71494 0.28506
0.52373 0.47627
0.98731 0.01269
0.46365 0.53635
0.46679 0.53321
0.48712 0.51288
0.50882 0.49118
0.48638 0.51362
0.47498 0.52502
0.86931 0.13069
0.51956 0.48044
0.52554 0.47446
0.60807 0.39193
0.52807 0.47193
0.53180 0.46820
0.81237 0.18763
0.98850 0.01150
0.80965 0.19035
0.84523 0.15477
0.90824 0.09176
0.87901 0.12099
0.76059 0.23941
0.71920 0.28080
0.93446 0.06554
0.72434 0.27566
0.76059 0.23941
0.71920 0.28080
0.54273 0.45727
0.53937 0.46063
0.53911 0.46089
0.49586 0.50414
0.58990 0.41010
0.51993 0.48007
0.92791 0.07209
0.51618 0.48382
0.51594 0.48406
0.87615 0.12385
0.53953 0.46047
0.52718 0.47282
0.53510 0.46490
0.52694 0.47306
0.53709 0.46291
0.52694 0.47306
0.53485 0.46515
0.53940 0.46060
0.99468 0.00532
0.60146 0.39854
0.58786 0.41214
0.93668 0.06332
0.78800 0.21200
0.56389 0.43611
0.55630 0.44370
0.72421 0.27579
0.55235 0.44765
0.61355 0.38645
0.61084 0.38916
0.69780 0.30220
0.72109 0.27891
0.69258 0.30742
0.48600 0.51400
0.76389 0.23611
0.47846 0.52154
0.54395 0.45605
0.49705 0.50295
0.63820 0.36180
0.63820 0.36180
0.50506 0.49494
0.66583 0.33417
0.66658 0.33342
0.69245 0.30755
0.68301 0.31699
0.67599 0.32401
0.69245 0.30755
0.50383 0.49617
0.63769 0.36231
0.63466 0.36534
0.64649 0.35351
0.84356 0.15644
0.84445 0.15555
0.84626 0.15374
0.85871 0.14129
0.85871 0.14129
0.79690 0.20310
0.79690 0.20310
0.80057 0.19943
0.80057 0.19943
0.79809 0.20191
0.79809 0.20191
0.75186 0.24814
0.75305 0.24695
0.55204 0.44796
0.55750 0.44250
0.55386 0.44614
0.75089 0.24911
0.75719 0.24281
0.75307 0.24693
0.65656 0.34344
0.65656 0.34344
0.92908 0.07092
0.60496 0.39504
0.67562 0.32438
0.64059 0.35941
0.51957 0.48043
0.56405 0.43595
0.47199 0.52801
0.51271 0.48729
0.47353 0.52647
0.47353 0.52647
0.57850 0.42150
0.57850 0.42150
0.47332 0.52668
0.47332 0.52668
0.49617 0.50383
0.71678 0.28322
0.70233 0.29767
0.78057 0.21943
0.78057 0.21943
0.61003 0.38997
0.60296 0.39704
0.51573 0.48427
0.51335 0.48665
0.53547 0.46453
0.53550 0.46450
0.49781 0.50219
0.65090 0.34910
0.68471 0.31529
0.65218 0.34782
0.78462 0.21538
0.81601 0.18399
0.78632 0.21368
0.55341 0.44659
0.57576 0.42424
0.46079 0.53921
0.81209 0.18791
0.84292 0.15708
0.81395 0.18605
0.68159 0.31841
0.66598 0.33402
0.81426 0.18574
0.80310 0.19690
0.81168 0.18832
0.77350 0.22650
0.77350 0.22650
0.77350 0.22650
0.77350 0.22650
0.73797 0.26203
0.73980 0.26020
0.73797 0.26203
0.73980 0.26020
0.46937 0.53063
0.56638 0.43362
0.88814 0.11186
0.53891 0.46109
0.74065 0.25935
0.74361 0.25639
0.57238 0.42762
0.55886 0.44114
0.56142 0.43858
0.55886 0.44114
0.70945 0.29055
0.73003 0.26997
0.73003 0.26997
0.72737 0.27263
0.72737 0.27263
0.69282 0.30718
0.69568 0.30432
0.69282 0.30718
0.69568 0.30432
0.49031 0.50969
0.79845 0.20155
0.74267 0.25733
0.52364 0.47636
0.60727 0.39273
0.50987 0.49013
0.51973 0.48027
0.72146 0.27854
0.74845 0.25155
0.53099 0.46901
0.79247 0.20753
0.55937 0.44063
0.53385 0.46615
0.55686 0.44314
0.60307 0.39693
0.57315 0.42685
0.48961 0.51039
0.51927 0.48073
0.51100 0.48900
0.79627 0.20373
0.75463 0.24537
0.53115 0.46885
0.56543 0.43457
0.82137 0.17863
0.82137 0.17863
0.81837 0.18163
0.81837 0.18163
0.52741 0.47259
0.58037 0.41963
0.88630 0.11370
0.82859 0.17141
0.76845 0.23155
0.76609 0.23391
0.69832 0.30168
0.69350 0.30650
0.69832 0.30168
0.47026 0.52974
0.47158 0.52842
0.83562 0.16438
0.83355 0.16645
0.93257 0.06743
0.49862 0.50138
0.50437 0.49563
0.50307 0.49693
0.50516 0.49484
0.51096 0.48904
0.50929 0.49071
0.73279 0.26721
0.74661 0.25339
0.77196 0.22804
0.83938 0.16062
0.81267 0.18733
0.57397 0.42603
0.48436 0.51564
0.61186 0.38814
0.84682 0.15318
0.58666 0.41334
0.87231 0.12769
0.50970 0.49030
0.73980 0.26020
0.71006 0.28994
0.50224 0.49776
0.80443 0.19557
0.80443 0.19557
0.64115 0.35885
0.52666 0.47334
0.67836 0.32164
0.64115 0.35885
0.67836 0.32164
0.83594 0.16406
0.86050 0.13950
0.53403 0.46597
0.83594 0.16406
0.53403 0.46597
0.78275 0.21725
0.85776 0.14224
0.81212 0.18788
0.88729 0.11271
0.80872 0.19128
0.80513 0.19487
0.89123 0.10877
0.84201 0.15799
0.83945 0.16055
0.89695 0.10305
0.83770 0.16230
0.49464 0.50536
0.49275 0.50725
0.56498 0.43502
0.56498 0.43502
0.56317 0.43683
0.70820 0.29180
0.71046 0.28954
0.46825 0.53175
0.52125 0.47875
0.50054 0.49946
0.52941 0.47059
0.89270 0.10730
0.84007 0.15993
0.60156 0.39844
0.98044 0.01956
0.46919 0.53081
0.55041 0.44959
0.50113 0.49887
0.76835 0.23165
0.83628 0.16372
0.55108 0.44892
0.84814 0.15186
0.77562 0.22438
0.68633 0.31367
0.77256 0.22744
0.77562 0.22438
0.68633 0.31367
0.77256 0.22744
0.92422 0.07578
0.67850 0.32150
0.92339 0.07661
0.92422 0.07578
0.67850 0.32150
0.92339 0.07661
0.58803 0.41197
0.48156 0.51844
0.78203 0.21797
0.81363 0.18637
0.49017 0.50983
0.58827 0.41173
0.62042 0.37958
0.64938 0.35062
0.77377 0.22623
0.70181 0.29819
0.73473 0.26527
0.52158 0.47842
0.74076 0.25924
0.88636 0.11364
0.91453 0.08547
0.77312 0.22688
0.77312 0.22688
0.54813 0.45187
0.54966 0.45034
0.54382 0.45618
0.71548 0.28452
0.70082 0.29918
0.59303 0.40697
0.52693 0.47307
0.53067 0.46933
0.59962 0.40038
0.51707 0.48293
0.51945 0.48055
0.51988 0.48012
0.46289 0.53711
0.50234 0.49766
0.51646 0.48354
0.66611 0.33389
0.59015 0.40985
0.98882 0.01118
0.98856 0.01144
0.98864 0.01136
0.98864 0.01136
0.90589 0.09411
0.83963 0.16037
0.67060 0.32940
0.67227 0.32773
0.84665 0.15335
0.54760 0.45240
0.50826 0.49174
0.50701 0.49299
0.50261 0.49739
0.52077 0.47923
0.52230 0.47770
0.51165 0.48835
0.83546 0.16454
0.55223 0.44777
0.52022 0.47978
0.77358 0.22642
0.77441 0.22559
0.96935 0.03065
0.96935 0.03065
0.96951 0.03049
0.96951 0.03049
0.95374 0.04626
0.95374 0.04626
0.95339 0.04661
0.94877 0.05123
0.61185 0.38815
0.98892 0.01108
0.61310 0.38690
0.98892 0.01108
0.86181 0.13819
0.86259 0.13741
0.86259 0.13741
0.48178 0.51822
0.49919 0.50081
0.50369 0.49631
0.46387 0.53613
0.59382 0.40618
0.57996 0.42004
0.61509 0.38491
0.50452 0.49548
0.61227 0.38773
0.52140 0.47860
0.72580 0.27420
0.59206 0.40794
0.51350 0.48650
0.54517 0.45483
0.53964 0.46036
0.81556 0.18444
0.59514 0.40486
0.46833 0.53167
0.46675 0.53325
0.46938 0.53062
0.46560 0.53440
0.48875 0.51125
0.48212 0.51788
0.49135 0.50865
0.65529 0.34471
0.48247 0.51753
0.54483 0.45517
0.52134 0.47866
0.77594 0.22406
0.78828 0.21172
0.77585 0.22415
0.79184 0.20816
0.77956 0.22044
0.94119 0.05881
0.51166 0.48834
0.89438 0.10562
0.89438 0.10562
0.89438 0.10562
0.89206 0.10794
0.89206 0.10794
0.89206 0.10794
0.51475 0.48525
0.52258 0.47742
0.98533 0.01467
0.77927 0.22073
0.92948 0.07052
0.69486 0.30514
0.70536 0.29464
0.68921 0.31079
0.92948 0.07052
0.69486 0.30514
0.57569 0.42431
0.46563 0.53437
0.46244 0.53756
0.72033 0.27967
0.78109 0.21891
0.71245 0.28755
0.77026 0.22974
0.49701 0.50299
0.50608 0.49392
0.55826 0.44174
0.59443 0.40557
0.51607 0.48393
0.50326 0.49674
0.58412 0.41588
0.58493 0.41507
0.48496 0.51504
0.48496 0.51504
0.49612 0.50388
0.49612 0.50388
0.49038 0.50962
0.80969 0.19031
0.71428 0.28572
0.68025 0.31975
0.80132 0.19868
0.93637 0.06363
0.46989 0.53011
0.71173 0.28827
0.90165 0.09835
0.98578 0.01422
0.50190 0.49810
0.62456 0.37544
0.62456 0.37544
0.62456 0.37544
0.52699 0.47301
0.52699 0.47301
0.52699 0.47301
0.62456 0.37544
0.62456 0.37544
0.62456 0.37544
0.62456 0.37544
0.62456 0.37544
0.62456 0.37544
0.73241 0.26759
0.74505 0.25495
0.52891 0.47109
0.89304 0.10696
0.84477 0.15523
0.57137 0.42863
0.56806 0.43194
0.72009 0.27991
0.71701 0.28299
0.98766 0.01234
0.55059 0.44941
0.98766 0.01234
0.46643 0.53357
0.93911 0.06089
0.93140 0.06860
0.53218 0.46782
0.53231 0.46769
0.53216 0.46784
0.46983 0.53017
0.48723 0.51277
0.55015 0.44985
0.54346 0.45654
0.51858 0.48142
0.46640 0.53360
0.56173 0.43827
0.59283 0.40717
0.52455 0.47545
0.56800 0.43200
0.85379 0.14621
0.81989 0.18011
0.80948 0.19052
0.76427 0.23573
0.72004 0.27996
0.72469 0.27531
0.83109 0.16891
0.53726 0.46274
0.50420 0.49580
0.53940 0.46060
0.53940 0.46060
0.52393 0.47607
0.55957 0.44043
0.49936 0.50064
0.58271 0.41729
0.58271 0.41729
0.69148 0.30852
0.56699 0.43301
0.56086 0.43914
0.88906 0.11094
0.88890 0.11110
0.85957 0.14043
0.85941 0.14059
0.55155 0.44845
0.55155 0.44845
0.46229 0.53771
0.73749 0.26251
0.90072 0.09928
0.49290 0.50710
0.49588 0.50412
0.50513 0.49487
0.50214 0.49786
0.50513 0.49487
0.50214 0.49786
0.49503 0.50497
0.53983 0.46017
0.48962 0.51038
0.51423 0.48577
0.54423 0.45577
0.54523 0.45477
0.51016 0.48984
0.51016 0.48984
0.51749 0.48251
0.51728 0.48272
0.88150 0.11850
0.52440 0.47560
0.50009 0.49991
0.85741 0.14259
0.82179 0.17821
0.82179 0.17821
0.85800 0.14200
0.82242 0.17758
0.82242 0.17758
0.51353 0.48647
0.76833 0.23167
0.76215 0.23785
0.46465 0.53535
0.61133 0.38867
0.57839 0.42161
0.57839 0.42161
0.51530 0.48470
0.54149 0.45851
0.50729 0.49271
0.51756 0.48244
0.47923 0.52077
0.49817 0.50183
0.53088 0.46912
0.91565 0.08435
0.49301 0.50699
0.50981 0.49019
0.54681 0.45319
0.72293 0.27707
0.96783 0.03217
0.87511 0.12489
0.99245 0.00755
0.88168 0.11832
0.50349 0.49651
0.53573 0.46427
0.46933 0.53067
0.79429 0.20571
0.49686 0.50314
0.54275 0.45725
0.90983 0.09017
0.89677 0.10323
0.92035 0.07965
0.92035 0.07965
0.46609 0.53391
0.52663 0.47337
0.68701 0.31299
0.52922 0.47078
0.91507 0.08493
0.60863 0.39137
0.61104 0.38896
0.98945 0.01055
0.98883 0.01117
0.98911 0.01089
0.59951 0.40049
0.92293 0.07707
0.59839 0.40161
0.92249 0.07751
0.59644 0.40356
0.92174 0.07826
0.60207 0.39793
0.92390 0.07610
0.59894 0.40106
0.61950 0.38050
0.52793 0.47207
0.60580 0.39420
0.57553 0.42447
0.58745 0.41255
0.77446 0.22554
0.77465 0.22535
0.77297 0.22703
0.78880 0.21120
0.78862 0.21138
0.78700 0.21300
0.86704 0.13296
0.86684 0.13316
0.86684 0.13316
0.81328 0.18672
0.81305 0.18695
0.81305 0.18695
0.48479 0.51521
0.74489 0.25511
0.56628 0.43372
0.69979 0.30021
0.50389 0.49611
0.72336 0.27664
0.68547 0.31453
0.72008 0.27992
0.70528 0.29472
0.50521 0.49479
0.51508 0.48492
0.60242 0.39758
0.64680 0.35320
0.61302 0.38698
0.47096 0.52904
0.47451 0.52549
0.47191 0.52809
0.47096 0.52904
0.47451 0.52549
0.47191 0.52809
0.80848 0.19152
0.53992 0.46008
0.54167 0.45833
0.53759 0.46241
0.90425 0.09575
0.62198 0.37802
0.59315 0.40685
0.90043 0.09957
0.58784 0.41216
0.61037 0.38963
0.90058 0.09942
0.92622 0.07378
0.59099 0.40901
0.89949 0.10051
0.53362 0.46638
0.48429 0.51571
0.89904 0.10096
0.56982 0.43018
0.57153 0.42847
0.56735 0.43265
0.89904 0.10096
0.80424 0.19576
0.79609 0.20391
0.80424 0.19576
0.79785 0.20215
0.96864 0.03136
0.55913 0.44087
0.55591 0.44409
0.55913 0.44087
0.55540 0.44460
0.58363 0.41637
0.55728 0.44272
0.55402 0.44598
0.55728 0.44272
0.55350 0.44650
0.58181 0.41819
0.80424 0.19576
0.79609 0.20391
0.80424 0.19576
0.79785 0.20215
0.96864 0.03136
0.55460 0.44540
0.55127 0.44873
0.55460 0.44540
0.55073 0.44927
0.57916 0.42084
0.99210 0.00790
0.90896 0.09104
0.99104 0.00896
0.58106 0.41894
0.75946 0.24054
0.75890 0.24110
0.74311 0.25689
0.72211 0.27789
0.72211 0.27789
0.74311 0.25689
0.76065 0.23935
0.74492 0.25508
0.72386 0.27614
0.72386 0.27614
0.74492 0.25508
0.75753 0.24247
0.74198 0.25802
0.72072 0.27928
0.72072 0.27928
0.74198 0.25802
0.53035 0.46965
0.94855 0.05145
0.52383 0.47617
0.52383 0.47617
0.94855 0.05145
0.95261 0.04739
0.72956 0.27044
0.72908 0.27092
0.72908 0.27092
0.72956 0.27044
0.95318 0.04682
0.73158 0.26842
0.52691 0.47309
0.52691 0.47309
0.73158 0.26842
0.95318 0.04682
0.73158 0.26842
0.52691 0.47309
0.52691 0.47309
0.73158 0.26842
0.67603 0.32397
0.50776 0.49224
0.46655 0.53345
0.62323 0.37677
0.49894 0.50106
0.47069 0.52931
0.47215 0.52785
0.81196 0.18804
0.81058 0.18942
0.81414 0.18586
0.81761 0.18239
0.51936 0.48064
0.80689 0.19311
0.75693 0.24307
0.76192 0.23808
0.75584 0.24416
0.50299 0.49701
0.75323 0.24677
0.51564 0.48436
0.51520 0.48480
0.77673 0.22327
0.64399 0.35601
0.91215 0.08785
0.63812 0.36189
0.90970 0.09030
0.64399 0.35601
0.91215 0.08785
0.63812 0.36189
0.90970 0.09030
0.58544 0.41456
0.73248 0.26752
0.58544 0.41456
0.73248 0.26752
0.58046 0.41954
0.72807 0.27193
0.58655 0.41345
0.73248 0.26752
0.77646 0.22354
0.61276 0.38724
0.77646 0.22354
0.61276 0.38724
0.77127 0.22873
0.60650 0.39350
0.56854 0.43146
0.56680 0.43320
0.78975 0.21025
0.56854 0.43146
0.56680 0.43320
0.78975 0.21025
0.56434 0.43566
0.56259 0.43741
0.78644 0.21356
0.74246 0.25754
0.53249 0.46751
0.54698 0.45302
0.66242 0.33758
0.52630 0.47370
0.72144 0.27856
0.53248 0.46752
0.91777 0.08223
0.91627 0.08373
0.55610 0.44390
0.66086 0.33914
0.55186 0.44814
0.63275 0.36725
0.49558 0.50442
0.74700 0.25300
0.69800 0.30200
0.80577 0.19423
0.85382 0.14618
0.86241 0.13759
0.86853 0.13147
0.85408 0.14592
0.83106 0.16894
0.83789 0.16211
0.54497 0.45503
0.52913 0.47087
0.53328 0.46672
0.86327 0.13673
0.86327 0.13673
0.86327 0.13673
0.54994 0.45006
0.55503 0.44497
0.54994 0.45006
0.55503 0.44497
0.54994 0.45006
0.55503 0.44497
0.54994 0.45006
0.55503 0.44497
0.83011 0.16989
0.83798 0.16202
0.83011 0.16989
0.83798 0.16202
0.54994 0.45006
0.55503 0.44497
0.54994 0.45006
0.55503 0.44497
0.50917 0.49083
0.75374 0.24626
0.50917 0.49083
0.48989 0.51011
0.58347 0.41653
0.51326 0.48674
0.51660 0.48340
0.50598 0.49402
0.88820 0.11180
0.52300 0.47700
0.67034 0.32966
0.51310 0.48690
0.61171 0.38829
0.53537 0.46463
0.72080 0.27920
0.94880 0.05120
0.78229 0.21771
0.77178 0.22822
0.54882 0.45118
0.77178 0.22822
0.54882 0.45118
0.60490 0.39510
0.64026 0.35974
0.54978 0.45022
0.54385 0.45615
0.51805 0.48195
0.54471 0.45529
0.53877 0.46123
0.64308 0.35692
0.67881 0.32119
0.70771 0.29229
0.70771 0.29229
0.70771 0.29229
0.70771 0.29229
0.55300 0.44700
0.50923 0.49077
0.51391 0.48609
0.51055 0.48945
0.50250 0.49750
0.49924 0.50076
0.58625 0.41375
0.57284 0.42716
0.51188 0.48812
0.51802 0.48198
0.51337 0.48663
0.51588 0.48412
0.51211 0.48789
0.50899 0.49101
0.49393 0.50607
0.88552 0.11448
0.49730 0.50270
0.50311 0.49689
0.82866 0.17134
0.79573 0.20427
0.50542 0.49458
0.50306 0.49694
0.47156 0.52844
0.49767 0.50233
0.48328 0.51672
0.50145 0.49855
0.52040 0.47960
0.48635 0.51365
0.55133 0.44867
0.80568 0.19432
0.54043 0.45957
0.48974 0.51026
0.54664 0.45336
0.46904 0.53096
0.45472 0.54528
0.52128 0.47872
0.50151 0.49849
0.52128 0.47872
0.50151 0.49849
0.49232 0.50768
0.52302 0.47698
0.50948 0.49052
0.51566 0.48434
0.75366 0.24634
0.54156 0.45844
0.61510 0.38490
0.46574 0.53426
0.50898 0.49102
0.54241 0.45759
0.50898 0.49102
0.54241 0.45759
0.94510 0.05490
0.63989 0.36011
0.94537 0.05463
0.61270 0.38730
0.61331 0.38669
0.53907 0.46093
0.53835 0.46165
0.53907 0.46093
0.53835 0.46165
0.53907 0.46093
0.53907 0.46093
0.82141 0.17859
0.82189 0.17811
0.68959 0.31041
0.93110 0.06890
0.51622 0.48378
0.69615 0.30385
0.68778 0.31222
0.68952 0.31048
0.86215 0.13785
0.63431 0.36569
0.63314 0.36686
0.50678 0.49322
0.50630 0.49370
0.56354 0.43646
0.49721 0.50279
0.48010 0.51990
0.48429 0.51571
0.54505 0.45495
0.52199 0.47801
0.74496 0.25504
0.54377 0.45623
0.60920 0.39080
0.54303 0.45697
0.54303 0.45697
0.54303 0.45697
0.54194 0.45806
0.54194 0.45806
0.54194 0.45806
0.55364 0.44636
0.55364 0.44636
0.55364 0.44636
0.61528 0.38472
0.80997 0.19003
0.78293 0.21707
0.56447 0.43553
0.55388 0.44612
0.95748 0.04252
0.55353 0.44647
0.80866 0.19134
0.78081 0.21919
0.56092 0.43908
0.56095 0.43905
0.95991 0.04009
0.96717 0.03283
0.78922 0.21078
0.96266 0.03734
0.96654 0.03346
0.99578 0.00422
0.58297 0.41703
0.91451 0.08549
0.51440 0.48560
0.72040 0.27960
0.50663 0.49337
0.75393 0.24607
0.75549 0.24451
0.97096 0.02904
0.94551 0.05449
0.48052 0.51948
0.49100 0.50900
0.80994 0.19006
0.97492 0.02508
0.84076 0.15924
0.73548 0.26452
0.53776 0.46224
0.55661 0.44339
0.60312 0.39688
0.50662 0.49338
0.64136 0.35864
0.53946 0.46054
0.53951 0.46049
0.57729 0.42271
0.57347 0.42653
0.57509 0.42491
0.56533 0.43467
0.56663 0.43337
0.56533 0.43467
0.56663 0.43337
0.55448 0.44552
0.99020 0.00980
0.57963 0.42037
0.98992 0.01008
0.55323 0.44677
0.55342 0.44658
0.55342 0.44658
0.53900 0.46100
0.52062 0.47938
0.49626 0.50374
0.48957 0.51043
0.64733 0.35267
0.53590 0.46410
0.52134 0.47866
0.52141 0.47859
0.49488 0.50512
0.52405 0.47595
0.52531 0.47469
0.59654 0.40346
0.84542 0.15458
0.56041 0.43959
0.55719 0.44281
0.58193 0.41807
0.69119 0.30881
0.51306 0.48694
0.56490 0.43510
0.51306 0.48694
0.56534 0.43466
0.49310 0.50690
0.51103 0.48897
0.76022 0.23978
0.51103 0.48897
0.51103 0.48897
0.75859 0.24141
0.51103 0.48897
0.49788 0.50212
0.64533 0.35467
0.54227 0.45773
0.52430 0.47570
0.54088 0.45912
0.54285 0.45715
0.54227 0.45773
0.52430 0.47570
0.54088 0.45912
0.54285 0.45715
0.48334 0.51666
0.85300 0.14700
0.85122 0.14878
0.47797 0.52203
0.62293 0.37707
0.61101 0.38899
0.55488 0.44512
0.55488 0.44512
0.55615 0.44385
0.61984 0.38016
0.76074 0.23926
0.74942 0.25058
0.50348 0.49652
0.72654 0.27346
0.75512 0.24488
0.57341 0.42659
0.89300 0.10700
0.89300 0.10700
0.99342 0.00658
0.89250 0.10750
0.89250 0.10750
0.57325 0.42675
0.89258 0.10742
0.88959 0.11041
0.58029 0.41971
0.58248 0.41752
0.58248 0.41752
0.57249 0.42751
0.57476 0.42524
0.57476 0.42524
0.96274 0.03726
0.57460 0.42540
0.57460 0.42540
0.69417 0.30583
0.55506 0.44494
0.56011 0.43989
0.69878 0.30122
0.51976 0.48024
0.52206 0.47794
0.48980 0.51020
0.49022 0.50978
0.55145 0.44855
0.58478 0.41522
0.94895 0.05105
0.78009 0.21991
0.89168 0.10832
0.53810 0.46190
0.54087 0.45913
0.77945 0.22055
0.53769 0.46231
0.54763 0.45237
0.76520 0.23480
0.92250 0.07750
0.72043 0.27957
0.70382 0.29618
0.55499 0.44501
0.55487 0.44513
0.61702 0.38298
0.53720 0.46280
0.59058 0.40942
0.83143 0.16857
0.59058 0.40942
0.82572 0.17428
0.82572 0.17428
0.82572 0.17428
0.54007 0.45993
0.81168 0.18832
0.81889 0.18111
0.81889 0.18111
0.50080 0.49920
0.50634 0.49366
0.46791 0.53209
0.47008 0.52992
0.62341 0.37659
0.51623 0.48377
0.65716 0.34284
0.83579 0.16421
0.83130 0.16870
0.83130 0.16870
0.71718 0.28282
0.48334 0.51666
0.47787 0.52213
0.58089 0.41911
0.97734 0.02266
0.49763 0.50237
0.46592 0.53408
0.82299 0.17701
0.56171 0.43829
0.95975 0.04025
0.77862 0.22138
0.81897 0.18103
0.97184 0.02816
0.84352 0.15648
0.51822 0.48178
0.69237 0.30763
0.49849 0.50151
0.86780 0.13220
0.99117 0.00883
0.86780 0.13220
0.99117 0.00883
0.97203 0.02797
0.55152 0.44848
0.79685 0.20315
0.82637 0.17363
0.83115 0.16885
0.62545 0.37455
0.64916 0.35084
0.65623 0.34377
0.61388 0.38612
0.63801 0.36199
0.64507 0.35493
0.65157 0.34843
0.50523 0.49477
0.95126 0.04874
0.58332 0.41668
0.74996 0.25004
0.53237 0.46763
0.52242 0.47758
0.53237 0.46763
0.52242 0.47758
0.52284 0.47716
0.51749 0.48251
0.51672 0.48328
0.78007 0.21993
0.66256 0.33744
0.54243 0.45757
0.78007 0.21993
0.66256 0.33744
0.54243 0.45757
0.68222 0.31778
0.52837 0.47163
0.50679 0.49321
0.57021 0.42979
0.50679 0.49321
0.57021 0.42979
0.94209 0.05791
0.69030 0.30970
0.54673 0.45327
0.56081 0.43919
0.54911 0.45089
0.47085 0.52915
0.79317 0.20683
0.80835 0.19165
0.54414 0.45586
0.59100 0.40900
0.86602 0.13398
0.79530 0.20470
0.54166 0.45834
0.65034 0.34966
0.85880 0.14120
0.50394 0.49606
0.48896 0.51104
0.86571 0.13429
0.91420 0.08580
0.80172 0.19828
0.76253 0.23747
0.53078 0.46922
0.76253 0.23747
0.76253 0.23747
0.51157 0.48843
0.77420 0.22580
0.82414 0.17586
0.77420 0.22580
0.77354 0.22646
0.72284 0.27716
0.56591 0.43409
0.64594 0.35406
0.61338 0.38662
0.47794 0.52206
0.57343 0.42657
0.76139 0.23861
0.75820 0.24180
0.50049 0.49951
0.66106 0.33894
0.63760 0.36240
0.67175 0.32825
0.78957 0.21043
0.90954 0.09046
0.72691 0.27309
0.74772 0.25228
0.54024 0.45976
0.73998 0.26002
0.54024 0.45976
0.73998 0.26002
0.99169 0.00831
0.53214 0.46786
0.78194 0.21806
0.57335 0.42665
0.57583 0.42417
0.82448 0.17552
0.98774 0.01226
0.67725 0.32275
0.97882 0.02118
0.79215 0.20785
0.53754 0.46246
0.52366 0.47634
0.54347 0.45653
0.91223 0.08777
0.57857 0.42143
0.81041 0.18959
0.71845 0.28155
0.52229 0.47771
0.56282 0.43718
0.47093 0.52907
0.81884 0.18116
0.82373 0.17627
0.51358 0.48642
0.79665 0.20335
0.82514 0.17486
0.78596 0.21404
0.53783 0.46217
0.58833 0.41167
0.63942 0.36058
0.49581 0.50419
0.57536 0.42464
0.99154 0.00846
0.87122 0.12878
0.98996 0.01004
0.86566 0.13434
0.55673 0.44327
0.89423 0.10577
0.89193 0.10807
0.57702 0.42298
0.99313 0.00687
0.99214 0.00786
0.99413 0.00587
0.99214 0.00786
0.99413 0.00587
0.99325 0.00675
0.58390 0.41610
0.54532 0.45468
0.83816 0.16184
0.54523 0.45477
0.86437 0.13563
0.53895 0.46105
0.73275 0.26725
0.52849 0.47151
0.66915 0.33085
0.84757 0.15243
0.86757 0.13243
0.53517 0.46483
0.86355 0.13645
0.99395 0.00605
0.56359 0.43641
0.75525 0.24475
0.78058 0.21942
0.75525 0.24475
0.77121 0.22879
0.51671 0.48329
0.46959 0.53041
0.47040 0.52960
0.52364 0.47636
0.94172 0.05828
0.46776 0.53224
0.46874 0.53126
0.53746 0.46254
0.52387 0.47613
0.61338 0.38662
0.59894 0.40106
0.87280 0.12720
0.59885 0.40115
0.58698 0.41302
0.58930 0.41070
0.49879 0.50121
0.54738 0.45262
0.53132 0.46868
0.49628 0.50372
0.54140 0.45860
0.52189 0.47811
0.67522 0.32478
0.52920 0.47080
0.84209 0.15791
0.98347 0.01653
0.83389 0.16611
0.82828 0.17172
0.80852 0.19148
0.52767 0.47233
0.49548 0.50452
0.54458 0.45542
0.54437 0.45563
0.46879 0.53121
0.55901 0.44099
0.56925 0.43075
0.51145 0.48855
0.83546 0.16454
0.80779 0.19221
0.93165 0.06835
0.54113 0.45887
0.78435 0.21565
0.45706 0.54294
0.50997 0.49003
0.51070 0.48930
0.50997 0.49003
0.51070 0.48930
0.57492 0.42508
0.57492 0.42508
0.86260 0.13740
0.98613 0.01387
0.83461 0.16539
0.57492 0.42508
0.57492 0.42508
0.57492 0.42508
0.86260 0.13740
0.98613 0.01387
0.83461 0.16539
0.57492 0.42508
0.55719 0.44281
0.88535 0.11465
0.91497 0.08503
0.55719 0.44281
0.55719 0.44281
0.88535 0.11465
0.91497 0.08503
0.55719 0.44281
0.79674 0.20326
0.54487 0.45513
0.55309 0.44691
0.79187 0.20813
0.77298 0.22702
0.51199 0.48801
0.51804 0.48196
0.48811 0.51189
0.52999 0.47001
0.82464 0.17536
0.83428 0.16572
0.77081 0.22919
0.55806 0.44194
0.55066 0.44934
0.54905 0.45095
0.84661 0.15339
0.54905 0.45095
0.55042 0.44958
0.84661 0.15339
0.54459 0.45541
0.54459 0.45541
0.79945 0.20055
0.53873 0.46127
0.69123 0.30877
0.68371 0.31629
0.64563 0.35437
0.64678 0.35322
0.81712 0.18288
0.45971 0.54029
0.48213 0.51787
0.52576 0.47424
0.47953 0.52047
0.46479 0.53521
0.74791 0.25209
0.74553 0.25447
0.88604 0.11396
0.88022 0.11978
0.79248 0.20752
0.95913 0.04087
0.95936 0.04064
0.95716 0.04284
0.83013 0.16987
0.79955 0.20045
0.53822 0.46178
0.52543 0.47457
0.81509 0.18491
0.81509 0.18491
0.80598 0.19402
0.80598 0.19402
0.62666 0.37334
0.60939 0.39061
0.62843 0.37157
0.55157 0.44843
0.53684 0.46316
0.68402 0.31598
0.68604 0.31396
0.58015 0.41985
0.59304 0.40696
0.59113 0.40887
0.46030 0.53970
0.50715 0.49285
0.49292 0.50708
0.96520 0.03480
0.54722 0.45278
0.51613 0.48387
0.51135 0.48865
0.48636 0.51364
0.50360 0.49640
0.48525 0.51475
0.71328 0.28672
0.70052 0.29948
0.69425 0.30575
0.50636 0.49364
0.53508 0.46492
0.50686 0.49314
0.57651 0.42349
0.90807 0.09193
0.91395 0.08605
0.58648 0.41352
0.86833 0.13167
0.50662 0.49338
0.68530 0.31470
0.77592 0.22408
0.53395 0.46605
0.58967 0.41033
0.89198 0.10802
0.75754 0.24246
0.58191 0.41809
0.88990 0.11010
0.47126 0.52874
0.49561 0.50439
0.61534 0.38466
0.99566 0.00434
0.99748 0.00252
0.92889 0.07111
0.92743 0.07257
0.95298 0.04702
0.70136 0.29864
0.49674 0.50326
0.52260 0.47740
0.51684 0.48316
0.87217 0.12783
0.50624 0.49376
0.76352 0.23648
0.78840 0.21160
0.50034 0.49966
0.50748 0.49252
0.68572 0.31428
0.70929 0.29071
0.89392 0.10608
0.59411 0.40589
0.66018 0.33982
0.52404 0.47596
0.48263 0.51737
0.88745 0.11255
0.56294 0.43706
0.67734 0.32266
0.47343 0.52657
0.46468 0.53532
0.82399 0.17601
0.53414 0.46586
0.54065 0.45935
0.57591 0.42409
0.46739 0.53261
0.46598 0.53402
0.50511 0.49489
0.52886 0.47114
0.85950 0.14050
0.80230 0.19770
0.84751 0.15249
0.87581 0.12419
0.85010 0.14990
